-961
-1078
-1054
-1192
-776
-708
-509
-403
-375
-192
-1056
-1267
-1640
-1930
-1413
-991
-1023
-898
-460
-157
-558
-803
-509
-489
-510
-603
-385
-764
-778
-923
-447
-85
-288
-517
-964
-936
-995
-1238
-980
-743
-1009
-1293
-1404
-1723
-1098
-956
-1004
-912
-431
-843
-1236
-967
-499
-366
-979
-832
-732
-20
26
-234
-141
-27
-125
-589
-596
-671
-664
-457
-64
-206
-560
-846
-920
-245
-435
-116
-88
278
692
550
420
205
153
-313
-546
32
212
159
133
-82
-48
-122
-168
-118
-45
-168
-251
-150
300
412
80
-306
-698
-371
-112
-668
-1048
-638
-113
-83
-390
-829
-972
-903
-994
-923
-576
-330
-424
-207
-207
-135
-84
-17
93
-62
-297
-210
7
59
-63
-846
-728
-236
-205
-30
-74
666
951
1135
852
857
1194
1266
1406
1009
924
1089
1330
1594
1568
1617
1820
1987
2258
2289
1831
2020
1664
1657
1657
1740
2114
1910
2072
1881
1979
2367
2463
2383
2913
2728
2531
2433
2762
3172
3342
3465
3783
3714
3742
3525
2991
3127
2996
2952
2737
2630
2931
2805
2735
2532
2479
2713
2679
2498
2395
2558
2473
2459
2390
2323
1694
1427
1673
1738
1996
1667
1850
1876
1281
972
871
353
331
457
122
28
-20
-744
-984
-896
-739
-904
-943
-1270
-1415
-1049
-1108
-1264
-959
-877
-1282
-1144
-1238
-874
-854
-799
-958
-1254
-1673
-2277
-1927
-1864
-2211
-2270
-2237
-1894
-1786
-2094
-1899
-1767
-1790
-1587
-1872
-1701
-1135
-889
-440
-224
-416
-642
-798
-990
-941
-1294
-1252
-1166
-639
-340
-497
-107
-518
-527
-680
-950
-1040
-1542
-1620
-1903
-1734
-1724
-2345
-2162
-2224
-2639
-2294
-2401
-2431
-2515
-2782
-3469
-3398
-3480
-3459
-3384
-3626
-2935
-3102
-2916
-3138
-3086
-2673
-2769
-2621
-2964
-3158
-3032
-2950
-2841
-2701
-2853
-2726
-2568
-2507
-2394
-2509
-2361
-2316
-2113
-2530
-2712
-2593
-2585
-2380
-2152
-1830
-1549
-1565
-1186
-1304
-1182
-982
-1555
-1112
-1116
-1120
-954
-948
-759
-571
-623
-587
-644
-726
-750
-856
-835
-814
-1062
-1280
-936
-994
-873
-1115
-795
-685
-674
-861
-1115
-772
-817
-829
-882
-1045
-1074
-1262
-1186
-1182
-977
-828
-1182
-1332
-1417
-1558
-1483
-1283
-1225
-848
-617
-476
-445
-123
187
589
726
355
251
-96
-96
-87
-286
-398
-628
-1099
-705
-921
-554
-173
-476
-460
-791
-516
-563
-658
-797
-480
-223
126
71
-146
-320
-264
-95
-161
-638
-651
-644
-521
-319
-128
355
265
408
321
361
668
835
1153
865
898
732
762
757
600
447
429
554
571
993
1286
1618
1506
1380
1586
1485
1269
920
942
871
942
1005
966
1359
1067
812
739
692
904
996
901
893
926
1210
1160
1035
802
1057
1344
1357
1684
1884
1707
1810
1838
1737
2163
1786
1743
1890
1784
2063
1767
2028
1987
1852
1965
1832
2056
1962
2270
2110
1979
1981
1936
1849
1786
1835
1697
2171
2151
2315
2117
2229
2583
2853
2962
2350
2595
2600
2881
2935
2667
2656
2656
2639
2233
2106
2056
1887
2075
2317
2189
2338
2542
1903
1512
1663
1911
1808
1941
1779
1553
1392
1380
1793
1737
1405
1043
1021
1291
940
862
838
1150
817
448
437
270
153
-370
-319
-280
-151
-628
-1204
-1266
-815
-406
-479
-714
-789
-712
-644
-716
-947
-933
-939
-1052
-1408
-1326
-1148
-1043
-1192
-1516
-1434
-1179
-780
-748
-1304
-1916
-2140
-2111
-2003
-2051
-2401
-2198
-1938
-1780
-2083
-1941
-1718
-1869
-1873
-1618
-1989
-2682
-2463
-2324
-2484
-2767
-2824
-2349
-2117
-2103
-2640
-2534
-1952
-2146
-1761
-1825
-2074
-2126
-2131
-2110
-2266
-2300
-2563
-2390
-2025
-1941
-2260
-2390
-2564
-2456
-2521
-2274
-2064
-1829
-1700
-1698
-1425
-1798
-1722
-1278
-1349
-1289
-1516
-1714
-1701
-1509
-1739
-1788
-1530
-1403
-793
-393
-433
-535
-102
-17
89
74
76
288
463
236
27
128
-101
168
311
-39
-555
-833
-1036
-920
-1035
-1085
-915
-864
-966
-1154
-981
-838
-912
-1161
-714
-731
-493
-911
-791
-234
-174
-652
-941
-705
-59
20
-15
76
85
366
223
-57
-41
292
503
970
1420
1506
1035
946
796
1057
866
722
918
842
905
885
1017
1149
1198
1224
1153
1134
1277
970
641
755
774
514
577
975
791
1115
1498
1834
1909
1857
1886
1579
1853
1957
1373
1704
1497
1505
1460
1460
1735
1941
1910
1598
1266
1169
1432
1642
1398
1011
887
816
1326
1504
1403
1246
1141
1746
1640
1168
1455
1408
1881
1873
1781
1589
1239
1105
1164
1225
1075
1368
1037
1265
1949
2024
1590
1448
1189
830
832
665
617
483
408
266
332
383
566
648
420
99
270
-210
-83
69
-295
-107
-317
-312
-486
-550
-138
204
738
1160
1487
1211
1274
1128
1455
1240
1013
905
319
770
1051
967
744
350
196
466
861
608
469
612
892
848
792
983
1276
1679
1438
1548
1488
1760
2300
2685
2961
2690
2426
2325
2461
2170
1863
1908
2108
1900
1861
1624
1333
1684
1757
1415
1278
1465
1232
1097
425
249
334
539
618
517
225
579
587
514
547
421
182
64
430
442
220
-244
-270
-381
-182
-376
-539
-654
-149
-145
-296
-546
-750
-461
-232
-168
-24
162
673
942
572
364
284
462
413
-76
-172
-121
417
509
321
585
449
772
1079
762
589
771
843
751
773
1001
755
455
451
283
667
898
535
589
288
-295
-61
175
-148
-421
-632
-681
-655
-662
-1031
-1044
-1427
-1382
-1359
-1951
-2034
-2224
-2368
-2925
-2712
-2658
-2837
-2636
-2395
-2120
-1782
-1790
-1444
-1256
-1418
-1653
-1532
-2076
-2033
-2102
-2690
-2679
-2378
-2088
-2285
-2285
-2679
-2384
-2159
-2211
-2287
-2674
-2430
-2295
-2108
-2269
-2043
-2199
-1955
-1815
-1957
-1977
-2017
-1777
-1521
-1664
-1396
-1024
-1111
-1023
-945
-633
-427
-390
-115
1
-275
-442
-497
-43
139
450
130
67
18
504
1022
1022
1412
1557
1516
1614
2177
2368
2049
1644
1847
2027
2327
2707
2157
2323
2496
2191
2125
1450
686
630
731
327
17
-167
-238
-399
-717
-773
-897
-870
-856
-1113
-1212
-1546
-1420
-1054
-1084
-876
-1174
-1197
-1214
-1344
-1215
-1123
-919
-860
-975
-817
-1111
-787
-450
-398
-105
-447
-103
321
979
1020
1044
1139
1648
2173
2477
2560
2989
2996
2874
2921
3432
3973
4139
4057
3944
3734
3924
4136
4100
4431
4435
4199
4518
4436
4068
4006
3506
3629
3523
3277
2832
2661
2600
2805
2884
2602
2562
2850
2883
3042
3018
2761
2630
2150
1641
1644
1640
1247
416
248
8
-791
-1230
-1892
-2608
-3083
-3909
-4620
-4976
-5067
-5966
-6240
-6113
-6363
-6259
-6375
-6715
-6952
-6830
-6784
-6513
-6112
-5929
-5756
-5444
-4870
-4442
-4356
-4190
-3456
-2710
-2121
-1667
-1203
-184
632
949
1213
2030
2809
2468
3186
3330
3152
2711
2412
2132
2034
1705
1026
1240
1169
1283
869
1185
1415
1667
1493
983
885
712
328
228
213
-140
232
350
714
1152
1406
1492
2080
2648
3653
4253
4520
4661
4782
4675
4323
4240
3717
3130
3106
2483
1232
933
524
-131
-78
-458
-1330
-1785
-1884
-2024
-1703
-1938
-2265
-2078
-1696
-1829
-2184
-2522
-2430
-2352
-2549
-2697
-2107
-1761
-1697
-839
-573
-454
-31
79
248
591
461
405
671
203
-209
64
86
26
436
532
-15
175
80
-170
-141
-232
-302
-62
-236
-17
-81
-294
-359
-347
-616
-900
-1094
-1321
-1493
-1513
-1574
-1544
-1135
-1267
-1860
-2037
-2854
-3067
-3528
-4558
-4817
-4861
-5748
-5978
-5882
-5901
-5684
-5460
-4926
-4870
-4377
-4773
-4172
-3707
-3493
-3121
-2605
-2925
-2270
-2423
-2536
-2417
-2205
-2389
-2647
-2840
-2642
-2355
-1885
-2284
-2178
-1250
-1299
-1241
-655
-374
-197
258
141
659
1154
1028
1384
1795
2065
2576
2837
2660
3032
3922
3741
4055
4679
4981
5099
5280
5217
5512
5764
5369
5182
4890
4688
4458
4054
3560
3257
3010
2559
2663
2862
2294
2114
2033
1559
1215
938
308
-160
-173
-1161
-1321
-1848
-3091
-3605
-4379
-5147
-5745
-5647
-6457
-6573
-6915
-7657
-7763
-7714
-7894
-7896
-7564
-8011
-7874
-7501
-7850
-8151
-8406
-8851
-8578
-7820
-6910
-6647
-5338
-4664
-3333
-2012
-1494
561
2130
2977
3451
4957
5969
6705
6970
7216
7451
7322
6938
7766
7746
7196
6668
6740
6811
5790
5254
5139
5372
4711
4211
4168
4309
3504
2886
2332
1864
1756
1295
1157
1546
1382
1041
2145
3115
3440
3926
4625
5216
5612
6076
6756
6921
6375
5848
5537
5579
4955
3969
3364
2935
1909
964
858
745
248
-294
-757
-1152
-2229
-3028
-3213
-2844
-3520
-3987
-4319
-3643
-3491
-3988
-4283
-3942
-3312
-2874
-2463
-1548
-818
-809
-63
689
42
-244
-67
196
-7
-513
-540
-1269
-1275
-1563
-1458
-1702
-1130
-1534
-1177
-1497
-1524
-1500
-1322
-1050
-825
-938
-1141
-923
-772
-602
-856
-914
-1142
-455
-12
-199
719
1073
1079
1420
1202
724
-188
-740
-1121
-1214
-1852
-2166
-2591
-2682
-3557
-3191
-2940
-2474
-2652
-2274
-1930
-1508
-1309
-894
186
553
446
972
1145
1092
1461
1749
1704
1806
2342
2123
2664
2511
2331
2212
2600
2305
2825
2952
3207
2800
2222
1958
2265
2364
2031
1197
973
1007
1469
1240
1144
1270
1080
937
1155
1284
1093
1072
338
140
-275
-806
-1226
-1679
-2215
-2701
-3155
-3778
-4377
-4578
-4946
-5289
-5426
-5761
-5987
-5540
-5530
-4873
-4784
-4594
-4890
-4849
-5219
-5466
-5223
-5481
-4970
-4853
-4956
-4950
-4721
-4511
-3942
-3197
-3064
-2830
-2896
-2566
-2229
-2258
-1254
-845
-421
-97
2068
2692
3466
3812
5519
5693
5491
6292
7709
7295
6423
6334
6634
6516
5466
6043
5635
5457
4756
5491
5602
5198
4729
4385
4695
4558
3448
3374
4172
4317
3658
3663
4365
5097
4649
4944
6097
6624
6448
6234
8066
8142
7325
7363
8544
8441
7634
6920
6827
6702
5179
4300
4331
3733
1933
1621
1202
315
-1715
-2834
-2871
-3482
-5127
-7005
-6642
-6971
-8258
-9073
-9421
-9757
-10743
-11669
-11749
-10591
-11344
-11851
-11528
-10753
-11213
-11465
-11523
-11477
-12270
-12322
-12607
-11937
-11904
-11804
-10715
-9427
-8049
-6485
-4270
-2438
442
1169
2952
3821
5728
6177
7339
7530
8633
8919
8882
8539
9135
9341
8981
9225
9127
8907
8090
7812
7597
7127
5352
4065
3173
2469
556
-869
-1912
-2375
-3579
-4014
-3719
-2986
-2952
-2568
-707
344
946
2448
3983
5725
6650
6649
7434
7286
6904
6220
6264
5925
4790
4481
4637
4885
4995
5004
5943
6413
7340
6364
6632
6097
5814
3923
2758
1707
267
-1171
-1746
-2349
-2977
-3177
-3054
-2033
-1384
-1233
-929
-846
-773
-1162
-1540
-1776
-2529
-3292
-4583
-4998
-5559
-6485
-7361
-7218
-6874
-6944
-7282
-6464
-5656
-5439
-5782
-5409
-4926
-5067
-5487
-5824
-5840
-6406
-7149
-7532
-7370
-7693
-7865
-7966
-7567
-6947
-7160
-6432
-6043
-5922
-6095
-5679
-5666
-4723
-5051
-4394
-3537
-2738
-2144
-1089
131
1532
2351
3979
5509
6963
7507
8152
9137
9659
10199
9784
9585
8934
9279
9182
9324
8716
8532
8150
8019
7223
6152
4824
3950
3296
2358
1513
961
112
-714
-1062
-955
-522
-538
-182
881
1671
2179
3835
5374
6394
6606
7274
7709
8465
8473
8460
8466
7836
7144
6578
6199
6050
4987
4727
4195
4067
2682
2683
2207
1316
181
-991
-2075
-2960
-4671
-6245
-7831
-9130
-10675
-11453
-11935
-12476
-12808
-13009
-12934
-12898
-12713
-13047
-12269
-12378
-12266
-12782
-12993
-14076
-15417
-16166
-16922
-17581
-18392
-18987
-19005
-17497
-15827
-14221
-12946
-9794
-5836
-3791
-1448
2971
7184
8793
10134
13014
15514
15192
14596
16168
17129
15726
14324
15187
16494
15894
14767
15640
15824
13879
12147
11219
10988
8360
5110
3047
1018
-1747
-5280
-6872
-7459
-8551
-10435
-10010
-7787
-6451
-6246
-4354
1
2064
3204
5166
8527
10511
10502
10985
12705
13042
12023
11646
13503
13710
12579
12825
14491
15425
13945
13759
14066
14322
11792
10252
9231
8177
5141
2657
900
-243
-1866
-3321
-3444
-3203
-3885
-4425
-3054
-1649
-1324
-1079
-661
201
-256
-1769
-2583
-2501
-3875
-6221
-7166
-7584
-9144
-10608
-11115
-11683
-12337
-14500
-14691
-14087
-14562
-15686
-16253
-15660
-16311
-17506
-18628
-19390
-19955
-21296
-21467
-19666
-17588
-16710
-14028
-10724
-5063
-1653
2309
6922
12333
13808
14206
16745
18369
17300
14563
14141
13774
12805
9314
8972
9646
9723
7975
7929
9172
8474
6674
5471
4795
2218
-2539
-5944
-7667
-10109
-13709
-15767
-15562
-14639
-14416
-13324
-10095
-6872
-4329
-800
4632
8426
10461
12574
16529
18967
18818
18616
19405
19956
18813
18456
18663
18975
17602
16850
17637
18094
16980
14978
14738
13395
10509
6777
4481
1901
-1592
-5718
-6991
-8276
-10477
-11994
-11686
-11012
-10497
-10623
-9135
-7332
-7092
-8051
-8034
-7535
-8090
-9684
-10740
-11539
-12213
-14194
-15341
-15079
-15773
-16522
-17198
-16461
-16191
-16340
-16768
-16711
-17478
-19337
-20749
-22586
-24139
-26609
-27053
-23892
-21954
-21927
-20765
-12364
-7588
-4093
-487
9386
14551
14926
16276
21918
25827
21755
20992
22101
24931
19369
18376
19653
22035
18497
17060
18927
20155
16876
13315
13677
12315
6565
-43
-2134
-3826
-9716
-15246
-16012
-14651
-16723
-18752
-15247
-10139
-7632
-6422
477
7041
10408
10955
15679
20511
20863
18953
20795
23153
21307
19065
18859
20829
18632
16917
17747
19130
18125
15844
14886
14243
12091
6995
3983
1979
-705
-5256
-8526
-9764
-11373
-13103
-14362
-12485
-11371
-11379
-10401
-7241
-5713
-5887
-5895
-4640
-4283
-5834
-7130
-7475
-8145
-10584
-11958
-11930
-11836
-13064
-14118
-14050
-13309
-13499
-15009
-15901
-15254
-16914
-18793
-19852
-20140
-21156
-23427
-24761
-24195
-19796
-20582
-17743
-15561
-6078
-5198
-510
3098
12291
13881
14363
15934
20570
21500
17281
17969
17556
18475
12881
13765
13556
14433
10880
11765
12192
12423
8265
5546
4641
3035
-2186
-5963
-7678
-8676
-14001
-16439
-15369
-13489
-14665
-13661
-8616
-4659
-2376
-550
6291
11040
13444
14156
18513
20799
20504
20060
21845
23273
22041
20917
22558
23345
21945
21162
22712
23451
22059
19728
19313
18436
15089
11108
8388
6136
1634
-2291
-4317
-4958
-7134
-8969
-8170
-6278
-5992
-6619
-5234
-3347
-3251
-4506
-4552
-4579
-6456
-8796
-9384
-9165
-10841
-12968
-13769
-13202
-14124
-15238
-15275
-14709
-15315
-16354
-17313
-17889
-19186
-20991
-23721
-25611
-28241
-29571
-32018
-31053
-29838
-27795
-27083
-22697
-14963
-10724
-6173
-1416
7779
10214
12873
13803
19825
18407
18024
16325
19198
17566
14972
15427
17547
18973
17799
19561
20651
21784
18438
16689
15262
13011
6673
604
-3111
-6828
-12941
-17311
-18256
-17537
-19384
-18667
-14793
-9323
-7762
-3829
2168
7696
9256
10907
14568
17114
17078
15360
17469
17707
16627
16324
18467
19845
19353
19485
21097
22679
21726
20272
19188
17619
14428
9656
6632
2942
-1282
-6113
-8843
-10869
-12618
-14231
-13633
-12049
-11656
-11090
-9837
-7291
-7068
-7147
-7742
-7675
-8989
-10581
-10933
-11506
-13150
-14864
-14290
-14145
-14093
-14730
-14247
-13539
-13838
-14508
-15549
-16000
-17524
-19373
-21963
-23800
-25904
-28791
-31025
-32623
-30957
-28556
-26867
-25130
-19192
-11642
-7118
-2165
4644
13019
15594
18564
20725
25341
23561
21786
20728
22141
19938
16731
17658
18724
18941
17180
18448
19597
18987
14977
13269
12047
8102
1453
-4335
-7056
-11356
-17635
-21158
-21227
-21239
-23014
-21324
-16348
-11985
-10012
-4757
2241
7541
9860
13097
17962
20648
20503
20360
22835
22920
21077
20313
22340
22958
22250
21746
22877
23298
21610
20312
19239
17683
13616
9383
6089
3380
-1522
-6052
-8715
-10262
-12960
-14737
-14848
-13663
-13455
-12792
-10709
-8972
-8453
-8116
-7852
-7455
-8003
-8863
-9141
-8805
-9995
-10932
-11058
-10781
-11410
-11758
-12159
-11742
-12100
-12930
-13645
-14147
-15436
-17645
-19532
-21373
-23800
-27270
-29685
-31010
-27850
-27797
-26500
-25312
-15901
-12327
-7561
-3124
7695
13156
14714
17124
22484
26210
22014
22305
21819
24033
17839
18186
18097
20660
16676
16895
18293
19839
16726
13144
12091
10675
4801
-2188
-6145
-8931
-15402
-21579
-23168
-22597
-25240
-26623
-22100
-16702
-14452
-12025
-4314
2934
6596
8311
14419
18908
20710
20328
23782
25902
24901
23656
25650
27318
25935
24630
25884
26832
25045
22100
21213
19582
15676
10596
7216
3981
-713
-6116
-9011
-11129
-14369
-17446
-18213
-16343
-15849
-16382
-14754
-11548
-10562
-10466
-9345
-7505
-7383
-8117
-7949
-6739
-7078
-8352
-7950
-6971
-7696
-8488
-8424
-8395
-9121
-10365
-11547
-12402
-13177
-15390
-17433
-19694
-21378
-23889
-27016
-29425
-30786
-28347
-27286
-25356
-24576
-15740
-10134
-5637
-1712
8303
16244
18407
20419
24847
30881
27162
26088
25160
28219
22580
20700
20552
22023
18491
16346
17834
18452
15514
10217
8470
7054
1903
-6444
-10871
-12896
-18608
-24828
-26978
-25579
-26605
-28389
-24380
-17983
-14463
-12654
-5068
3113
7646
9116
14595
20545
22911
22231
24640
27805
27809
26487
27199
28995
27963
26181
25605
26426
25407
21525
18960
17064
14201
8497
3843
629
-2399
-8144
-12194
-13109
-14006
-16428
-17613
-15401
-14324
-14292
-13806
-10238
-8491
-8499
-8603
-6110
-5284
-6033
-6480
-5512
-5673
-6692
-6990
-6557
-6740
-7766
-8821
-9202
-9827
-11293
-13583
-15109
-16477
-18754
-21805
-23183
-24574
-27516
-30547
-32768
-30142
-29179
-28083
-28158
-20590
-14165
-10066
-6141
2136
11202
12942
15616
19590
26660
23596
23714
22213
26207
21778
19871
19899
22653
20047
17486
19227
20562
18871
13982
12398
11379
7604
-60
-4584
-6432
-11523
-18468
-21586
-20746
-22035
-25300
-23230
-17708
-13887
-13264
-7320
458
6011
7059
12280
18114
21600
20630
22705
26155
26920
25186
25335
27898
27459
25325
24415
25674
24714
21285
19159
18456
16056
10816
5961
3426
489
-5575
-10286
-11997
-13379
-16531
-18930
-17276
-15557
-16362
-16627
-13359
-11011
-10762
-10626
-7861
-6348
-6740
-6944
-5176
-4277
-5970
-6497
-5111
-4651
-5816
-6540
-6213
-6100
-7299
-8550
-9115
-10275
-12060
-14407
-16202
-17831
-20309
-23268
-26157
-27737
-30299
-28648
-26608
-24195
-24652
-17548
-11038
-6562
-2807
5084
13975
15650
17780
20982
27712
24368
23918
22596
25576
20799
19000
18485
20566
18060
15929
17022
17698
15791
11427
9627
7603
3133
-4644
-9184
-11273
-16034
-22431
-25081
-24188
-25169
-27324
-24411
-19266
-15504
-14319
-7732
-510
4731
6157
11373
16756
20002
20000
21884
24907
24956
23811
23873
26082
25774
24275
23668
24761
23803
20178
17755
16334
14013
8159
4530
1923
-1029
-6879
-10074
-11023
-12775
-15677
-16958
-14789
-13733
-14004
-13490
-10005
-8178
-7577
-7584
-5337
-3902
-4621
-4528
-3273
-2389
-3579
-3682
-2891
-2595
-3589
-4401
-4809
-5154
-6318
-8333
-9380
-10827
-12525
-15851
-17798
-20074
-22042
-25938
-27847
-29868
-27343
-25840
-24318
-24348
-17212
-10719
-7429
-4022
3644
12676
13732
15683
19481
26177
22484
22033
21374
24926
19943
17656
17868
20274
17537
15313
16976
18319
16005
11335
9855
8793
4910
-2607
-6966
-8743
-13885
-20635
-23208
-22234
-22909
-25444
-22910
-17320
-14074
-13343
-7011
429
5452
6817
11935
17557
20932
20997
23375
27281
28013
26815
27025
29701
29466
27805
27282
28232
27290
24322
21581
20066
17866
12525
7881
5350
1671
-4187
-8179
-9703
-11778
-15317
-17314
-16331
-15573
-16449
-16806
-13827
-12409
-12752
-12504
-9916
-8928
-9450
-9273
-7870
-6871
-7819
-8014
-6765
-6681
-7348
-8227
-8214
-8136
-9198
-10471
-11624
-12076
-14062
-16752
-18605
-19911
-22509
-25469
-27469
-29307
-27855
-25703
-23659
-24165
-18387
-9910
-6599
-3060
3489
14644
16265
18247
20640
30104
26823
25693
24009
28535
25208
21479
21026
23309
21930
17644
19247
20022
19563
13836
12060
10854
8369
38
-5490
-7142
-10592
-18095
-22288
-21108
-21025
-24812
-23757
-18268
-13461
-13716
-8662
-613
6325
7454
11538
18038
22563
22243
23359
27242
28250
27371
26471
28722
28868
26960
24987
25961
25576
22407
18805
16887
15144
9922
4254
1121
-1129
-6724
-11859
-13884
-14829
-17870
-20181
-19231
-17156
-17310
-18089
-15268
-12429
-11147
-11415
-8994
-6988
-6561
-6620
-5201
-3895
-4223
-4602
-3913
-2737
-3540
-3923
-4380
-4162
-4831
-6470
-8346
-9440
-10497
-13553
-16374
-18289
-20424
-23170
-26584
-27945
-30858
-27777
-26466
-24006
-24870
-16613
-10998
-6986
-3925
5102
13641
14412
16394
20342
27184
22333
22641
21313
25677
19032
18041
17248
19951
16227
14918
16197
17534
15054
10012
8597
7621
2820
-5780
-9938
-11667
-17035
-23706
-26125
-23950
-25760
-27991
-24923
-18879
-15397
-14330
-7705
-340
5267
6072
11335
16453
20524
19886
22447
25621
26604
25070
25313
27375
27325
25647
24679
25313
24781
21100
17516
16048
13626
8152
3510
737
-2116
-7730
-11423
-12973
-14459
-17615
-19483
-17671
-16709
-16991
-16066
-13215
-10761
-10049
-9376
-7034
-5160
-4732
-4654
-3008
-1791
-2253
-1954
-1638
-1019
-1376
-2217
-3102
-3222
-4051
-5668
-7726
-9173
-11025
-14189
-17589
-19631
-22109
-24915
-27841
-29227
-31364
-28802
-26044
-23559
-24121
-16044
-8644
-4707
-1603
6990
15859
17332
17669
21835
28637
24640
23032
22051
25876
20870
18504
18087
21209
18278
16124
17617
19596
16681
12298
10090
9510
5513
-2906
-7832
-9105
-13950
-20642
-23331
-21260
-21528
-23745
-21295
-15386
-11240
-9685
-3649
3347
9216
10771
14844
20283
23908
23419
24094
26915
28398
27010
25750
27725
28253
25689
23347
23671
22689
18550
15059
13318
11387
5076
-66
-3196
-5184
-10895
-14745
-15999
-16281
-18991
-19883
-18422
-16314
-15701
-16143
-13205
-10177
-9036
-9547
-7409
-5792
-5194
-6050
-5171
-2982
-2860
-3944
-3077
-1687
-1671
-2505
-3929
-4022
-4760
-7839
-10286
-11325
-13439
-17287
-20896
-23096
-25025
-28005
-31955
-31620
-27506
-25832
-26566
-24443
-12983
-8277
-5408
-1109
11452
16056
16948
17595
26438
29054
25119
23369
25592
26701
19848
18882
19894
21988
16313
15928
17320
19676
14185
10656
9497
9142
923
-7174
-10049
-11798
-19195
-24879
-25128
-22709
-25580
-26529
-21809
-14986
-13531
-10678
-2937
5314
9010
10715
17224
22254
23677
22129
25601
28388
28851
26206
27870
29643
28910
25931
25610
26443
23840
18997
16358
15310
10987
4698
594
-1597
-5735
-11419
-14641
-14923
-16556
-19601
-19945
-17105
-15629
-15860
-14065
-10170
-7793
-7696
-6720
-3397
-2318
-3065
-2873
-909
-750
-1889
-1844
-431
-196
-1347
-1975
-2547
-2875
-4591
-6914
-8829
-10163
-13278
-16824
-20009
-21884
-25274
-29042
-32389
-31440
-28157
-27124
-27133
-23104
-13205
-9589
-5939
-76
11791
15026
16566
18254
26758
26724
23789
22128
24440
23179
18348
18075
19694
20029
15605
16315
17904
18287
13264
10249
8495
6422
-1816
-8896
-12071
-15303
-22949
-27555
-27634
-25981
-28910
-28018
-23047
-16911
-15436
-10938
-3100
4187
6599
9606
15575
20699
20980
20647
23980
25742
24476
22564
24501
25574
23536
21198
21405
21463
17984
14188
12284
10667
5971
400
-2778
-5397
-9651
-14755
-16863
-17555
-18649
-21012
-19554
-17220
-15410
-15454
-12928
-9485
-7519
-7934
-6108
-3719
-3125
-3840
-3394
-1444
-2250
-3657
-3178
-1726
-2828
-3951
-4471
-4131
-5523
-7799
-9925
-10498
-12551
-15971
-19375
-21581
-23758
-27820
-31438
-31748
-26581
-25765
-26591
-24465
-12170
-7014
-5560
-534
12816
18750
17035
19063
27521
30378
23575
22539
25297
26726
18770
17741
20239
21575
15344
14547
17733
18651
12782
8538
8663
7642
-739
-9397
-11166
-12481
-20344
-27045
-26374
-23072
-26301
-27526
-21320
-13606
-11921
-9764
-1221
8031
10445
10564
16879
23325
23750
21272
25125
28914
27640
23843
25684
28507
26071
22093
23256
24834
21158
15254
13760
13502
8491
1672
-1453
-2751
-6919
-12732
-14653
-14614
-16686
-19707
-18815
-16037
-14267
-15564
-13549
-9041
-6718
-8045
-6810
-3720
-2485
-4439
-4810
-1945
-2155
-4921
-5821
-4016
-4231
-6358
-7629
-6825
-7212
-10035
-12009
-12543
-13841
-17395
-20749
-22055
-23747
-27835
-32420
-30299
-26762
-26774
-29545
-22281
-12626
-9778
-7484
1301
13085
15673
15979
20491
29130
26816
23047
22348
26212
22112
16600
16550
19666
17371
12811
13735
16723
15630
9928
7786
8819
5149
-3528
-9139
-9989
-14330
-22074
-26035
-23902
-24082
-27455
-25895
-19364
-14268
-13390
-8174
837
8116
8953
12149
19230
23509
22004
21871
26172
27515
24665
22657
25604
26186
22770
20436
21985
22120
17775
14079
13777
13445
7670
2629
377
-1022
-6212
-10362
-11881
-11542
-14413
-16867
-14995
-12254
-11901
-13076
-10173
-6226
-5401
-6410
-3609
-889
-1208
-3013
-1666
-260
-1729
-4178
-4217
-3642
-4962
-7327
-8385
-8338
-9350
-11435
-12745
-13229
-14801
-17394
-19513
-20622
-23273
-27520
-31411
-28500
-26409
-25463
-27592
-19540
-11480
-7151
-4693
4717
15819
18996
19282
23913
32053
29081
26823
24639
28471
23769
19697
18430
21393
18472
14839
15269
17438
15946
10993
8427
8254
5078
-3510
-8930
-10604
-15184
-22062
-26512
-24547
-24802
-27188
-25867
-19334
-14441
-12582
-8135
401
7480
8978
12086
17779
22199
20657
21046
23424
25279
22697
20930
22888
23088
20231
18088
18927
18583
15341
12085
10733
9517
5013
636
-1974
-3619
-7556
-11537
-13120
-12795
-14987
-16178
-15373
-12441
-11911
-12547
-9950
-6338
-5525
-5907
-3985
-1818
-1653
-3221
-2370
-1069
-2401
-4902
-4729
-4627
-5755
-8083
-9837
-10487
-11226
-13893
-15411
-16626
-18072
-21236
-23592
-25235
-27419
-32026
-30172
-26385
-25017
-27303
-20432
-11690
-7594
-4205
3215
14284
17490
18907
22586
30957
28373
26129
24239
28514
23873
19702
18310
20765
18434
15306
15214
16621
15123
10324
7335
6862
2965
-5169
-10641
-12166
-16339
-23452
-27781
-25628
-24720
-26714
-24955
-18595
-12744
-10733
-5366
2808
9903
10760
14353
20476
25222
23849
23940
26568
27767
25077
23621
25537
25223
22422
20376
20720
20304
17190
13738
12387
10766
5975
1280
-1630
-3394
-7301
-11697
-13017
-11909
-13767
-15925
-14596
-11348
-11166
-11789
-9555
-5875
-5799
-6604
-4908
-2739
-3607
-4740
-3774
-3178
-4377
-6154
-6975
-7571
-9071
-11198
-13331
-14708
-16296
-18203
-20449
-21377
-22735
-25063
-27605
-28686
-31534
-29788
-27836
-25452
-26981
-19853
-12886
-8627
-5652
3252
13031
15741
16988
22434
30766
27766
27371
26807
31027
25569
23445
22630
25182
20896
18340
18605
19746
16716
11652
8475
7374
2603
-5610
-10697
-12368
-17078
-23674
-27105
-25143
-25785
-27731
-25607
-19157
-14534
-12846
-7714
581
7522
8813
12824
19222
23817
22337
23662
26986
28558
25010
23852
25639
24877
21463
19639
19990
18689
14879
11986
11299
9671
4991
1053
-840
-2441
-6640
-10265
-11307
-11230
-13624
-14732
-13207
-10699
-10964
-10574
-7708
-4631
-4641
-4600
-2208
-744
-1548
-2643
-2075
-2343
-4016
-5836
-6394
-7827
-9887
-11960
-13472
-14897
-16228
-18652
-20234
-21421
-22188
-25030
-27189
-28823
-30225
-27524
-25126
-23795
-25290
-15672
-10097
-5505
-3163
7216
15513
18461
18955
25416
31564
28838
28387
27696
31628
25204
23283
22149
24791
19461
17551
17272
18219
15104
10604
8324
7142
2349
-5304
-9693
-11711
-16639
-22723
-26018
-23486
-24949
-26200
-24188
-17107
-13718
-11000
-5774
2850
8487
9719
14342
20735
23951
22344
24198
26692
27503
23853
23056
24363
23082
19385
17444
17969
16696
12833
10331
9905
8886
4831
1422
77
-1352
-5196
-8597
-8929
-8982
-11262
-12840
-10877
-8636
-8813
-8229
-5137
-1812
-1933
-2222
-330
379
-829
-2258
-3048
-4056
-6611
-9041
-10878
-12640
-14209
-16680
-19080
-19700
-20774
-23385
-25181
-26347
-26705
-29340
-31019
-32768
-30613
-28200
-25613
-27014
-21409
-12605
-9242
-6091
372
12503
15525
17562
20680
31329
29166
28057
26473
30935
27669
22977
21589
23609
21207
16353
16539
17425
16155
10692
7752
7451
5065
-3229
-9423
-11065
-13977
-20671
-26245
-24696
-23828
-26349
-25700
-19736
-13844
-12299
-7540
508
8309
9827
13026
19078
24251
23568
23270
26188
28001
25249
22988
24149
23831
20542
17883
17326
16807
13582
9594
7662
7203
3604
-504
-3020
-3126
-5581
-9039
-10342
-9021
-10112
-11536
-10199
-7006
-6437
-7190
-4683
-1088
-124
-1106
707
1912
1760
-88
-489
-1533
-3990
-6949
-8764
-11699
-14447
-17109
-19662
-21533
-22444
-24002
-26505
-27625
-27313
-28169
-30984
-32049
-32707
-29188
-26705
-24965
-26113
-17371
-10186
-6310
-3203
6133
15267
17937
19088
25206
31957
29046
28338
27934
31746
25897
22459
21576
23644
18235
14697
14746
15553
12424
7573
5952
5658
1038
-6610
-10339
-11554
-16184
-22790
-25801
-23206
-24266
-26451
-24477
-17290
-13099
-11006
-5483
3112
8884
10193
14449
20495
23411
21459
22356
24933
25495
21532
20585
21844
20566
17024
15166
14615
13718
10151
7093
6228
5085
1034
-2411
-3603
-4247
-7376
-10185
-9797
-8230
-9937
-10477
-7900
-4893
-4544
-3790
-686
2437
2356
2259
4235
4683
3082
978
536
-1272
-4101
-7571
-9275
-11815
-14275
-17603
-20096
-21957
-22759
-25030
-26583
-27733
-27403
-30070
-30996
-32379
-31282
-28433
-25241
-24714
-23242
-12373
-8281
-3198
9
12407
17026
19709
19900
29040
30522
28700
26804
28759
29272
22946
20782
20507
20875
14888
13783
13595
14154
9756
5933
4618
4092
-1321
-7945
-10454
-11873
-16257
-22035
-22871
-20249
-22019
-22676
-19695
-12821
-10744
-7889
-2560
6046
9279
10819
15051
20429
21353
19924
21155
22877
22005
18755
18554
18869
16958
14195
12397
12397
11145
8369
5443
5283
3805
621
-3053
-3295
-3873
-7017
-8986
-7334
-6076
-7863
-7024
-4124
-1143
-1731
20
2913
5867
4242
5090
5903
6075
3940
2618
1590
-197
-3219
-6153
-8450
-11305
-13447
-16836
-19674
-20878
-21819
-24387
-26174
-26125
-26282
-27852
-29348
-28659
-30298
-27456
-24063
-20867
-23043
-14733
-7500
-3445
-1142
7394
16965
18888
19560
23964
31442
27606
27387
24999
28729
22224
19279
17301
19069
14108
11202
11054
11898
9621
5482
3491
3403
496
-6198
-10395
-11199
-13982
-19697
-22968
-19737
-19567
-21394
-19624
-12767
-8757
-7495
-3079
4798
10679
10854
13993
19087
22277
19972
20452
21730
21659
17794
16145
16864
16226
13418
11237
11571
11575
8838
5812
5416
5559
1966
-1632
-2727
-2266
-5564
-8285
-7736
-5400
-6960
-7179
-4457
-1197
-541
37
2984
5580
5112
4272
5412
5301
3743
848
-160
-2038
-4450
-8132
-10308
-12044
-13980
-17342
-20188
-21015
-21899
-24279
-26251
-25725
-26156
-27704
-29817
-28564
-30196
-29140
-25373
-21040
-21924
-18014
-8177
-3573
-203
4786
16552
19596
21418
22003
30962
28412
27226
24001
26702
22966
18490
16423
17002
14766
10666
10401
10367
10125
6179
3701
2517
1374
-4509
-9733
-11414
-13164
-17670
-22265
-21346
-19294
-20637
-19719
-14677
-8701
-7130
-3493
2570
9939
10793
12596
16401
20859
19324
18070
19284
20781
18010
15151
16001
16318
13916
10949
10804
11321
9478
5825
4648
4963
2465
-1488
-3252
-2539
-4443
-7464
-8095
-5544
-5736
-6812
-5091
-1897
-533
-289
1909
4552
5720
4039
4953
4966
4288
1453
-356
-2245
-3869
-7400
-10237
-12202
-13673
-16139
-18945
-19775
-19822
-21711
-23576
-23512
-22580
-24462
-25858
-26206
-25286
-28290
-28090
-22607
-18667
-20271
-17674
-5716
-1551
1732
4629
18056
21412
21751
20866
29528
28594
25517
21632
23675
22421
16021
13720
13992
14650
9711
9219
9440
11249
7338
3950
3283
3265
-2358
-8971
-10769
-11375
-16045
-22071
-21280
-17604
-19172
-19310
-14628
-7452
-5917
-3299
2431
9826
10892
11541
15184
19343
18119
15512
16973
18269
16357
13263
13502
14037
12016
9770
9651
10271
8776
5807
4611
5254
3444
-116
-2389
-1621
-2903
-6027
-6773
-4221
-4042
-5168
-3727
-515
1408
878
2232
4916
6090
3919
3772
4300
3589
303
-1335
-2219
-3516
-6931
-9324
-10284
-11496
-13635
-15511
-16365
-17194
-18646
-20416
-20205
-20169
-20772
-22528
-22079
-22264
-23037
-25498
-21074
-16693
-14530
-16654
-7852
268
3518
5191
12983
22415
22700
21789
24573
31269
25880
22941
19548
23365
17059
12995
11696
14582
11142
8012
8762
10943
9984
4911
2855
3302
817
-7254
-11928
-11895
-14413
-20262
-23134
-18494
-17675
-18982
-16576
-9124
-4427
-3419
560
7873
12936
11869
13685
17865
20124
16711
16146
17894
18276
14766
13020
14323
14405
12456
10433
11116
11296
9140
6050
6209
6082
3037
-390
-937
-197
-2829
-5091
-4031
-2192
-3261
-3527
-1400
1624
1284
800
2720
4362
2738
1291
1602
1315
-1035
-3598
-4744
-5555
-7840
-10584
-11980
-12763
-13795
-15785
-17494
-17671
-17978
-20052
-21170
-20802
-21102
-23094
-23675
-23478
-23724
-27064
-24095
-18321
-15451
-18360
-11888
-1584
1871
2984
8952
19492
20994
19596
20493
28154
24400
20683
17224
20654
16836
11834
10384
13319
12011
8253
8874
11014
11459
5985
2681
2868
1591
-6519
-12640
-12891
-14153
-19642
-23675
-19398
-16792
-18272
-17044
-9474
-3971
-3395
-549
7010
12783
11465
11695
15932
18974
16007
14697
16385
17923
15010
12851
14693
15964
13706
10891
11452
12405
9898
5544
5099
5688
2797
-1648
-2589
-1382
-3673
-6591
-6220
-3483
-4391
-5359
-3927
-535
-283
-1747
-930
1018
551
-1758
-2125
-1994
-2875
-6102
-7002
-6855
-7976
-10989
-12736
-12734
-13312
-15634
-17853
-17936
-18521
-20493
-21899
-21538
-21414
-22858
-23749
-23406
-22944
-26070
-23419
-17934
-14538
-17107
-11162
-1471
1870
3351
8833
19407
20125
19770
20361
27855
23763
21396
17689
20708
16982
12977
11942
14078
12959
9566
10249
11402
11495
6434
3539
2931
1107
-6187
-12483
-12983
-14601
-19506
-23632
-19767
-17345
-18191
-16451
-9539
-4088
-3172
306
6804
12560
11497
12662
16092
18854
16362
15289
16674
17481
15059
13528
15196
15114
13274
11233
11408
11380
9038
5588
4815
5241
2310
-1077
-2227
-1154
-3534
-5466
-4989
-2814
-3795
-4428
-2836
-142
-224
-1150
-156
1735
1205
-356
-357
-48
-935
-3493
-4273
-4288
-5639
-8437
-9520
-10153
-11255
-13318
-15063
-15736
-16521
-17727
-18995
-18493
-18612
-18657
-20167
-18765
-18691
-19357
-22156
-19380
-14620
-11908
-14053
-10062
220
3126
4570
9010
19231
21494
20676
20053
27430
25399
21256
17770
19600
17561
12544
10449
12554
12535
8994
8693
10719
11064
6930
2923
2740
1699
-4914
-11520
-12224
-13152
-17618
-21449
-18444
-14945
-16068
-14862
-8649
-2572
-1602
784
6504
12155
11786
11918
14817
18025
16039
14480
15393
17263
15920
13600
14323
16072
14766
11750
11525
12655
10744
6618
5625
6312
4073
3
-1254
-338
-1386
-3791
-3961
-1620
-1689
-2932
-2197
613
689
-923
-1115
705
320
-1761
-2590
-2214
-2878
-4937
-5936
-5554
-6164
-8247
-9463
-9670
-10434
-12415
-14441
-15424
-15853
-17280
-18601
-18961
-18389
-19153
-19727
-19146
-18842
-20138
-21835
-17881
-13305
-11814
-13774
-7160
747
3028
3680
9877
18382
19259
17325
19217
25311
21910
17836
16008
19404
15757
11191
10650
13265
11491
7950
8217
9533
8562
3044
221
-5
-1951
-9239
-13804
-13411
-14457
-19108
-21128
-16472
-14038
-15016
-13264
-6333
-1757
-1288
1065
6955
11281
10074
10303
13956
16344
14089
13025
15308
17190
15069
13222
15040
16349
13889
10778
11300
11712
8252
4238
4271
4482
1643
-2094
-2196
-719
-2428
-4775
-3703
-1320
-2062
-3496
-2520
-142
-1199
-3143
-3274
-1522
-2852
-5285
-5687
-4017
-5033
-7161
-7196
-5676
-6621
-9077
-10092
-9481
-10270
-13426
-15020
-15107
-15884
-17716
-18699
-17833
-16685
-17127
-17169
-15662
-14794
-15634
-17013
-17181
-14116
-11202
-10483
-11884
-5569
1051
2684
3111
10373
17509
18448
16958
20754
25076
21354
18120
17352
18309
13842
9543
9567
11176
8817
5694
6654
8180
7520
3085
1506
1846
-561
-6841
-10232
-10287
-12351
-16605
-18364
-14387
-13115
-14052
-12168
-5646
-2125
-1640
1161
7424
10696
10037
11154
15050
16546
14030
13713
16120
16471
13793
12991
14621
14736
12715
10882
11468
11294
8482
5694
5631
5359
2402
-926
-1096
-424
-3021
-4943
-3853
-2311
-4039
-5044
-3711
-2321
-3889
-5309
-4438
-3522
-5117
-6901
-6162
-5468
-5886
-6946
-6216
-5469
-6314
-7737
-7518
-7612
-8428
-10369
-11692
-11849
-12617
-13783
-14140
-13590
-12706
-12374
-12318
-11007
-10670
-11089
-11999
-12363
-13052
-11962
-9893
-9111
-8970
-4504
178
3392
5773
11147
17296
19545
18750
21110
23654
21769
17568
15768
15357
12245
8123
7199
7471
6279
4597
5360
6824
6836
3727
2556
2840
833
-4634
-8355
-8881
-10560
-14476
-16439
-13828
-12826
-13282
-11255
-6003
-2981
-1367
1731
7187
10559
10650
11356
13910
15700
14033
13288
14270
15353
13268
12608
13651
14291
12472
11165
11755
11719
9314
6455
5688
5246
2952
-459
-1106
-1258
-2969
-5051
-4529
-3962
-5267
-6275
-5449
-4913
-5867
-7089
-6798
-6193
-6640
-8012
-7927
-6939
-6760
-7032
-6778
-6158
-6080
-6409
-6790
-6715
-7488
-8769
-9537
-9648
-9620
-10644
-11131
-10445
-9610
-10356
-10417
-10096
-9943
-11386
-11901
-13769
-14458
-13221
-10368
-10598
-10067
-4989
-85
2364
5376
11832
16410
17293
16583
19926
20814
17732
13356
12294
11428
7775
4456
4244
5063
4084
3314
4699
6405
5788
3498
2777
2983
188
-5266
-7897
-8874
-10851
-15449
-16108
-14105
-13061
-13119
-9919
-4907
-1648
442
4691
9761
11861
12230
13437
15673
15534
14382
13699
14493
14981
13863
13323
14650
15210
13890
13016
12958
12552
9848
7190
5849
4453
1158
-1844
-2771
-3897
-6352
-7379
-7184
-7213
-8150
-8271
-7265
-6934
-7453
-7593
-7272
-6534
-6995
-7669
-7426
-6506
-6502
-6713
-6351
-5301
-4896
-5489
-5334
-4403
-4886
-5658
-5845
-6266
-6483
-7484
-7987
-7956
-8355
-9470
-9448
-9281
-9800
-10013
-11005
-11126
-12509
-13206
-12582
-9484
-9705
-8233
-4812
427
2573
5479
9607
13721
14828
14328
15520
15723
14500
11193
9652
7862
6901
4284
5001
5089
5471
4867
6101
7125
7316
4765
3395
2722
497
-3782
-6776
-8233
-9753
-12708
-12664
-11149
-9476
-9101
-5803
-1558
1813
3164
6084
9870
11757
11476
11968
13479
13681
12668
12179
13807
14077
13550
13391
14746
14892
13627
11977
11626
10240
7202
3813
2257
469
-3093
-5785
-6841
-7418
-8921
-9801
-9168
-8402
-8544
-8702
-7518
-6776
-7088
-7988
-7468
-6943
-7232
-8372
-7567
-6174
-5501
-5512
-4081
-1870
-1350
-1201
-139
678
-93
-1261
-2337
-2794
-4437
-6133
-7382
-7715
-8608
-9378
-9729
-8963
-8723
-8585
-8994
-8913
-10043
-11515
-11414
-9045
-8049
-8802
-6961
-2519
920
1731
4739
9272
12821
12364
12738
14213
14744
11539
9285
8492
7651
4414
2709
3853
4800
3953
3363
4939
6505
5191
2995
2844
2531
-831
-4780
-5838
-6860
-9689
-11685
-10583
-8854
-8406
-7167
-3959
-198
1785
3569
6611
9602
10731
10785
11953
13140
13435
12661
13359
14004
14256
13320
13688
13878
13067
11002
9535
8520
6108
2354
-63
-1319
-3555
-6610
-8173
-7982
-8498
-9672
-9330
-8114
-8007
-8477
-8050
-7008
-6696
-7312
-7250
-6125
-5756
-5899
-5054
-3960
-3013
-2121
-823
1023
1968
2165
2784
2651
1894
730
-1261
-2740
-4173
-5810
-7631
-8826
-9712
-9735
-10086
-9257
-8997
-8590
-8658
-8641
-9678
-11175
-12320
-11322
-10089
-10851
-10043
-6495
-2692
-1180
2277
6779
10936
11641
12187
13838
14811
12209
9703
8601
7476
5038
2875
3387
3986
3700
3705
4940
6449
6319
4460
3639
3891
1522
-2599
-4471
-4940
-6992
-9675
-9810
-8030
-7350
-7070
-4443
-1183
1585
2932
5526
8327
10601
10858
11792
13044
13714
13275
13420
14326
14715
14097
13442
13733
12771
10961
9228
8195
5857
2593
-218
-1522
-3464
-5962
-7504
-7862
-8131
-8692
-8468
-7316
-6327
-6439
-5906
-4805
-4128
-4974
-4950
-4090
-3626
-4399
-4222
-2682
-1258
-855
261
2498
3390
3802
4077
4381
3519
1796
265
-1055
-3233
-5513
-7707
-8979
-9423
-10107
-10340
-9700
-8594
-8527
-8340
-8404
-8975
-10451
-11979
-12176
-10943
-10551
-10372
-8680
-3775
-1156
489
4265
9267
11685
11673
12364
14294
13277
10328
9143
8102
6711
3716
3547
4072
4323
3459
4631
5977
6782
5953
5170
4727
3982
938
-2010
-3250
-4465
-6991
-8690
-7729
-6581
-6912
-5780
-2565
714
2188
3950
6520
9316
9334
9733
10860
12254
11324
10571
11458
12181
11133
10093
10618
10757
9397
7075
6092
5003
2875
-503
-2198
-3437
-5304
-7403
-7836
-6845
-7402
-7960
-6673
-4927
-4677
-4771
-4000
-2468
-2731
-3676
-3266
-2729
-2704
-3225
-2459
-1372
-170
293
1797
3376
3841
3626
3510
3381
2279
295
-1714
-3475
-5311
-7520
-9482
-9858
-10373
-10620
-10861
-10115
-9900
-9502
-9864
-10062
-10968
-12186
-12840
-11526
-11150
-11711
-10461
-5959
-4079
-2475
1120
6237
8767
8942
10125
12832
12429
9621
8597
7792
7247
4521
3791
3898
4985
4312
5094
6038
7769
6473
5327
5076
4621
1250
-1913
-3054
-4338
-7010
-9342
-8447
-7130
-7320
-6188
-3370
-454
951
2414
5404
8290
8269
8625
9937
11203
10245
9712
10524
11704
10969
9961
10144
10545
9716
7250
6218
4930
2874
-509
-2578
-3428
-4743
-6934
-7416
-6290
-6169
-6199
-5150
-3212
-2567
-2605
-2524
-1106
-1473
-2220
-2623
-1924
-1897
-2114
-1788
-268
717
1476
2832
4060
4676
4447
4364
4017
2587
265
-1969
-4269
-6342
-8360
-10425
-11484
-11739
-11859
-11747
-11079
-10420
-9811
-10194
-10276
-10897
-12087
-13543
-12376
-11672
-12068
-12166
-8754
-5138
-4321
-1171
3245
7732
7830
8891
10185
12905
9859
8681
7344
8123
5689
4484
4876
5741
5702
5292
6733
7623
7666
5377
4865
4734
2951
-1256
-3070
-3411
-5133
-7348
-7668
-5463
-5338
-5410
-3873
-514
734
1092
2896
5960
6954
6079
6787
8189
9208
8268
9178
10173
10895
9955
9894
10331
9751
7775
6091
5263
3522
697
-1696
-1858
-2595
-3940
-4585
-3396
-2867
-2798
-2234
-915
93
-726
-744
-130
80
-1555
-1948
-1607
-642
-1588
-1384
3
1661
2296
3372
4719
5370
5094
4301
4001
2480
350
-2236
-4026
-6066
-7842
-9839
-10502
-10313
-10259
-10483
-9647
-8322
-8104
-8422
-8671
-9412
-11122
-13106
-13324
-12615
-12358
-12547
-10672
-5958
-4093
-1101
2625
7585
9450
11025
11716
14288
13234
11470
9754
9185
8082
5710
5638
5780
6120
5424
6650
7291
7911
6716
5752
5405
4054
1085
-1865
-2901
-4545
-6646
-8613
-8084
-7381
-7373
-6465
-4326
-1967
-945
832
3090
5547
5810
6392
7445
9045
8872
8961
9596
10588
10457
9587
9494
9360
8413
6817
5435
4407
2983
1239
89
-237
-706
-1930
-2263
-950
-678
-1023
-1107
-273
-168
-848
-1227
-903
-1548
-2681
-2681
-2029
-1583
-1931
-1168
-101
1074
1340
1968
2190
2210
1441
484
-761
-2413
-4200
-6429
-8092
-9524
-10493
-12098
-12405
-12067
-12077
-12507
-12175
-11796
-12240
-13634
-14779
-15281
-13710
-13599
-13525
-12818
-8151
-5599
-3955
-843
4275
7767
8498
9889
12310
13708
10492
9596
8511
8486
4905
3810
4005
5184
3767
3818
5339
6471
5575
3487
3177
2758
-93
-3876
-5332
-6391
-9050
-11449
-11093
-9037
-9039
-8356
-6033
-2189
-797
428
2742
5593
6133
6005
7109
8349
8432
7205
7989
9003
9479
8603
9316
10031
9913
8153
7553
7325
5902
3357
1544
984
-334
-1810
-2721
-1699
-1680
-2196
-1641
-157
435
257
50
495
818
-453
-837
-937
-760
-1556
-1635
-1152
-172
-471
-179
779
1375
489
-244
-729
-1688
-3419
-5704
-7045
-8200
-9795
-11422
-11960
-12315
-12630
-13161
-12563
-11984
-12373
-13538
-14127
-14083
-12888
-11642
-11369
-11096
-7439
-4194
-3065
-65
4188
8164
9408
10466
12680
14416
11979
10253
9582
9256
6793
4818
5417
5962
5562
5138
6549
7108
6844
4967
4354
3153
993
-3077
-5494
-6575
-8609
-11287
-11766
-9608
-8890
-8101
-5601
-1751
769
2129
4166
7343
8603
7634
8179
8995
8943
7427
7346
8276
8715
8152
8718
9925
10322
9551
8932
8913
7723
6040
3808
2801
1218
-258
-2298
-2491
-2488
-2540
-2724
-1272
-90
474
750
1586
2490
1631
940
463
457
-779
-1359
-1744
-1540
-1808
-1554
-1422
-1063
-925
-896
-1373
-2250
-3076
-4503
-6194
-7558
-8534
-10286
-11394
-11901
-11729
-12147
-12519
-12177
-11764
-12145
-12421
-11674
-9543
-7813
-8115
-6373
-1931
99
809
3766
7765
10598
10788
11157
13276
13694
11687
10053
9521
9460
6927
5846
6264
6466
5303
5424
6257
7302
5964
3880
2934
2817
-111
-4021
-6058
-6734
-8916
-10928
-10082
-8200
-7836
-6608
-3666
-30
1959
3205
5645
8875
9390
8366
8779
9792
9051
7517
7221
8125
7890
7353
8108
9261
9216
8517
8354
8453
7737
5405
3663
2946
1944
-605
-2586
-3200
-3121
-3836
-3411
-2310
-765
-570
149
1659
2450
1491
648
661
495
-1124
-2690
-3156
-3183
-3788
-4609
-4307
-4248
-4300
-4343
-4179
-4439
-5316
-6760
-7757
-8191
-9683
-11582
-12644
-12798
-13102
-14201
-14441
-13957
-14235
-14358
-13745
-11963
-9561
-8777
-7746
-4717
-745
-803
1644
4242
8129
8243
8974
9273
11209
9898
8514
7638
7434
5924
3531
4174
4035
3594
2383
3221
3226
2834
939
-102
-155
-1700
-4495
-6664
-7053
-8808
-10721
-11076
-9500
-9249
-8849
-6864
-3772
-1113
-60
2306
4923
7248
7321
8047
8537
9372
8244
7833
7969
8005
6887
6518
7374
7422
6781
6079
6855
6627
5142
3364
2811
2435
736
-1079
-1986
-1714
-3177
-3393
-2803
-1454
-1713
-1200
-350
1579
1357
1214
1270
1625
372
-1416
-2250
-2927
-3669
-5301
-5799
-5963
-6105
-7041
-6703
-6318
-6548
-7522
-7927
-7797
-8216
-9413
-10554
-10445
-10467
-11623
-12557
-12299
-12275
-12538
-12548
-11146
-8714
-7195
-6266
-3331
973
2330
4099
6517
9936
10712
10696
10802
12097
11422
9794
8666
8184
7543
5812
6026
6193
6019
4626
4687
4689
4451
2215
660
-32
-1044
-3348
-5672
-6035
-6849
-7992
-8627
-7324
-6771
-6536
-5390
-3297
-984
110
795
3184
5902
6303
6980
8303
9644
9793
9810
10511
10877
10657
9609
9803
9806
8791
7091
6676
5760
4479
2928
1653
1127
450
-772
-1080
-589
-1502
-1817
-1411
-594
-447
-744
-881
-41
-635
-1254
-1390
-1043
-1447
-2370
-2587
-2662
-3107
-3859
-4442
-4803
-5156
-6082
-6372
-6583
-6828
-7466
-8242
-8610
-8722
-8609
-9118
-9470
-8979
-8962
-9301
-9346
-9319
-9983
-10198
-9612
-8546
-6576
-5411
-3810
-819
2085
4036
6493
9097
11137
11904
12139
12608
12593
11271
10091
8969
8084
7024
6132
6087
5921
5528
5323
5265
5212
4511
3223
1843
1017
-649
-2958
-4582
-5140
-5988
-6960
-6745
-5752
-4829
-3957
-2614
-1027
394
1238
2610
3990
4975
5326
6159
6668
7710
8024
8981
9470
9849
9673
9557
9598
9458
8217
7341
6635
5282
4174
2714
1829
929
319
-548
-866
-1380
-1321
-1739
-1366
-1281
-1509
-1988
-1880
-2100
-2382
-2491
-2734
-2909
-3383
-3903
-3990
-3974
-4215
-4699
-5284
-6140
-6854
-7099
-7292
-7867
-8425
-8701
-8773
-8530
-8780
-8784
-8590
-8365
-8295
-8427
-8704
-8870
-8593
-8584
-8894
-8860
-8221
-7097
-5756
-5210
-3003
-152
1624
2869
4901
6948
8178
7998
8332
8810
8439
7406
5924
5564
5027
3860
3326
3489
3194
3025
2781
3207
2993
1934
1177
620
316
-1168
-2528
-3141
-3484
-4206
-4626
-4228
-3789
-3376
-2705
-1396
-409
477
1430
2592
3717
4384
4592
5376
6413
6731
6982
7663
8485
8503
8364
8213
8281
7587
7087
6367
5842
4618
2893
1983
1700
1170
30
-852
-728
-859
-1602
-1898
-1762
-1962
-2656
-2841
-3100
-3429
-4331
-4928
-4785
-4811
-5581
-5795
-5598
-5563
-6075
-6403
-6539
-6328
-6709
-7294
-7417
-7600
-7894
-7948
-7587
-7214
-6831
-6983
-6432
-5670
-5701
-5660
-4793
-4373
-4708
-4962
-4936
-4921
-4672
-4063
-3228
-2202
-929
357
1726
3343
4504
5844
6893
7135
7207
7342
6987
6590
5652
4814
4472
4006
3797
4056
3766
4199
4263
4394
4776
4672
4156
3822
3359
2986
1982
1197
892
800
134
-109
48
540
531
659
1372
1873
2135
2523
2937
3628
4009
4234
4672
5383
5668
6021
6274
6819
7082
6996
7023
7123
6665
5911
5016
4161
3280
2004
944
33
-436
-1269
-1642
-1995
-2136
-2686
-3559
-3891
-4300
-4824
-5251
-5290
-5164
-5585
-5937
-5428
-5208
-5428
-5701
-5679
-5712
-6175
-6499
-6684
-6839
-7169
-7613
-7508
-7049
-6504
-5639
-4720
-3870
-3193
-2562
-2595
-2520
-2638
-2924
-3720
-3881
-4057
-4020
-3923
-3741
-2862
-2131
-824
618
1597
2832
4041
4570
4910
4998
5216
5229
4221
3486
3224
3266
3206
2947
3282
4011
4222
4485
5060
5383
5396
5096
5315
5084
4308
3372
3117
2695
2202
1731
1645
1732
1759
1693
2106
2817
2587
2327
2387
2310
2112
1875
2136
2630
2816
3001
3493
4259
4779
5016
5729
6089
6277
5963
5832
5697
5392
4356
3558
2580
1679
670
-108
-383
-1031
-1911
-2597
-2981
-3433
-3996
-4527
-4591
-4868
-5112
-5443
-5254
-5116
-5082
-4979
-4628
-4124
-4607
-4783
-4456
-4254
-4601
-4637
-4213
-4196
-4172
-3738
-2900
-2544
-2128
-1556
-998
-1164
-1104
-1375
-896
-1159
-1569
-1939
-1663
-1562
-1529
-1358
-1375
-672
-195
538
863
1263
1346
1968
2042
1998
2210
2071
1870
2319
2448
2113
2175
2458
2545
2763
3043
3052
3054
3268
3541
3682
3761
3790
3685
3801
3664
3623
3930
3903
3630
3848
3915
3501
3487
3424
3412
3010
2618
2420
2247
2136
1923
1941
1995
2176
2169
2559
3236
3705
4097
4791
5125
5007
4824
4456
4231
3935
3222
2683
1747
1086
422
-369
-1152
-1497
-2155
-2374
-2839
-3112
-3439
-3653
-3638
-4278
-4642
-4564
-4768
-5170
-5085
-5021
-5099
-5142
-5182
-4876
-4780
-5004
-4700
-4652
-4678
-4378
-4445
-4011
-3522
-3072
-2726
-2263
-2392
-2348
-2325
-2398
-2456
-2126
-2148
-2550
-2022
-1924
-1743
-1650
-842
-598
-566
-475
65
327
473
443
307
-59
-184
-152
19
-4
128
358
723
1638
2003
2197
2560
2902
3205
3458
3364
3531
3142
2972
2635
2748
2884
3008
3555
3823
4151
4173
4475
4961
5108
4756
4161
3487
3373
2849
2340
1717
1395
995
846
564
669
783
1077
1372
1533
1726
1716
2096
2311
2474
2063
1804
1444
932
459
99
-264
-829
-1212
-1733
-2130
-2500
-2836
-3016
-3216
-3280
-3393
-3535
-3537
-3388
-3280
-3476
-3631
-3677
-3946
-3679
-3724
-3784
-3759
-3505
-3547
-3991
-3991
-4240
-3931
-3818
-3647
-3462
-3333
-3287
-2928
-2905
-2639
-2571
-2669
-2481
-2099
-1846
-2150
-2325
-2045
-2213
-2560
-2496
-2369
-2539
-2322
-1967
-1934
-1547
-1537
-772
-553
-497
-653
-271
-161
23
104
29
205
15
76
-32
434
433
826
727
1067
877
1157
1062
1492
1835
2283
2627
2945
3197
3242
3681
3603
3652
3447
3696
3350
3486
2284
2100
1996
1799
1711
1628
1500
1589
1791
1935
2175
1759
1563
1388
1362
1128
841
331
322
346
158
-385
-265
-191
-400
-685
-971
-1091
-1372
-1380
-1578
-1401
-1403
-1214
-748
-26
-168
119
311
319
262
179
3
-77
-174
-442
-424
-548
-375
-304
-458
-644
-810
-1042
-846
-777
-820
-943
-1147
-1311
-1327
-1367
-1350
-1089
-1197
-722
-679
-229
-102
-305
-553
-733
-562
-659
-359
-291
-118
-21
47
-59
346
720
1006
876
1083
931
893
825
384
248
564
997
1192
1677
1936
2251
2565
2918
3215
3505
3815
4378
4149
4336
4650
4684
4531
4531
4670
4451
4223
4227
3894
3412
2753
2191
2131
1589
1151
716
517
601
322
58
97
-19
-178
-62
-185
-254
-364
-689
-1023
-1082
-1194
-987
-739
-468
-599
-442
-304
-402
-439
-417
-170
-114
215
389
246
183
461
355
136
114
-111
-144
-548
-522
-358
-853
-1196
-1309
-1113
-1038
-778
-875
-897
-709
-856
-927
-1200
-1457
-1825
-2142
-2481
-2462
-2433
-2701
-2680
-2240
-1368
-927
-490
-97
63
217
139
7
-144
-655
-829
-1159
-919
-1344
-1355
-1099
-1014
-674
-844
-840
-588
-420
-445
-242
-242
-169
24
376
516
496
425
738
1164
1381
1406
1217
935
1066
967
838
792
842
635
662
526
611
985
747
623
340
-79
-688
-1114
-1563
-1933
-2631
-3243
-3177
-3015
-3309
-3143
-2982
-2061
-1620
-1199
-1132
-1252
-1242
-1332
-1367
-1195
-1270
-1756
-1728
-1311
-728
-598
-333
238
834
980
1422
1333
1283
1137
935
557
221
-419
-1016
-1476
-1577
-1438
-1391
-1298
-1533
-1689
-1685
-1556
-1284
-1329
-1846
-2286
-2689
-2699
-3088
-3017
-3173
-3299
-3444
-3351
-2611
-2248
-1732
-1515
-1292
-976
-1034
-764
-456
-363
-475
-880
-1054
-996
-1063
-926
-1313
-1089
-704
-665
-314
-378
-568
-913
-564
-499
-667
-894
-1219
-1449
-1514
-1264
-917
-714
-616
-740
-515
-268
-80
125
-98
-647
-850
-804
-879
-1209
-1281
-1146
-1150
-972
-917
-926
-1006
-1037
-1110
-1155
-1439
-1769
-2140
-2255
-2572
-2597
-2428
-2310
-1878
-1476
-1113
-575
-443
-290
-233
81
84
348
587
817
1068
1160
1904
2294
2647
2887
3254
3752
4057
3986
3733
3437
2978
2648
2249
1648
1408
1327
1303
1135
1196
940
674
729
647
642
379
104
-344
-275
-247
-267
-420
-525
-409
-26
328
578
964
1767
2335
2804
3138
2879
3008
3082
2860
2641
2585
2521
2572
2605
2708
2821
2946
2941
3193
3577
3583
3555
3277
2951
2651
2044
1426
932
932
692
799
1149
1436
1541
1681
1817
1977
1621
1066
775
278
13
-519
-881
-1303
-1295
-939
-910
-847
-631
-310
217
177
-88
-251
-371
-598
-1053
-1448
-2006
-2217
-2196
-1848
-1597
-1390
-1094
-492
-88
302
298
248
520
575
828
881
1187
1386
1531
1819
1977
1996
2386
2603
2809
2828
2658
2281
1703
1438
1158
1078
735
603
690
649
448
227
-136
-570
-848
-845
-1444
-2209
-2570
-2497
-2478
-2372
-2243
-2162
-1740
-999
-463
-113
260
570
741
782
971
994
1345
1615
1790
1781
1697
2039
2107
2210
1969
1834
1922
1664
1415
1145
1078
792
379
305
382
-4
-326
-61
181
290
188
-16
71
-208
-492
-543
-685
-1105
-1561
-1923
-2102
-2000
-2217
-2503
-2156
-2126
-1890
-2031
-2090
-1944
-2184
-1962
-1838
-2034
-2164
-2304
-2465
-2247
-2070
-1914
-1766
-1627
-1637
-1592
-1319
-1033
-771
-805
-634
-482
-315
-286
-211
-38
108
229
525
1070
1082
1212
1462
1623
1534
1687
1491
1438
1048
866
943
985
906
498
189
-324
-346
-554
-881
-1266
-1563
-1638
-1986
-2037
-2224
-2357
-2659
-2423
-2226
-2294
-2010
-2034
-1817
-1626
-1072
-670
-263
-44
179
208
209
540
884
1093
923
706
575
554
785
686
295
-52
-197
-143
-463
-646
-1058
-1412
-1432
-1768
-1977
-1916
-2028
-2033
-1973
-2107
-2021
-2212
-1989
-2053
-2167
-2434
-2840
-2695
-2864
-2990
-3220
-3057
-3274
-2991
-2784
-2426
-2092
-1935
-1736
-1464
-1195
-1315
-1585
-1992
-1685
-1625
-1425
-1219
-1065
-919
-416
-299
-265
-142
-195
51
203
387
511
564
658
755
725
1008
1535
1959
2009
2119
2203
2071
2214
2149
2239
2227
1894
1796
1545
1355
1152
803
668
602
649
739
905
1024
589
237
372
311
-275
-656
-573
-320
-72
338
496
630
849
1042
1414
1722
1829
1992
2301
2629
2611
2473
2308
2395
2499
2227
2409
2267
2425
2436
2424
2540
2220
2025
2072
1540
1154
1157
1068
1052
597
431
258
70
87
44
-239
-252
-376
-315
-589
-943
-898
-1157
-1063
-1378
-1468
-1355
-1367
-1443
-1576
-1809
-1897
-1778
-1464
-1053
-1077
-960
-869
-668
-470
-60
110
292
280
356
127
-16
-34
-292
6
27
-53
-421
-498
-65
408
402
749
1177
1468
1642
1483
1567
1681
1590
1816
1358
935
504
511
528
231
85
-289
-330
-513
-436
-358
-345
-712
-975
-1129
-1266
-1333
-1552
-1419
-1475
-1491
-1394
-1359
-1157
-997
-395
-131
102
201
576
1203
1487
1628
1779
2062
2237
2461
2077
1959
1601
1310
1103
839
638
747
628
388
477
641
847
574
674
368
237
-287
-493
-511
-1137
-1252
-1131
-1625
-1519
-1227
-1170
-1287
-1291
-1226
-1267
-1153
-1496
-1347
-1907
-2003
-2156
-2648
-2941
-3334
-3404
-3416
-3128
-3354
-3086
-2904
-2279
-1755
-1872
-1723
-1614
-1321
-1670
-1638
-1261
-1039
-754
-560
-507
-427
-208
29
327
364
589
1144
1387
1461
1278
1654
1931
2055
2184
1879
1614
1362
1375
1198
905
550
348
371
138
-5
-339
-369
-387
-389
-586
-798
-1064
-1057
-832
-889
-1170
-1150
-1084
-1003
-934
-781
-360
104
578
736
988
1150
1290
1513
1500
1408
1155
862
530
655
707
693
554
359
162
67
-43
-407
-468
-525
-709
-1009
-877
-977
-897
-1135
-1359
-1238
-1445
-1624
-1394
-1152
-1490
-1420
-1553
-1233
-1014
-1109
-1405
-1271
-1097
-1221
-1136
-1174
-1158
-1561
-1699
-1794
-1836
-1995
-2085
-2044
-1691
-1444
-981
-267
289
670
747
943
949
1050
1014
804
771
1164
1381
1704
1836
1735
2115
2697
3201
3399
3379
2987
2581
2419
2123
2001
1971
1774
1556
1053
974
804
958
990
918
448
173
116
-105
-237
-483
-569
-897
-1054
-1118
-701
-455
-323
-133
-190
-14
-145
-449
-462
-275
359
384
524
812
867
758
716
777
577
404
233
-4
-92
-219
-72
307
370
394
424
552
595
793
1013
1082
1219
1150
1139
1096
1068
1053
995
1051
1110
1403
1425
1648
1746
1777
1663
1579
1721
1482
1334
1181
939
888
547
314
182
-257
-404
-300
-252
-47
206
278
151
306
592
1013
929
873
942
861
843
949
923
763
660
757
960
1025
850
948
1360
1348
1383
1210
1044
1076
969
815
876
819
420
345
76
-149
-294
-392
-430
-652
-804
-950
-912
-924
-858
-765
-804
-908
-942
-876
-671
-382
-101
143
120
-16
-46
107
314
508
571
760
712
956
922
846
690
824
1265
1360
1326
1237
1287
1425
1471
1315
1182
1027
1078
1353
1427
1319
1184
1243
1304
1358
1200
999
807
585
452
433
410
445
674
383
104
58
-147
-460
-659
-553
-772
-962
-1066
-1421
-1344
-1496
-1211
-1172
-1191
-1355
-1285
-1060
-941
-1008
-920
-930
-1378
-1240
-1291
-911
-940
-817
-392
-159
10
287
468
765
1127
1268
1513
1437
1592
1722
1833
1738
1689
1523
1468
1275
1295
1865
1850
1825
1727
1455
1199
1301
1321
1201
1161
756
572
620
579
598
815
730
552
423
378
526
510
483
289
196
99
265
377
441
294
338
620
461
601
676
593
446
421
354
541
518
341
125
-47
62
410
179
53
-216
-338
-171
-202
-62
14
342
334
361
474
578
593
378
16
-288
-596
-317
192
202
-10
242
261
316
566
98
-116
-558
-383
-136
-272
-653
-1207
-740
-430
-210
-280
-109
-147
-210
-215
-237
-330
-592
-551
-431
-149
-115
-33
238
417
658
1011
1162
1434
1660
1353
1383
1139
908
1144
1230
1099
867
516
356
291
288
261
255
195
304
106
-159
31
-33
-417
-661
-864
-1004
-1150
-1218
-1034
-1101
-941
-807
-526
-549
-863
-1118
-1164
-1084
-1182
-1037
-873
-782
-665
-630
-529
-171
154
270
395
227
332
449
529
805
693
736
791
787
1072
1059
987
983
926
712
642
857
949
756
458
88
82
137
93
81
382
288
177
-78
-5
15
63
-516
-166
-75
-825
-519
-660
-192
-391
-463
-689
-1046
-1366
-1484
-1602
-2037
-2272
-2433
-2384
-2385
-2252
-2520
-2760
-2426
-2200
-2110
-1565
-1300
-1046
-1089
-1267
-1235
-1800
-1842
-1684
-1652
-1345
-1000
-588
-885
-777
-360
-702
-876
-1152
-1239
-1315
-1435
-1385
-1324
-1339
-1340
-1228
-1177
-1026
-1127
-1158
-1094
-1303
-1001
-852
-672
-320
-4
192
-81
-295
-549
-408
16
256
346
486
411
707
1029
1035
1207
1105
1400
1607
1770
2006
2278
2065
2141
2051
2154
2145
2298
2406
2218
2176
1726
1522
1309
939
482
119
-119
-78
-247
-195
-173
-355
-114
6
148
97
-142
-426
-398
-185
-231
-439
-1078
-1209
-1744
-1854
-1666
-1343
-972
-973
-1058
-1108
-850
-926
-969
-1432
-1516
-1488
-1354
-1482
-1657
-1417
-1008
-868
-914
-583
-342
-261
-28
380
620
657
658
722
538
502
729
791
874
978
1042
918
992
1230
1367
1290
1284
1143
804
833
807
795
358
262
277
524
543
322
413
300
649
628
584
330
