-3490
-3260
-2835
-2739
-2880
-2615
-1938
-1540
-1547
-1040
-875
-769
-792
-706
-711
-527
-689
-712
-533
-596
-411
-232
-631
-697
-789
-852
-643
-428
-457
-538
-789
-1132
-1233
-1280
-1050
-946
-509
-934
-718
-566
-354
25
70
348
209
85
94
123
1
104
137
-133
-97
67
308
220
-64
-16
-427
-493
29
18
306
334
676
927
979
1288
992
584
562
641
741
501
717
1094
1065
1373
1202
1451
1471
1316
1125
549
379
337
268
-234
-277
-5
-62
260
345
160
467
839
1012
1245
1015
505
255
188
-131
-152
-377
-351
-111
2
53
306
578
564
397
377
623
803
953
1023
1118
1192
714
253
452
359
362
355
534
807
881
1354
1336
1344
1078
680
960
1002
945
1088
1107
774
580
559
227
274
366
436
708
558
530
787
837
544
384
190
-116
-282
-565
-856
-979
-1120
-945
-1274
-1530
-1597
-1711
-1616
-1263
-952
-707
-541
-790
-892
-1368
-1491
-1710
-1668
-1539
-1478
-1559
-1344
-1382
-1487
-1026
-792
-402
-47
-38
5
110
266
187
40
-202
51
411
676
1169
1396
1400
1664
1615
1593
1733
1614
1757
1689
1526
1341
1214
1262
1397
1464
1419
1602
2110
2286
2589
2874
2854
2757
2745
2938
3079
3031
2930
2760
3183
3054
2937
3411
3601
3474
3291
3170
2852
2389
2153
1736
1651
1519
1381
1114
1088
968
796
531
637
680
1025
1019
847
1037
1296
1623
1473
1753
1654
1900
1972
1900
1773
1769
1477
1705
1306
930
591
224
311
148
-162
-611
-719
-967
-1069
-958
-750
-541
-305
-288
-94
-89
-74
6
-319
-109
-437
-661
-643
-572
-521
-710
-818
-817
-1083
-1003
-783
-934
-757
-980
-681
-1063
-1282
-1337
-1482
-1614
-1495
-1019
-1160
-783
-1083
-1389
-1366
-1492
-1513
-1951
-2194
-1713
-1873
-2097
-1735
-1979
-2198
-2240
-2437
-2600
-2875
-3122
-3244
-3465
-3686
-3714
-3307
-3500
-3453
-3329
-3508
-3473
-3530
-4151
-4628
-4414
-4362
-4348
-4323
-4395
-4118
-3713
-3762
-3562
-3820
-3547
-3436
-3185
-3289
-3216
-2883
-2658
-2272
-2225
-2196
-1972
-1620
-1510
-1466
-914
-256
-26
326
653
791
975
1255
1160
1389
1285
1445
1202
1225
1809
1428
1211
1415
1533
1401
1721
1643
1705
1759
1350
1641
1364
1141
811
684
699
158
262
180
202
392
402
-58
-169
-359
-802
-1064
-1128
-1022
-1165
-1356
-1832
-2195
-2328
-2330
-2352
-2250
-1838
-1831
-1953
-1730
-1457
-1033
-891
-650
-274
28
248
440
314
48
-245
-678
-896
-1143
-1284
-1394
-1368
-1111
-1070
-910
-821
-867
-668
-624
-617
-118
256
-78
166
264
291
556
1168
1553
1663
1757
1492
1624
1771
1830
1924
1830
1438
978
730
826
745
1266
1311
1031
1184
989
717
483
636
394
-222
-142
-630
-1084
-1372
-1490
-1750
-2201
-2018
-2112
-1953
-1178
-1093
-929
-803
-609
-656
-518
-341
-356
-466
-256
46
-93
-131
-326
-372
-428
-217
-127
-275
-504
-323
-618
-904
-780
-902
-569
-234
-120
15
152
367
297
412
548
426
287
800
800
627
842
412
487
546
713
807
651
786
821
880
680
575
409
99
170
-72
-547
-444
-349
-78
154
167
146
44
240
579
614
600
603
437
76
115
42
-126
-459
-512
-115
-5
528
778
948
1139
1015
730
715
538
189
306
501
760
1018
1319
1437
1392
1421
1528
1267
1043
1129
1158
1275
1039
1185
1048
936
599
391
572
250
167
46
376
108
216
270
359
247
85
343
719
772
810
1088
874
706
749
969
509
459
661
793
990
431
51
-327
-370
-487
-875
-818
-1105
-1249
-1423
-1046
-740
-851
-1096
-1095
-1029
-677
-359
-457
-145
7
-131
-78
-141
-232
-404
-632
-998
-1276
-1597
-1631
-1817
-2049
-2308
-2626
-2294
-2149
-2228
-2007
-1530
-1343
-912
-399
-283
-580
-487
-186
-30
74
-7
-87
79
139
418
369
400
471
196
355
54
-24
-81
-86
-446
-260
-351
122
55
-120
232
287
107
74
468
178
216
-77
192
157
292
706
662
722
0
-240
-407
-589
-584
-939
-842
-774
-1050
-1538
-1389
-1403
-1066
-1057
-1061
-1047
-1162
-1185
-1391
-1132
-814
-662
-297
38
416
1128
1301
1406
1766
2024
1779
1987
1955
1731
1569
1179
1178
991
590
313
262
33
258
156
651
1291
1177
1719
2285
2560
2612
2990
3099
3113
3007
2628
2657
2380
2094
2084
1629
1303
850
676
863
603
623
440
514
557
262
81
103
-72
-420
-453
-540
-128
-413
-497
-814
-566
-238
-224
-61
180
93
-106
-286
-550
-573
-980
-1441
-1175
-911
-858
-531
-476
-200
-290
-219
-480
-505
-420
-610
-549
-554
-757
-1178
-1315
-1283
-1477
-1631
-1737
-1681
-1170
-917
-972
-913
-996
-934
-661
-269
-174
-75
-234
-420
-530
-654
-777
-1112
-848
-809
-869
-1015
-1304
-1091
-1419
-1359
-1660
-2195
-2100
-2643
-3242
-3020
-2935
-2802
-2577
-2349
-2457
-2348
-2485
-2492
-1893
-1532
-1008
-1140
-1680
-1721
-1643
-2084
-2290
-2062
-1792
-1316
-1244
-1443
-1531
-1538
-1479
-1809
-1930
-1952
-1831
-1658
-1429
-1270
-1207
-959
-863
-884
-883
-794
-1052
-735
-783
-605
-609
-640
-382
-209
-324
-493
-281
-118
312
534
471
384
511
277
104
190
125
-191
-225
-248
-317
-140
-226
-27
15
-506
-827
-735
-467
-722
-908
-943
-1219
-1180
-1231
-1080
-821
-414
-119
-269
-81
-113
-392
-683
-476
-497
-564
-386
-302
238
-27
178
271
742
781
956
1340
1552
1821
2196
2267
2080
2258
1926
1867
1951
2225
2256
2289
2153
2095
2183
2164
2040
2120
2371
2191
1919
2109
2021
2234
2629
2632
2577
2333
1955
2172
2346
2159
2324
2545
3048
2991
3059
2831
2519
2350
2013
1705
1211
1245
1208
1107
1167
1313
1414
1564
1613
1246
1035
614
302
-65
-17
-10
-91
-183
-69
236
160
148
159
199
64
91
-77
141
-82
-324
-245
-297
-332
-568
-777
-973
-1397
-1354
-1586
-1503
-1092
-982
-498
-369
-628
-369
-157
76
164
-12
341
228
798
1185
1615
2003
2044
2212
2103
2143
1908
1462
1665
1433
1587
1634
1595
1261
1801
2234
2294
2850
2855
2803
2751
2432
2414
2358
2365
2367
2231
2614
2339
2116
1805
1426
1421
1376
1033
811
794
719
978
1026
548
396
276
321
543
282
310
-45
-90
-220
-653
-835
-1056
-1312
-1573
-1431
-1217
-1163
-977
-1106
-1112
-1167
-1125
-1323
-1549
-1570
-1289
-806
-870
-864
-1098
-1236
-1325
-1594
-1557
-1178
-695
-541
-446
-721
-942
-782
-1132
-1394
-1769
-1848
-2184
-2214
-1917
-1818
-1113
-998
-735
-477
-598
-634
-756
-662
-491
-362
46
200
647
582
412
484
185
-301
-557
-527
-621
-279
-473
-780
-856
-1278
-1546
-1550
-1589
-1638
-1640
-1695
-1608
-1960
-2267
-2397
-2899
-2651
-2994
-3196
-3195
-3717
-3727
-3830
-3913
-3560
-3245
-2762
-2647
-1964
-1740
-1669
-1467
-1564
-1525
-1553
-1323
-1468
-1170
-522
-631
-990
-1017
-1071
-806
-975
-877
-520
-964
-1003
-1097
-1235
-1293
-1157
-1611
-1279
-1268
-1320
-1359
-1144
-1190
-1301
-897
-1202
-966
-1027
-937
-1154
-1209
-961
-729
-464
-640
-667
-308
-681
-506
-70
-79
39
227
281
302
159
33
222
70
85
-87
463
872
1223
1494
1523
1677
1238
1164
1310
1281
1031
1123
1129
1040
1085
809
633
761
679
453
121
65
-140
-463
-713
-551
-136
85
603
1107
1548
1600
1510
1568
1818
2123
1903
2139
1824
1781
2084
1730
1438
1086
1029
1444
1570
1800
2186
2149
2219
2538
2109
1870
1834
1940
2039
1752
1838
2152
2076
1796
1987
2455
2392
2493
2484
2355
2365
2123
1822
1642
1581
1444
1387
1214
1237
1376
875
858
445
691
967
1000
1450
1452
1539
1543
1650
1289
1103
1058
1124
1160
1231
711
653
648
908
896
649
645
225
475
129
225
201
54
436
367
1033
1178
1281
1536
1571
1866
2320
2431
2236
2572
2496
2696
2741
2038
1933
1684
1361
1053
685
655
454
698
885
845
751
706
792
538
426
326
410
753
1041
1031
1315
1456
1022
817
823
484
510
194
280
552
519
337
399
738
352
46
67
-27
-340
-827
-1069
-1188
-1338
-564
-599
-224
370
88
-38
-268
115
243
606
590
526
711
606
637
226
-188
-630
-312
-246
-265
-42
-68
-108
-469
-838
-1422
-1817
-1589
-1708
-1341
-570
-325
-80
-149
-118
-116
-287
-683
-970
-870
-999
-1290
-1155
-746
-134
-297
-366
-190
-322
-278
-440
-369
-273
-178
39
57
-210
-171
-756
-1203
-1243
-1498
-1831
-2515
-2372
-2348
-1938
-1696
-1753
-1497
-1306
-959
-1196
-1078
-1111
-1193
-1245
-1082
-856
-981
-1081
-939
-725
-595
-506
-936
-1396
-1724
-2015
-1647
-1166
-1100
-1018
-1116
-1393
-1855
-2051
-1635
-1802
-1826
-1777
-1532
-1567
-1418
-1256
-1294
-1215
-1055
-1137
-998
-1187
-929
-648
-1082
-745
-682
-555
-588
-201
100
71
-181
-514
-496
-861
-1150
-1209
-1005
-1030
-1169
-530
-503
-134
277
300
288
74
103
43
209
215
233
391
355
599
375
394
440
714
648
390
438
508
730
822
407
73
15
-281
-170
-228
-490
-798
-916
-773
-592
-681
-792
-864
-238
-213
-65
249
68
302
341
26
-78
-125
-94
140
536
870
885
1287
1255
1125
1043
790
783
747
866
1033
1339
1426
1179
1089
908
712
653
653
477
190
160
8
51
382
333
348
494
831
936
887
1104
902
1177
898
1058
669
504
664
487
698
770
714
417
258
368
147
152
5
-343
276
470
866
951
908
662
607
900
850
779
479
103
-94
-135
246
229
411
546
578
572
468
415
279
669
625
808
845
923
1092
1246
1141
1287
1309
1045
1012
1012
647
557
857
1162
1393
1234
987
1076
1190
941
647
782
1017
1210
1523
2104
2280
2387
2266
2292
2580
2146
2281
2666
2155
1949
2302
2076
1854
1493
1381
939
180
-321
-224
-696
-1012
-1049
-1091
-1222
-1323
-980
-1716
-1662
-1372
-1099
-1100
-1052
-866
-1253
-975
-1171
-1125
-1810
-2179
-1951
-2331
-2675
-2839
-2884
-2967
-3021
-2468
-1849
-1286
-332
234
467
753
842
727
1095
1413
1949
2377
2490
2478
2376
2444
2148
1708
1552
1491
1239
1188
1172
948
767
575
370
317
-89
-303
-557
-651
-500
-478
-776
-579
-847
-901
-952
-1240
-1398
-1492
-1388
-1554
-1725
-1980
-1949
-2064
-2502
-2797
-2814
-2867
-3287
-2913
-2578
-2316
-2021
-1983
-1482
-1514
-1385
-1478
-1705
-2151
-1459
-1319
-1206
-944
-764
-685
-853
-75
-745
-898
-749
-535
-1145
-1385
-1266
-1294
-1257
-1158
-1106
-972
-1052
-1163
-1413
-1436
-1350
-1419
-1138
-883
-442
-663
-636
-632
-896
-1014
-1124
-921
-818
-800
-358
-195
94
637
782
708
546
759
491
580
623
914
690
1141
1253
1523
1640
1667
1796
1565
1537
1178
1112
1140
774
749
513
540
295
-168
110
-608
-628
-1262
-1149
-1768
-1922
-1561
-1496
-999
-564
-225
-422
-176
-315
-418
-848
-891
-755
-824
-901
-370
-351
-373
-379
-715
-1117
-1120
-918
-785
-683
-143
440
537
387
969
1014
783
1452
1488
1548
1167
956
1049
1091
1116
856
1374
1389
1602
2045
2107
2412
2083
1885
1296
1358
1238
822
1295
1508
1639
1395
1199
1381
1120
1389
1283
1159
1485
1361
876
695
1156
743
311
177
114
104
6
284
3
122
314
271
460
107
693
447
422
765
790
260
360
215
-50
-1
-91
-140
-519
-603
-839
-499
-754
-670
-723
-1230
-1662
-1896
-2198
-2656
-3012
-3474
-3654
-3733
-3726
-3625
-3237
-3446
-3567
-3281
-3621
-3610
-3842
-3675
-3344
-3114
-3108
-3216
-2518
-2458
-2322
-2238
-1602
-1113
-754
-696
-1040
-557
220
615
1010
1333
2268
2601
2791
3435
4482
5081
5520
6237
6696
6809
7329
7771
8319
8336
8187
8265
7916
7779
7780
7690
7075
6284
5906
5371
4819
4430
3977
3089
2474
1876
1283
891
216
-204
-714
-600
-697
-837
-999
-1422
-1808
-1778
-1825
-2264
-2423
-3299
-3842
-4699
-5216
-5416
-6271
-6608
-7411
-8023
-8659
-9448
-9996
-10563
-10767
-10968
-8577
-8477
-10033
-14262
-11895
-7595
-8044
-10475
-11840
-7615
-6988
-7170
-8481
-9465
-6755
-3794
-1566
-2315
-1428
1078
220
1248
3262
5888
4122
3623
7648
9669
8625
7687
9635
10921
9736
8367
8678
9080
7736
7179
7795
8013
6053
5599
7191
7410
4998
3452
5335
5567
3228
2082
2507
1255
-396
-61
427
-1745
-3525
-3376
-3440
-4837
-5890
-5778
-5051
-5751
-6669
-6676
-6469
-5234
-5459
-4735
-4934
-4270
-4530
-3584
-2963
-3011
-2596
-1722
-1810
-824
-695
371
-1906
-132
1310
1549
943
1070
3065
2571
2736
2685
2824
3944
4866
4204
3882
4474
4916
3534
4718
4814
4060
2508
2272
3040
2373
1804
1530
888
758
976
621
-157
81
132
-990
-682
-396
-744
-1434
-1581
-2542
-3089
-2992
-1854
-2326
-3867
-3877
-3362
-3260
-3325
-3343
-3455
-3902
-3224
-3061
-2847
-3173
-2962
-3062
-2704
-2257
-1605
-2567
-2494
-2425
-2041
-2192
-2261
-1475
-1214
-912
-1022
-706
-682
-806
-511
-547
455
270
1183
1476
1778
1511
2468
2498
2227
3220
3191
3083
3204
3979
3768
2702
4107
4672
3925
4264
4626
4986
3177
4491
4359
3318
3081
3852
3534
3022
3257
2707
1602
2104
2327
1479
1687
1770
852
-469
222
720
-448
-1427
-1170
-1678
-2040
-2139
-1615
-2216
-2156
-1692
-2403
-2078
-1981
-1618
-1590
-2107
-1563
-1819
-1692
-1286
-1775
-1947
-2017
-2152
-3212
-3782
-4189
-4840
-4969
-3898
-3886
-4547
-4521
-4321
-4765
-4984
-4345
-4199
-4841
-4624
-4490
-4625
-5216
-5018
-5614
-5976
-6039
-5516
-5939
-6194
-6859
-5832
-4226
-4545
-7206
-8642
-4029
-2570
-5478
-7011
-3887
-1208
-2196
-2540
-2083
-1878
532
2243
2608
2080
4588
5343
4252
5728
8274
7328
5357
7654
10473
8512
6757
9349
10745
9016
7954
8820
9508
7425
7351
7325
8052
5711
5382
5041
5816
4449
3153
3774
2626
1849
2261
3070
262
-2172
-260
676
-874
-794
-431
-310
-2127
-407
103
-502
-594
57
-946
-1078
-130
-1053
-2557
-2354
-1691
-3309
-3722
-3098
-3346
-4746
-4985
-5477
-6227
-6559
-6486
-9404
-11111
-10860
-11181
-11884
-13357
-6855
-8456
-14909
-24435
-16118
-5584
-11587
-19722
-18971
-7766
-7145
-10179
-11734
-14495
-9359
-2094
-135
-4329
-2539
4138
1121
767
8768
12774
5953
5303
14183
15164
7806
8305
16564
17234
11241
10323
15573
16530
11875
11777
14334
12719
8178
9566
14651
10747
3925
5108
9844
7653
1575
3458
4740
-188
-1238
3125
3918
-2144
-3697
347
-910
-4224
-4768
-699
-2470
-2693
-2364
-2187
-3497
-1649
5058
793
-1313
-826
4476
4544
5863
6927
3722
4573
10886
12301
8915
7874
11700
9934
10536
13831
11742
7827
8277
10762
7526
6020
7583
5942
1858
-313
-2417
-4016
-4531
-5686
-9928
-13969
-12965
-14992
-16542
-17538
-16257
-18393
-21823
-23424
-23996
-19690
-21251
-21603
-24080
-18744
-15890
-14929
-15175
-16315
-14176
-8612
-4554
-4460
-4978
-171
1015
1632
4079
9039
9746
8672
11850
14766
14076
13761
16822
19498
17897
17219
18288
20124
19798
18721
18350
18203
17495
18099
19316
17879
14852
13497
14342
14547
12024
10903
10330
8470
7048
7408
8402
5261
3754
4063
3552
1437
23
2467
1340
-354
-236
106
-606
-269
3232
2243
-364
1508
4554
5017
4798
6223
5200
3756
5533
7625
6676
6136
5541
3442
2296
4304
4165
-581
-2176
-2225
-4392
-6487
-7386
-8246
-13467
-15177
-17692
-20572
-16094
-11834
-18022
-30169
-30169
-15125
-15468
-24554
-29213
-21147
-15736
-17832
-18498
-22612
-21522
-13422
-8486
-10970
-12119
-5237
-4854
-7550
-2659
4054
1090
-2412
5098
10333
5579
2786
10091
15523
10904
7528
11436
16674
14173
11669
14416
15566
11911
10861
16660
16739
7853
6152
12152
13105
6090
5255
9586
5120
-701
2455
6329
1915
-2992
800
2897
-733
-2986
140
708
-219
-1698
-1478
-1820
1343
3458
2127
-142
-466
3284
3387
3490
2437
1977
3175
4203
5315
6087
6321
5969
4268
5560
6796
6248
4127
3031
2217
-64
-1870
-992
-2012
-5074
-9039
-10337
-10348
-11564
-13125
-18584
-21194
-23488
-23637
-23325
-18682
-19380
-27046
-32741
-25729
-17125
-23411
-30513
-27564
-19328
-17881
-19795
-18935
-19825
-16162
-10184
-7317
-7557
-5330
-579
-1283
270
6261
8783
6299
7828
13935
14737
11059
12547
18432
19193
15926
16318
20513
21377
18818
19034
21626
19776
16317
18486
22963
19919
13721
14610
17855
15942
11492
12498
12183
8204
6687
9003
8213
4200
3103
4569
3328
-52
298
-53
1246
-359
-1241
-3112
-1628
1351
1285
-1144
-2262
-409
1291
1212
1879
2463
1712
1312
3375
6259
4664
2807
2140
3485
3270
3038
3076
1099
-1376
-1543
-1583
-1894
-4456
-6293
-9240
-11191
-12675
-14224
-17302
-16066
-13364
-16828
-24625
-27692
-18343
-16253
-21792
-26891
-23419
-15959
-15962
-16841
-21418
-20079
-13602
-8847
-8186
-8782
-4776
-4891
-5608
293
6256
5611
2019
7508
13161
11316
8479
13418
18970
16621
13467
16256
20559
19196
17096
19598
20481
17303
16081
21796
23402
15693
12130
16832
19449
14552
12732
15556
12719
7580
9396
13109
10690
4827
5913
7395
6330
3196
3994
5570
4772
2827
-419
2602
3060
4008
1802
1359
937
2207
3956
4878
3733
3602
2419
2982
5179
6870
5108
2955
3351
3518
4505
4731
3806
1008
-752
-1551
-2636
-1788
-2708
-6365
-11197
-11796
-11264
-13974
-16963
-20322
-22036
-18415
-15541
-21250
-30227
-30042
-18243
-21429
-27247
-30130
-22125
-18713
-20289
-19913
-23098
-21379
-13844
-8788
-9604
-11829
-6750
-4695
-3350
1649
5962
4142
2417
8751
14089
11909
9952
13917
17944
15887
15055
17855
21217
19055
17958
19638
19605
16847
17315
22166
20587
13267
12362
17093
17461
12790
11865
12109
7430
5995
9687
10178
3825
681
3526
4568
503
2460
2245
-4
-3710
-1378
745
-2922
-1495
-1377
-1862
-3293
-1491
-2040
-3621
-75
927
-3796
-3574
757
3602
-434
-383
-644
-1519
670
3248
2286
-2934
-3053
-4189
-2844
-4569
-4713
-10253
-12590
-13952
-15190
-17032
-18972
-21460
-20252
-18769
-22554
-29677
-28365
-17740
-22864
-29504
-30200
-21112
-18181
-20873
-21283
-23553
-21201
-13214
-9268
-9702
-10628
-5980
-6428
-4855
2381
6614
1724
137
7259
11170
6897
5899
11201
13332
8837
8737
13703
16201
12618
11348
14269
13824
11367
13010
18489
15986
8859
9726
14904
15150
10643
10408
10460
6425
6899
11416
11047
5206
3896
6950
6960
4085
5723
5574
6416
5024
3448
1423
3817
9780
5180
604
-335
5172
7345
7823
5117
851
1752
7957
8734
7257
5713
5100
1732
3769
7860
5663
1840
-280
-216
-2619
-2491
-3510
-6647
-10604
-13170
-14255
-15122
-15599
-20421
-25989
-26310
-18152
-17771
-25478
-32009
-26680
-16899
-23145
-27822
-26830
-18222
-16383
-18998
-18285
-20066
-15310
-7556
-5165
-6806
-7241
-1484
-1485
724
6554
8230
4133
4809
13607
15170
10459
10995
16606
17237
13020
14670
18817
18757
14024
15021
18246
15763
13064
15981
19804
14311
8615
13086
16836
13717
9834
11745
11424
6088
7704
12595
10724
3447
2859
6802
6739
3902
4129
4195
2381
1753
4552
4029
1840
1195
1568
1987
2079
3714
2252
1898
4660
4840
990
-374
3968
6794
3362
1926
1289
1709
2654
3955
2393
-2267
-3852
-4887
-3872
-3447
-7002
-13411
-16312
-14660
-15235
-18787
-20384
-22478
-19194
-20466
-25500
-30706
-24844
-16440
-24191
-28429
-25299
-16639
-16345
-18281
-17661
-18814
-13722
-6200
-4601
-5772
-3903
-89
-2308
2244
10289
10107
3445
6123
15629
15625
10578
12638
17852
17212
13728
16912
19887
18123
14358
16015
18815
14495
11372
15175
18555
12688
6489
10233
13270
9981
7339
8767
6243
1423
4847
9541
5862
233
1015
3952
2823
3385
4199
1937
390
3268
4173
1540
3147
6262
3973
680
3324
6217
4745
4934
6166
4143
3341
5486
7755
6305
4798
2586
606
3023
4988
3459
-1599
-3537
-4908
-6121
-4940
-6528
-11030
-16866
-16606
-18352
-19531
-22026
-20354
-18504
-26739
-31184
-31260
-19447
-21010
-30609
-31861
-25678
-17318
-19628
-21413
-22611
-21989
-12762
-8854
-8418
-9305
-4252
-2937
-4767
2748
9369
6951
2080
9307
16606
12520
9881
15569
20307
14718
11466
17195
19925
16947
13804
17179
16277
11489
12998
18135
17579
8060
7065
12585
12905
8756
7605
8389
3613
2014
6692
7856
2214
-700
1953
2002
-226
421
2662
-440
-1817
-880
338
-209
193
2285
-448
-674
1398
3356
3330
4205
4896
2963
2706
5909
8044
7083
6234
4757
3026
5180
9026
7156
1132
-762
-145
-293
-2697
-4566
-8254
-11877
-13403
-14951
-16571
-18415
-18904
-17175
-23076
-28459
-29560
-19973
-18488
-27914
-30467
-25616
-17675
-18233
-20076
-21593
-21345
-13108
-6865
-6101
-6916
-3660
-1503
-2087
4731
10928
8858
4927
10573
17782
14832
12291
16834
21251
17109
13719
18208
21715
19195
15563
17916
17871
13732
13477
18306
18655
10500
7814
12647
13783
9941
8371
8382
4292
2143
6803
6810
2174
-1781
3480
2334
524
727
2135
1779
485
2529
99
803
5776
6483
2372
321
4378
6325
5372
8703
7632
4040
3188
8331
10431
6904
4088
1989
2607
4227
5164
726
-2238
-3225
-4258
-6518
-7753
-9087
-14253
-18256
-19752
-21282
-16317
-13190
-19742
-29676
-28364
-15556
-17350
-27304
-30059
-22519
-18349
-19698
-20355
-21924
-21192
-13390
-9131
-10753
-10510
-3828
-2977
-4236
949
7732
5243
3028
10352
15550
11511
9137
16925
20537
15342
12450
19275
23286
17401
14610
18740
19826
14165
13604
18453
16915
10435
10247
14466
12634
8164
8751
8865
5247
3896
6214
6099
2016
1107
1154
1782
1105
59
-1423
-899
1928
316
-1719
-1661
1655
2103
322
71
1021
1860
2772
3717
4146
2097
1494
3354
5701
3986
1260
1413
2521
2343
854
22
-1025
-2779
-4068
-3797
-5416
-8042
-12008
-12528
-13665
-16984
-17357
-12594
-13635
-21911
-30174
-20118
-13635
-18840
-28213
-26152
-17194
-16686
-17628
-19566
-20463
-17161
-9966
-6018
-9239
-7924
-2949
-1667
-1026
3920
8228
4875
5794
12636
15467
11355
11493
18831
19828
15628
15155
20436
21829
17363
17373
18725
16915
13262
15471
18971
13582
7491
9606
13821
10212
5801
8151
7801
2184
1403
5833
5091
-2171
-2295
-36
867
-2423
-1783
-1688
-2897
-1335
-2328
-1105
-1506
108
821
-160
34
-611
1369
4871
3389
2098
1198
3938
5606
5911
5521
3463
2116
2716
4490
5082
2210
-2274
-2945
-1113
-387
-4179
-7078
-8656
-9877
-12988
-14605
-14256
-15427
-15457
-19183
-24284
-26485
-21752
-15248
-24183
-28622
-27308
-18815
-15909
-19465
-21526
-23490
-15455
-8053
-8787
-9438
-6780
-2429
-4879
-961
7593
8556
3886
6574
14696
14592
10788
14508
20468
18689
14118
17374
22069
21693
17383
17365
19792
17104
14997
17282
20360
16106
9489
11740
14877
13083
9162
8313
6443
2242
4400
7657
5775
-797
-1475
-26
1758
1521
169
-1251
-2200
1147
1266
-1360
-1055
1747
3431
-139
-931
2352
3484
5217
4541
2547
192
3119
7915
6139
1474
106
716
2064
2294
598
-2771
-4963
-5249
-6272
-7471
-7511
-11977
-15589
-17730
-15355
-11290
-15748
-23958
-31775
-21059
-13415
-20570
-31527
-28381
-17731
-17013
-22025
-24978
-24431
-17816
-11676
-11661
-15739
-11206
-5588
-5765
-4288
1569
2938
-2102
3572
14144
11780
4724
8904
19912
17487
10283
13344
21200
21042
15406
16612
20200
17735
14738
18676
21549
14218
8664
14207
18693
12478
6667
9961
11048
6728
5677
7743
4894
444
2791
2614
-486
-2806
1096
1175
-2444
-1936
-1492
-1350
803
2281
-7
-3803
677
5306
2932
337
994
3025
2490
3948
5155
3374
2274
2516
2259
1803
2536
1312
-1804
-2954
-2292
-3888
-5529
-6772
-8926
-12439
-13201
-14471
-16317
-17072
-13567
-17013
-26607
-29212
-21392
-14394
-24033
-30508
-27977
-20829
-17903
-20833
-22681
-25217
-19109
-10351
-10492
-13332
-11123
-4446
-4963
-3612
2177
4743
1746
3497
11524
12252
8516
10857
17825
18736
13843
15517
21098
22968
19972
18619
21016
20120
19205
21017
22899
18503
12892
15798
19050
15763
11415
11944
12108
7680
7066
8885
7167
4014
3034
3262
890
3199
4253
1473
-2116
224
1975
41
1202
2722
760
-327
2325
3883
2450
3178
4366
1857
1607
3720
5395
3842
3100
947
-771
1304
3091
198
-3328
-4286
-5553
-6531
-5384
-7539
-11402
-14524
-13619
-18053
-13112
-8461
-16727
-29015
-27247
-7185
-13215
-26768
-28373
-17092
-12389
-20135
-19837
-20540
-18720
-11736
-10461
-11543
-12693
-5765
-5918
-5789
-314
3117
-89
-25
10116
11223
5073
5273
14482
18467
11347
10612
15244
19715
17276
14964
18118
16711
14269
16485
21935
18935
8922
11581
19514
17163
8814
9258
13531
9073
5937
9741
9762
3357
2460
6468
4693
46
1181
4652
1702
-115
-146
726
2337
3850
2380
-1537
832
4636
3683
1760
3763
3779
3085
4228
5512
3270
2557
5425
4570
1770
2180
3084
698
-1308
-1589
-3013
-5191
-6273
-7824
-9948
-11224
-13705
-16488
-18045
-11218
-13678
-24734
-28549
-22795
-11113
-23481
-27960
-26253
-19200
-16792
-20903
-19910
-23622
-19802
-11686
-11412
-13398
-13758
-6309
-6957
-5640
-1667
1292
-366
69
8013
8194
5175
6550
13361
15618
9424
10869
16072
19558
16959
14675
17389
16976
16870
18477
20417
17198
11578
15502
19188
16526
11898
12707
13586
9528
8176
11280
10070
5271
4241
5075
4366
3336
5456
4096
-898
-937
2683
3319
1266
680
1724
1113
1966
2767
2039
2478
3591
2172
1488
3362
3684
1484
661
2097
-428
-1543
556
-82
-3635
-6464
-5989
-7462
-9033
-10976
-13147
-15571
-16715
-19588
-14224
-13663
-20475
-30729
-26076
-10014
-18191
-29043
-30658
-17796
-13068
-21342
-23319
-23842
-17316
-11554
-13208
-14512
-12760
-6798
-8938
-6807
-766
766
-3380
-502
9170
7219
2490
5591
14493
14674
7408
9801
14774
18264
15101
14227
17391
15457
14616
17872
22336
17221
8980
14210
20817
16984
10052
11800
14905
9864
8776
13292
10730
4547
5318
9592
5722
2175
4983
6967
3050
971
3279
2497
2561
3394
3417
1218
2001
3869
3207
3380
5643
2995
1418
3645
6866
4067
1294
2820
2404
1766
1502
1006
-1865
-3665
-3781
-4190
-5686
-7876
-11622
-12252
-12416
-14444
-18399
-12001
-13426
-22216
-29159
-19231
-10151
-23696
-28637
-24764
-15090
-17163
-22022
-20132
-21171
-15019
-11742
-12415
-12734
-9558
-5896
-8493
-3545
1130
635
-2580
3438
9474
5247
4292
9713
14307
10228
7686
13197
16023
16147
13942
16182
16913
14118
15981
19933
20939
13675
11633
18445
20329
15029
12473
16282
14366
9239
11603
15349
10677
4385
7146
9779
8014
3889
5506
5918
4020
3455
3115
3627
2744
3271
4205
2889
2376
3210
4919
5444
4287
2852
3195
5146
5798
4050
2036
2481
1773
1553
2677
1237
-2539
-5607
-4524
-4353
-7568
-10201
-12228
-12938
-15600
-17952
-12901
-12568
-20007
-28904
-24262
-11375
-17093
-25784
-27497
-18997
-14300
-18180
-19768
-22286
-18596
-12197
-11347
-12737
-12027
-7836
-7970
-5996
-1532
-271
-2911
-122
6908
5048
1752
5023
11946
11036
6053
9027
12343
13799
12581
14102
15223
11356
11970
17207
19868
14110
8704
13175
17224
14118
10989
12537
12470
8548
8779
12743
10582
4574
4984
7926
6899
3722
4087
6233
3554
3253
4422
3929
4531
5049
5990
3369
3289
5379
5089
4974
5913
4835
3582
4947
7037
5669
3490
3449
3233
2504
2779
766
-1572
-3348
-3453
-5903
-7514
-8220
-11281
-14743
-16020
-15952
-16452
-15458
-18046
-24800
-28957
-20439
-15933
-24521
-31015
-26440
-18590
-19359
-24150
-23859
-22866
-17484
-14311
-14518
-14604
-11589
-9318
-9094
-6003
-1809
-2650
-3697
1191
5092
2716
2766
7724
10896
7140
6211
10887
13993
12592
11401
13106
13257
11540
13477
17899
17327
10904
9767
16340
17934
12568
10094
12836
12408
8766
10755
12991
9975
4741
6292
9334
8213
6105
5713
6659
4974
4301
5504
7025
5896
4275
4537
6368
6409
5738
5494
6862
5644
3779
5003
7270
6596
2510
2078
4219
3231
1047
453
254
-3368
-5420
-5821
-3981
-9098
-12396
-15290
-13381
-15293
-18455
-15914
-17393
-21945
-30306
-22869
-17426
-19926
-29705
-28557
-20514
-17963
-20700
-24873
-23827
-17806
-14201
-12639
-14876
-10334
-8648
-7825
-5244
-730
702
-2499
2210
7353
6438
3797
7687
14273
11014
7763
10149
15777
15197
12830
14778
15730
13520
12852
18323
19883
13090
9807
14916
19120
14629
11220
13098
12548
9897
10601
14291
10782
6398
6892
9339
7718
5778
7336
6283
4615
3927
5983
5720
5705
5508
4048
4360
6523
7514
6013
6469
7992
6475
6261
8556
10105
6987
5402
5547
6087
5401
5308
3616
-222
-1034
-1079
-724
-3917
-7024
-10008
-11447
-11850
-14687
-17537
-15955
-12596
-21601
-28296
-27473
-15142
-18607
-29736
-29248
-24681
-18211
-20760
-21556
-24146
-25311
-15571
-11642
-13081
-15591
-10018
-6717
-8552
-4054
-84
1194
-2456
2755
7115
5369
5497
9022
13652
8824
7278
11838
15904
16155
12562
14054
13888
13784
17244
20346
17948
10246
12020
19034
19326
13894
11597
13554
11442
10048
12940
12307
7808
5266
8472
8105
6214
6222
8817
6370
3396
4127
6462
8696
7397
5446
3472
5690
9525
8790
6860
6638
5388
4274
7559
10207
7258
2494
3364
4956
3795
2792
1443
-2106
-4993
-5188
-5703
-7480
-10998
-13648
-16708
-16013
-11680
-16244
-23128
-30189
-21712
-17593
-22317
-29702
-30486
-22382
-19563
-22313
-28198
-29275
-19516
-14113
-15216
-19560
-14844
-10875
-10836
-7989
-2297
-1230
-6825
-2374
6751
7345
1397
2555
11469
10511
5718
7805
15089
14994
9273
11547
15497
13640
10988
15473
19521
12258
7342
13309
19433
14817
8802
10403
11071
8593
9614
12817
9170
2557
4357
8546
8379
4041
4013
5239
3418
3484
4159
5605
4737
4672
3285
2337
5000
7996
7029
4875
4378
5922
7003
9094
8663
5861
4001
5437
6465
6364
4748
1731
-1005
-2208
-1836
-3862
-6367
-8876
-12791
-14206
-16180
-14133
-12536
-17174
-26188
-30860
-19354
-14476
-22114
-31951
-28415
-19448
-18611
-22970
-25702
-25085
-20080
-15476
-13605
-16019
-14456
-11629
-8695
-5998
-2717
-2088
-3802
258
5118
4713
2527
5648
11229
9400
6033
7530
12886
13754
10872
10703
12085
11965
12184
15126
16230
11479
9155
12919
16251
13119
10118
11152
11160
10074
9908
11442
8258
6334
6616
7127
4966
4258
7213
5761
3568
2809
4780
6276
6657
5796
4192
5266
8456
8586
7607
7889
8183
6623
7966
10184
9063
6091
6570
8016
6250
4085
5020
2888
488
-1799
-2438
-4293
-8139
-8874
-12160
-14888
-10984
-12090
-16766
-26927
-24137
-15069
-17594
-24300
-31054
-24510
-18403
-18170
-23866
-28206
-23403
-16333
-13389
-16302
-16055
-13797
-13130
-8987
-5010
-2082
-6194
-5306
1182
4083
2820
1905
7451
9157
6229
6228
10139
13683
10845
9997
11199
11353
10792
13072
16561
12676
7806
9898
15557
14762
10733
9491
9672
8533
9268
11576
9945
4820
4638
5847
7598
6155
4879
4251
3352
5796
5332
5101
4927
6314
6086
4068
5006
8864
9908
7886
6263
7771
9524
9131
9314
10136
7437
5768
7084
9693
8169
3348
2121
2998
1556
210
-3039
-4077
-8018
-10535
-11516
-9120
-8287
-16831
-24501
-23246
-13957
-14944
-24552
-28375
-25184
-19024
-18160
-22354
-27960
-26817
-16622
-13680
-17148
-18754
-13386
-11624
-11635
-6625
-2661
-4677
-6594
-566
3874
1083
863
5716
8895
5142
3684
8355
11553
10633
8166
8812
9290
9326
11719
14053
11893
6143
7429
13416
14942
10775
7557
8235
8328
10169
11176
9343
4994
4905
7899
6115
5703
6149
7588
5149
3613
6603
7424
7854
7478
5262
4944
7200
11345
9873
7866
7999
7848
8320
10406
11453
7893
6077
7268
7982
7021
6733
6120
2275
-663
-134
463
-2430
-7496
-10584
-10961
-11475
-9892
-12166
-20083
-26342
-23266
-13115
-18170
-28886
-31008
-22435
-15919
-22328
-27482
-28125
-22108
-16031
-15979
-17561
-18357
-14784
-12693
-9587
-5527
-5365
-7501
-5528
2437
2465
-1395
493
7295
7073
1602
3998
9975
11325
7741
8091
9945
8288
8468
13346
15228
8994
4785
10314
15117
11771
8018
8336
8616
5967
8457
11652
8325
2103
4266
8180
7203
3765
5770
7534
3691
3238
5271
7549
6156
6500
5288
3349
6248
11185
10250
6111
7118
9453
9609
11650
12575
10340
6583
8695
10844
9795
8284
6428
5171
3445
3164
1780
109
-2859
-7173
-9881
-9959
-8742
-8099
-12864
-21708
-25436
-19772
-11698
-19811
-29723
-30229
-21051
-16831
-23095
-28103
-28701
-21703
-15977
-17182
-18802
-16521
-12285
-13347
-10399
-3615
-2996
-7287
-4327
4329
3139
-1261
2846
10175
8012
1993
5864
11609
11591
7661
8801
10611
7693
8111
13170
14920
8403
4649
10486
14929
11468
7647
8897
10058
7832
8884
10954
8568
5404
6100
8647
6489
5955
7196
7801
5422
5094
6169
7315
9127
8806
5846
5194
10011
12543
9175
7488
10214
11165
10318
10405
12194
11324
9605
9664
10123
10080
8284
6666
5269
3625
1602
-685
-1520
-5133
-8488
-11386
-10632
-10121
-11563
-17483
-24773
-24634
-18165
-16149
-26271
-32027
-27891
-19409
-20145
-27211
-30068
-26676
-18714
-15844
-18970
-19181
-15539
-12331
-12828
-8232
-3456
-4943
-7611
-2295
5020
2869
-226
4260
9628
6393
2472
8353
13915
11411
6777
9621
12313
9412
9121
14071
14387
7545
6116
13347
15864
10086
6889
9445
10020
7528
9048
10459
7914
3788
5136
8254
7593
5248
4298
5327
6015
4380
4150
6283
8128
6539
3423
5283
8844
9706
8210
8031
9022
8814
9230
11662
11622
9063
7325
8579
9364
8635
6877
5558
4041
1935
1789
576
-1677
-6251
-8628
-8918
-10952
-12843
-11594
-12096
-21387
-26361
-21599
-13100
-20509
-30291
-28385
-20464
-18043
-23895
-26968
-25207
-20740
-15961
-16731
-17085
-15872
-11627
-11717
-9327
-4632
-4198
-5921
-3485
4199
3274
-689
3508
10357
8928
2629
6066
12905
12404
7886
9123
12065
9545
8359
12944
15137
9690
6017
11446
14906
11063
7696
9660
11067
7242
7552
10241
8797
4656
5042
8636
6161
3863
4887
7208
5699
3051
3949
5677
7264
7292
4899
4358
7258
9653
8491
7661
9321
9051
8884
10556
12105
10366
9405
10094
9681
8551
8538
7953
5210
3157
2112
932
-990
-2925
-6159
-9294
-11953
-11822
-11277
-11055
-17392
-25754
-24909
-18019
-16219
-26494
-31387
-25850
-19413
-20436
-26383
-27222
-23495
-18196
-16174
-16755
-16732
-14544
-11591
-9267
-6190
-5382
-5168
-3293
1173
2754
146
1952
7359
9100
6146
5412
9925
12330
11336
10780
11037
10427
10599
13637
15481
12723
9585
10994
14097
13851
11130
10496
10387
9826
8959
10616
8867
6917
6865
8397
6174
3814
6481
7777
6336
3423
5195
5330
6749
8219
7042
3946
5161
9258
9554
7169
7603
8588
8916
9238
10738
10560
9427
9078
8434
8660
8472
7784
6023
5283
3720
805
79
455
-1575
-7741
-10270
-10035
-11353
-11333
-12015
-15866
-25386
-26015
-16912
-15711
-24870
-31967
-25518
-18415
-20789
-24982
-25815
-22268
-20134
-17161
-15758
-15626
-14364
-11906
-9138
-7913
-5363
-3754
-2268
-11
1658
2165
2949
6487
8969
7277
5678
7555
11735
12059
10131
9495
10330
10712
10749
13341
12945
9374
7655
11564
13918
10498
8053
9058
9401
7400
8044
10129
7830
5093
4587
6813
4840
4374
6031
5375
3170
1466
4096
6345
6227
4622
3042
4773
7119
7484
7061
7329
7488
6490
8835
10981
10856
7978
8501
9125
8338
8119
8870
7146
3189
2031
3105
2492
-1878
-4484
-6926
-8164
-11052
-12935
-11797
-12713
-16049
-23445
-26637
-20571
-18490
-22366
-30535
-29532
-22479
-20159
-22739
-27592
-26975
-22045
-17285
-15820
-17351
-15358
-12895
-10197
-9313
-5969
-3387
-2891
-1562
486
3498
3309
5116
8891
9435
6806
6695
11957
15108
13214
10480
10539
12755
14074
15646
14954
11635
9883
12345
15786
13905
10577
10141
10938
9967
9421
9928
9997
7017
5546
4850
6531
6667
6639
5196
3030
3002
3410
6180
6356
4760
3211
3353
6791
8144
7765
6466
5810
7179
7956
10248
10023
9190
7763
7564
8325
9264
8825
6201
3898
2384
2545
1492
-212
-3851
-6847
-8872
-9862
-11471
-13375
-13881
-14648
-18851
-23679
-24467
-20998
-20444
-24935
-28682
-27524
-22428
-21057
-23223
-26409
-25335
-20694
-16887
-14631
-15735
-15398
-13285
-9947
-6487
-4485
-2746
-2698
-919
1553
3824
4514
6156
8052
7551
6660
9135
13523
13989
11124
10841
12627
13786
14189
15390
14876
11728
11575
14219
15350
12407
11142
11901
10546
8787
9255
11102
9314
5982
5204
5974
6493
5776
5986
5248
4550
4001
5103
6002
6145
5821
5600
5484
5844
8127
10361
8872
6209
7124
10414
11173
9937
9711
9332
8163
8447
9621
8990
6605
4516
3916
3046
1713
-571
-2976
-5162
-8076
-10687
-12190
-13927
-15429
-17205
-18040
-21256
-24600
-24980
-22317
-23109
-26551
-29478
-26661
-22856
-22138
-24089
-26044
-23577
-18654
-15745
-16291
-16148
-12324
-9906
-9118
-6898
-2651
-1274
-1852
552
4302
5405
5307
8079
11123
10300
9466
12666
16249
15369
13876
15230
16612
15455
15426
18844
18909
15056
13240
16348
18172
15516
13297
12669
10973
9327
10897
12822
9490
4934
4207
6694
7272
5761
4882
4197
3410
3530
5186
5666
4340
3543
3387
4133
5562
7004
6480
4431
4887
5848
6990
8047
8336
6295
4483
5120
6535
5910
3797
1807
-112
-784
-1048
-1915
-4513
-8458
-10538
-11672
-12845
-15442
-18652
-19272
-19375
-20058
-22594
-26153
-27669
-25284
-24134
-24673
-30502
-28757
-22828
-20815
-23891
-27380
-23080
-17830
-15577
-14550
-14607
-11892
-8945
-6089
-4859
-1768
275
461
2146
5441
7771
7041
9227
12715
12215
10459
12331
17485
17697
15029
14258
16138
17122
16470
16906
16255
14014
12676
13768
15252
13414
10714
8856
8653
8847
9010
8919
6575
4805
3995
5107
4965
5295
5072
2758
3082
4085
5459
4619
4811
5850
3374
4442
6906
8650
7325
6094
6273
6318
8342
9556
8390
6734
6195
4980
5070
6369
5553
1407
-1314
-467
-267
-2649
-5307
-7677
-11256
-12666
-13823
-13822
-18209
-20267
-20282
-20379
-21095
-25720
-27772
-26680
-24155
-24668
-29098
-27363
-22852
-20454
-22295
-25005
-23201
-18977
-12904
-12305
-13531
-12545
-7429
-4240
-2772
-245
1234
1805
4133
8723
10596
8706
10608
14490
15576
13168
14293
18421
18904
16882
16345
17359
17346
17293
18565
17558
14766
13080
15242
16847
14025
10795
10779
10966
9006
8226
9598
7913
4802
5111
5734
4741
3213
5569
5172
2216
2183
4134
5352
4495
4751
3805
3505
6372
7511
6110
4771
6083
6213
5898
7598
6983
5056
4362
5576
4673
2775
2608
1863
-505
-1781
-1828
-3297
-5949
-8155
-10270
-12113
-13623
-14415
-17193
-19307
-19969
-19738
-18155
-22178
-27561
-28482
-23382
-19345
-24982
-28706
-24110
-18956
-18602
-22174
-20868
-17895
-13997
-11343
-9076
-8478
-6889
-4019
-1489
950
2409
3637
5500
7935
10450
10385
11722
14436
15959
14371
13822
17371
20110
18983
16711
16487
17550
17541
17535
17431
16032
13217
12647
15238
15194
11598
8980
9743
9958
8184
8221
8007
6822
4857
4702
5351
4943
5777
5803
4753
4354
3937
5822
7349
8312
5245
3124
6840
9200
7790
5772
6041
4925
4184
6890
7708
4137
1775
2051
1557
532
1092
-116
-3889
-5671
-5467
-5727
-7324
-9546
-12316
-14418
-14681
-16007
-18892
-19925
-18623
-19849
-21528
-24258
-25729
-25560
-22931
-21225
-27606
-28774
-23077
-17684
-19286
-25385
-22573
-17488
-13023
-11978
-11669
-9371
-6264
-3541
-2122
677
3352
4560
5530
8368
11831
11011
12387
15622
16008
13525
13271
18047
19572
17239
14891
14838
15636
15620
16241
15403
12791
10435
11163
13581
13047
10082
7611
7637
7796
7344
8288
6991
4277
3135
4794
4634
3283
4244
4362
2038
2292
4050
4769
3494
4781
4210
1562
3188
5927
5793
2999
2548
1854
1222
3387
4452
1728
-970
-905
-102
-265
-14
-2353
-5888
-6045
-5019
-5973
-7818
-9695
-12763
-15683
-15559
-15107
-18988
-20883
-19593
-19888
-20511
-25227
-25002
-24620
-21083
-20861
-27601
-25784
-20746
-15474
-17940
-21997
-19081
-15337
-9880
-8259
-7791
-8193
-4801
-884
1196
3783
4958
5743
5075
8809
13009
12151
12968
15144
16646
14639
14588
18696
19677
17672
15086
15772
16850
17236
17526
16642
14269
11677
12667
15585
14783
11208
9379
10027
9457
8975
10554
8957
5839
4731
7209
6978
5336
6567
7040
4233
3176
6304
7387
5910
4704
5318
3820
4338
6890
5896
3272
3067
2868
1577
2414
4408
1375
-2100
-835
-76
-1871
-2254
-2704
-5710
-6530
-5355
-5846
-8945
-10705
-11570
-14262
-14571
-15692
-20010
-19186
-18417
-16831
-21867
-26177
-24403
-23436
-16881
-22081
-27278
-26168
-18079
-12743
-19959
-22374
-19110
-12112
-8234
-8938
-8950
-7342
-1539
-873
943
4568
6921
5529
6213
13118
13615
10586
13464
18340
16876
11283
14832
20044
19398
15320
14491
16294
15545
16603
17523
16256
12030
10383
14864
16319
13128
9092
9510
10957
9261
9411
10375
8645
5399
5619
7821
6962
5356
6335
6334
4671
4516
4959
5110
5462
5284
3122
821
3488
6381
5125
1810
815
703
1949
3370
2002
-790
-2130
-1099
-1069
-730
-1011
-4483
-6348
-5213
-4653
-6766
-8911
-9912
-12636
-14849
-13348
-15904
-18401
-18461
-16129
-16249
-24447
-23982
-22989
-16027
-18859
-25386
-23996
-19263
-12715
-16981
-20133
-18918
-15197
-8339
-8176
-8198
-8660
-3851
-1345
-500
3473
5169
5737
5402
10512
12542
9981
12229
16271
17068
12177
13783
19261
19861
17107
15278
16950
16332
16814
19018
18464
14466
10758
14413
17277
14702
10847
9693
10166
8098
8847
10221
8234
3897
3473
6174
5330
3979
2666
4083
1105
1077
3267
3597
2425
-14
1363
649
-115
1712
1048
-320
-1597
-1229
-1198
-1161
-497
-1866
-4204
-3527
-2978
-3530
-3371
-3819
-7078
-7934
-6125
-5907
-8795
-10950
-11435
-13933
-13924
-14064
-17337
-18392
-18293
-16130
-17141
-22738
-23562
-24519
-15575
-18193
-25327
-26123
-19728
-12366
-18353
-21516
-19588
-14297
-7529
-7978
-8877
-8467
-1845
-682
-684
3412
6864
5746
4689
12307
14212
10299
11098
16639
18092
12218
13756
18780
19536
15866
14358
16828
15783
15466
16820
17802
14072
10431
14205
17465
14771
10082
10064
11458
9493
9257
10737
8642
4871
4615
7387
6313
3826
3736
3922
2885
2025
2573
2873
2477
1692
1467
313
1441
3069
3466
860
-695
307
2358
2112
864
-198
-1340
-1056
-848
23
-654
-2920
-4761
-4476
-3321
-4092
-7170
-9174
-10889
-12254
-12295
-13490
-15863
-18050
-14295
-14738
-21182
-25459
-20492
-13076
-20028
-25929
-24395
-15860
-13480
-18368
-21263
-20578
-13364
-7625
-8890
-10586
-7745
-2390
-2610
-949
3914
5576
3542
4865
11267
12265
9793
12011
16725
16087
12137
15014
20144
20325
15914
16021
18762
17574
16635
18926
19994
14939
11190
15813
19057
15263
11113
11767
11448
8847
10295
11733
8579
3929
4881
7327
5722
3898
2833
3021
1498
1020
1560
1822
1815
-200
-1474
-1279
567
1065
-111
-359
-1347
-2583
-889
1135
756
-2478
-2410
-1215
-1241
-2167
-1498
-2450
-5185
-6182
-4798
-3733
-6559
-9680
-11860
-11565
-12464
-14004
-16453
-16195
-17842
-15164
-17318
-21686
-24473
-22857
-15028
-20573
-24960
-24182
-17363
-13043
-19457
-21772
-20374
-12470
-7340
-9318
-10726
-7235
-1536
-2626
-908
4230
6812
3549
5611
13638
13672
10841
13605
18775
17592
12977
17152
22371
21322
16753
17237
20351
18770
17934
19941
20717
15478
12639
17482
19894
16156
11921
12320
11723
9536
11103
11982
7573
2170
3193
5638
4752
2495
756
785
-724
2131
1087
-404
-408
59
7
-2941
583
1286
-855
-1231
-1480
-2964
-2536
1329
1949
-3434
-4072
-1859
-1705
-1929
-1816
-4006
-6290
-5331
-3925
-4902
-7357
-8992
-11806
-12031
-11274
-14458
-15950
-16229
-16135
-15957
-20841
-21376
-25060
-20013
-17238
-24116
-25514
-22315
-13997
-16066
-22031
-20903
-18103
-10794
-7802
-9175
-11959
-7003
-2201
-2188
80
4171
5771
2285
7604
14207
12549
10986
14462
18681
15739
14616
19071
21254
19465
16886
18866
19610
18616
19128
20335
19588
14191
14280
18322
18767
14199
10625
11711
9981
8973
10439
10324
4265
610
3688
5850
4049
1038
1621
170
-252
967
1155
-581
-1155
-622
-1402
-2378
575
1374
-628
-2484
-1414
-47
1230
1338
206
-1995
-956
458
261
-1
-1170
-2609
-4078
-2695
-2170
-3957
-7122
-9104
-9552
-10118
-10321
-14190
-15867
-16644
-15452
-13159
-19938
-21722
-25294
-17427
-16216
-23930
-24784
-22103
-13705
-16477
-20747
-19861
-17035
-9437
-9116
-10170
-10201
-4403
-1510
-2311
1810
5535
5961
4173
9896
14329
11117
11845
16510
19638
15338
14241
19783
21876
19921
16879
18677
19522
18425
19304
20688
19029
13072
14081
18201
17904
12846
9461
10733
9092
8273
9652
7409
2286
193
4154
4670
876
-495
-325
1189
139
-1639
-2614
-514
2273
-484
-3956
-3002
1195
3597
245
-2377
-2965
578
2507
1206
-49
-2092
-1031
-927
707
-61
-2690
-3646
-4098
-3576
-4813
-5808
-6708
-9977
-12141
-12767
-13230
-15601
-17393
-17701
-15483
-21003
-23461
-24958
-19434
-17026
-25192
-26990
-23996
-16106
-16670
-22590
-22746
-20661
-11689
-9450
-10956
-12148
-8184
-4014
-3656
331
3548
4191
2637
6956
12829
11249
10204
13689
17095
14641
12976
17930
20566
18921
16330
17856
18651
17502
18593
19880
18876
13656
13355
17086
17103
13265
10259
10364
8517
6602
9191
8598
3104
-794
1312
3481
1521
-1246
-1661
-2532
-2046
-582
-2637
-2367
-2155
-562
-2345
-4179
-1287
-205
309
-66
-2314
-1839
775
3423
1887
-1702
-653
4
-216
860
583
-2224
-4726
-4206
-2374
-4498
-6286
-9456
-11213
-11038
-11893
-14225
-17009
-16186
-17476
-15169
-19353
-20944
-25564
-19326
-15394
-23440
-25716
-24148
-14471
-15722
-21822
-21594
-20053
-10389
-9281
-10780
-12224
-7268
-2826
-3207
623
4678
5004
2751
7819
13738
11346
10687
14831
18399
15310
14081
19225
21454
19920
16927
17955
18303
18149
18824
19274
17998
12919
12759
16500
17117
13268
9341
9704
8360
7387
9566
8069
3525
308
3267
4829
2765
958
628
836
-47
-635
-624
1682
1790
-181
-2791
-1485
3017
4285
1231
-1930
-790
3005
4204
2117
1676
-113
232
737
2088
1477
-213
-1199
-2735
-2782
-1871
-3076
-6035
-8578
-10258
-11211
-11253
-13577
-14837
-17636
-14571
-15238
-21053
-22931
-22825
-14870
-20656
-24416
-24008
-18999
-13495
-18505
-21627
-21206
-14381
-7950
-10419
-10820
-9421
-3672
-2597
543
3934
5978
5211
6366
12795
13959
12360
13915
17836
18602
14920
17423
21258
21458
18473
17515
19257
18479
19054
20062
20350
16319
13037
16086
18651
16109
11718
10810
10905
8683
9529
10269
6651
1882
1684
4180
2846
962
610
1107
-698
-1329
-705
329
1349
33
-1661
-2144
865
2567
1615
478
-388
-1052
1750
3954
3112
-74
-492
810
108
689
1124
-485
-3195
-4169
-2982
-2387
-4255
-7353
-10842
-11289
-11578
-12445
-15603
-15007
-19314
-15092
-18870
-20753
-25338
-23512
-14086
-23210
-25166
-25799
-17361
-14642
-22542
-21769
-22672
-12721
-9500
-11263
-12319
-9957
-3231
-5441
-802
3327
4345
1364
4905
13074
10880
9737
12877
17110
15165
11681
17045
19888
19434
15452
16118
18004
16611
17468
17847
18240
12234
10128
15244
16683
12758
8403
9502
9217
6834
7958
8088
4479
635
1694
3273
2909
1826
1757
188
-1951
-1306
-380
1691
499
-2035
-3694
-1317
2921
2426
-55
-2000
-378
802
3148
1779
1261
-1200
-739
-248
-579
-77
-1473
-2814
-5323
-6052
-5211
-4950
-7741
-11749
-14263
-14222
-13159
-16446
-17432
-20434
-16100
-19445
-23946
-25251
-22730
-15950
-25344
-27016
-25227
-17432
-14914
-22108
-22873
-21989
-12960
-7962
-11197
-11575
-8771
-2099
-3727
-518
4599
6443
4342
6156
13431
13144
12572
15579
18665
16697
13668
19358
23357
21686
17265
17607
21046
19701
19913
21083
20954
15849
13213
18571
19698
15311
11139
11964
11163
8023
8982
9966
6302
1320
1943
3060
2725
1881
1243
-406
-2793
-1099
165
135
68
-1519
-1939
-1478
1676
2333
785
1018
400
-826
984
3509
3581
-320
-1018
386
540
1236
916
-1216
-3539
-3922
-3177
-2124
-3969
-7112
-10977
-10323
-10226
-11341
-15196
-13772
-17498
-14517
-15019
-17885
-22243
-24292
-11875
-18564
-23168
-24974
-16575
-10730
-19716
-20414
-20454
-11202
-6082
-9796
-9926
-7576
-442
-2533
685
6496
7974
4375
6686
15118
14698
11882
14894
19987
19238
14286
18859
22890
22802
18388
18040
21193
19805
19510
20249
20947
15937
12468
17207
19711
15606
10848
10759
11414
8200
9933
10213
6322
1229
2093
5106
2768
1755
1323
2130
-427
-496
379
2103
3092
410
-2109
-1612
3030
4721
1404
-1515
-171
1725
3797
2931
2976
-38
-629
1148
1694
1319
-651
-1528
-3056
-4363
-3777
-3750
-4954
-8713
-12209
-12125
-11521
-12751
-17329
-17703
-19097
-14186
-19737
-23013
-26921
-20376
-15852
-25202
-26592
-24497
-15461
-16367
-22229
-21957
-20899
-10309
-9453
-11247
-13139
-7442
-2633
-4183
479
4453
5438
2282
7842
14528
12495
11365
14380
18968
15786
14248
18794
21237
20591
16467
18174
18877
17834
17819
19264
18780
12171
12061
17144
17500
11783
8313
9768
8818
6407
8514
7433
3743
498
2406
3025
1343
635
729
-937
-2751
-895
249
1380
-1565
-2269
-2249
-1352
531
962
-260
-1652
-2149
-490
1492
2107
1548
-1738
-760
-26
483
0
-734
-2373
-4819
-4237
-3030
-3240
-5885
-8948
-10918
-11102
-11266
-13312
-16798
-18008
-19996
-21465
-13897
-19214
-22840
-31336
-18657
-13286
-23327
-25701
-24736
-13243
-16888
-20179
-19257
-18584
-9326
-9056
-8576
-10149
-4307
-692
-1873
2190
5149
6200
4378
10394
14635
10570
10618
14360
19915
15593
12623
16706
20378
19916
14970
16866
18521
16920
17288
18673
18279
11841
12286
17110
16228
10905
8500
11554
8490
6750
7974
8398
3997
881
3664
3307
2521
685
1416
-1083
-1648
630
562
878
-678
-462
-1428
151
3067
754
-1547
-114
1839
1204
718
2174
1006
-922
156
921
-521
-805
-707
-3327
-3867
-3690
-2801
-6765
-7339
-9359
-10684
-11478
-11360
-15581
-17422
-17804
-14072
-12522
-21278
-23818
-26572
-12208
-15366
-24285
-26142
-20162
-10837
-17763
-19455
-18868
-15217
-7828
-8579
-8033
-8776
-1119
-1042
-1074
3122
6881
6048
5047
13246
14857
10801
12305
18738
21428
14023
14694
20441
23532
20205
16734
19580
19070
18411
19006
20275
16858
11088
14419
17998
15372
9918
9576
11179
7358
6883
8540
7764
3177
2167
4157
3543
2376
1522
1934
-353
-286
275
482
1475
664
552
-1333
420
2583
3274
797
-1381
-767
2254
2757
1482
579
-17
-65
-211
1302
1317
-1247
-3089
-2771
-1837
-1859
-4423
-5465
-8722
-8892
-9868
-10490
-12769
-15669
-17820
-17435
-18231
-13221
-16854
-23200
-28873
-20854
-9726
-20013
-26584
-25629
-13544
-12214
-18430
-18107
-18490
-9832
-5846
-6892
-7833
-3772
2399
-1202
2167
7733
9659
6306
9537
15612
12728
11479
16393
21841
16805
10730
16130
21079
20876
15238
15266
17405
15392
16119
17583
17780
11037
8327
14461
16014
10884
6159
8051
7993
4688
4770
5727
3731
122
894
947
1217
1670
1126
-881
-2294
297
154
291
465
-1127
-2656
-1472
1369
-743
-1989
-544
-890
-2672
-1002
793
-342
-2609
-1754
-1448
-2136
-1441
-1906
-4070
-4904
-5201
-5976
-7510
-7650
-9668
-12255
-13377
-12983
-17106
-18036
-17990
-12834
-15925
-24338
-26462
-23424
-11635
-19587
-26477
-27063
-18430
-10992
-17812
-19914
-21260
-14126
-7138
-7911
-7991
-6713
395
-1023
826
5586
8947
6806
7288
15008
13986
11003
14653
21183
19992
11544
14237
21751
23645
17829
14668
17735
17134
16602
17903
18797
13445
8281
12767
16545
12962
7093
8486
9312
6105
4929
6812
6696
1911
1721
1542
1957
1475
2175
2551
-1199
-2305
-2016
1704
3551
-262
-3469
-2863
2938
3528
183
-1845
-552
1253
777
1658
2148
953
-1218
-66
1498
726
-885
-1662
-1222
-3286
-3911
-3372
-3910
-7522
-10410
-9290
-8712
-12463
-15825
-16893
-15355
-18846
-15186
-15545
-21423
-29255
-24719
-10408
-17969
-27240
-28559
-15101
-8907
-17321
-19109
-18127
-8983
-5023
-5638
-5081
-2922
1612
618
3890
9201
10648
7391
9618
16608
15293
12031
15724
22040
19232
11951
15348
21878
22725
17170
15246
17364
15871
15650
18001
18475
11530
7278
12898
16229
12061
6045
7135
7154
4438
5256
6301
4819
-993
-362
796
1862
1748
1357
-594
-2921
-657
1417
1985
757
-351
-1462
166
2424
1120
-369
1348
1612
-1030
251
3711
2906
-1038
-207
986
-187
-1125
-186
-1295
-3895
-3953
-4422
-4540
-6396
-7526
-9697
-11503
-11926
-14838
-16306
-16009
-14476
-13506
-20801
-24265
-24113
-14251
-14351
-24265
-26417
-20741
-11736
-13340
-18035
-19482
-16182
-8292
-5501
-6298
-6512
-1654
-197
748
4985
8962
8689
6902
11451
15629
13342
13610
18715
21153
16092
12981
18522
23198
20822
15527
15181
16653
16530
16754
18015
14925
8680
9328
14382
14642
8661
5925
6999
5852
4356
5273
5699
2257
154
-512
58
213
1809
1605
-2162
-4202
-2702
1706
2680
-1068
-3795
-2676
1873
2778
1129
400
368
1172
1483
3082
2750
1613
-14
263
872
533
-151
-976
-2254
-3367
-4194
-3996
-4175
-7242
-9715
-11173
-9935
-12317
-15923
-17615
-16895
-17387
-16232
-18698
-23438
-27531
-22030
-14760
-22160
-28327
-26038
-15950
-13290
-18957
-21419
-19849
-11174
-6658
-7528
-8055
-4099
-305
-95
3689
7715
8521
6771
10817
15742
14660
13424
17238
21610
18187
14344
17288
22756
22393
17512
16365
17238
17237
17141
18744
16942
11041
9958
14866
16206
11411
7923
7941
7632
6411
7659
7133
4319
1939
1852
2413
2116
2226
2339
760
-2029
-655
1653
3967
733
-1262
-1436
167
2955
2910
368
-918
999
2239
1419
1977
2477
-378
-374
1904
2212
-1080
-671
-406
-2311
-4411
-3262
-3463
-6410
-8641
-9908
-11013
-12328
-14309
-17082
-17817
-18567
-14690
-17075
-23365
-27444
-22788
-14671
-19371
-26697
-26338
-17982
-12989
-16609
-19700
-19049
-12045
-6526
-5604
-6455
-3302
-341
712
3697
8818
9382
6609
10526
16287
15085
11809
16309
21828
18926
13419
15859
22222
22441
18127
15921
17289
16884
17168
19066
18025
11764
8993
13618
16205
11942
7156
6592
6136
4796
5684
5235
2394
-909
-57
195
3
-599
256
-678
-3339
-3309
-1748
1360
715
-2659
-4449
-2133
2283
3003
-286
-1222
-198
2269
2706
2838
2693
856
199
926
2500
1677
-339
-1623
-2052
-2525
-3525
-4034
-5408
-8263
-9779
-10178
-10452
-13773
-16920
-16852
-17408
-15749
-18625
-21282
-25483
-23195
-18558
-19860
-23759
-26418
-20273
-15706
-15868
-19148
-20140
-14782
-9185
-6443
-7379
-6115
-2340
424
2946
5484
8101
8766
9623
13093
14584
15356
15752
18217
19210
16735
16473
19421
23033
20301
16936
16597
17946
17802
17040
16805
13314
10737
12040
13484
12002
8488
7198
5219
4577
4869
5407
2915
-687
-854
-510
1051
632
-1211
-3017
-2432
-157
-988
-2168
-581
364
-1590
-2799
-20
2411
864
-743
708
1176
1345
2015
3799
2597
-633
-33
2569
2959
72
-1343
-919
-1453
-2711
-2969
-4198
-7132
-9432
-8978
-9890
-12584
-15642
-16713
-17851
-16269
-15481
-18094
-24478
-26075
-19233
-15889
-19468
-25880
-23948
-16066
-12685
-15792
-20301
-17706
-10177
-5525
-6453
-6789
-2896
-197
1130
4036
8951
8557
7573
11721
15828
14908
12934
17916
21275
17770
14287
17866
23565
21736
17438
16695
17961
17054
16352
17974
16037
10503
8724
12392
13810
9446
6345
5388
4512
3430
4211
4995
1368
-1153
-945
670
454
-344
-966
-628
-1747
-2040
-1284
1477
2044
-1428
-3063
-460
3657
3750
1136
-529
237
2512
3333
3805
2443
509
-572
1953
3432
1685
-1709
-1096
-716
-1781
-2633
-3242
-4562
-7975
-8739
-9184
-10291
-13512
-15566
-18135
-18431
-16421
-15618
-19584
-27907
-27101
-18697
-15291
-22880
-29256
-23216
-13896
-12831
-18490
-20972
-16169
-7637
-3898
-5337
-5070
-1082
2384
3592
7391
10712
9973
9579
14574
17973
15443
14684
20169
22673
17699
15017
20105
23704
20495
17078
17390
17505
15786
17468
19572
15444
9021
9228
14492
14512
9489
6175
5228
5108
5602
6091
3779
90
-882
220
2003
675
-1268
-2150
-239
-1000
-3679
-2466
1608
1778
-2865
-3226
256
2576
2884
1201
-22
-870
1235
4387
4432
1994
-974
-161
2504
2890
358
-1650
-1565
-2718
-3596
-3277
-3963
-7481
-10582
-10684
-11080
-13234
-15217
-17059
-20021
-22343
-22425
-15339
-15541
-22844
-31899
-25158
-11344
-15174
-25215
-29082
-16895
-9602
-12633
-16885
-19619
-11920
-4369
-2317
-4258
-2726
1312
409
4206
10575
12206
6819
8583
17514
16862
12454
14276
21390
19639
12945
15121
20318
21213
16698
15973
15989
12924
12894
17056
17190
8170
3144
8678
12883
9167
3620
2662
1475
246
3332
3916
105
-4737
-3468
-869
-578
-1831
-2767
-3018
-3003
-3003
-2633
-180
1050
10
-3735
-2763
1577
3556
1164
-1468
-922
283
1550
2943
2412
-490
-1214
-225
813
1266
-278
-1671
-3530
-3436
-3486
-4546
-4515
-7991
-11697
-11980
-10462
-11079
-17010
-19073
-19017
-16276
-14084
-18621
-25792
-28493
-17809
-13802
-20759
-27007
-22855
-12468
-11340
-14846
-18310
-14866
-5991
-2814
-3833
-3216
1748
2335
2370
8465
13218
9998
7034
14181
18798
15167
13680
19078
21997
16198
13956
18055
21365
18743
15448
15874
14853
13230
15406
17706
13353
6650
7133
12462
11924
7297
4535
2931
914
1668
5043
3551
-1743
-3497
-1709
683
203
-901
-2307
-2148
-428
-1919
-1535
633
2155
-344
-2672
-830
2795
4795
2726
-1342
-1735
2052
4042
3179
2251
866
-1680
-978
3236
3426
-1419
-4553
-3734
-2247
-2716
-4270
-6986
-9343
-10733
-10327
-10764
-12788
-16321
-19396
-19672
-19189
-16196
-16049
-21414
-27508
-25200
-15583
-14132
-21522
-24682
-18612
-11317
-11655
-13856
-14700
-11031
-5025
-1102
-405
469
3283
4718
7165
11346
13409
11818
12365
17892
18903
16042
16694
21714
22015
16822
16209
20270
21786
18708
16886
16782
15009
14058
15779
16456
11496
6535
8473
11958
11017
5829
3751
3316
3391
3779
4158
2334
-1024
-1741
982
1615
217
-1001
-1575
-536
-1584
-38
320
1199
418
-1185
-853
1820
3128
849
-182
1622
1485
547
2962
4866
1107
-1508
787
2981
1855
228
-758
-2234
-3163
-2844
-3163
-5146
-7563
-10551
-10447
-9820
-11534
-16422
-18650
-18049
-16338
-16664
-17114
-21020
-25337
-22477
-16315
-14617
-21702
-23079
-16425
-9970
-10230
-13355
-12522
-8686
-3009
-276
-90
1298
3465
5611
7027
11198
12987
11391
11885
15745
17803
15882
16725
19636
19095
16168
16430
19415
18924
16748
15335
15115
13212
12481
13864
13395
9468
5856
6718
9170
7639
4635
2418
454
706
1528
3390
-417
-3860
-3552
-1524
-379
-944
-1835
-2707
-2874
-2034
-385
75
756
-1324
-2247
-1
1581
1511
-179
-639
258
284
1471
1985
1450
636
-832
-170
451
639
-776
-2393
-2859
-3999
-4490
-4862
-5761
-8933
-11030
-11239
-11020
-13334
-16210
-18204
-18760
-18591
-19061
-17910
-19421
-22466
-25782
-21795
-15333
-16968
-22132
-21447
-14645
-10022
-11229
-12080
-12308
-8159
-2478
911
674
1399
4086
5495
7780
11455
13338
11087
11650
16426
17394
15310
15506
19027
18123
14286
14734
17809
18328
15326
13348
12826
11613
11909
13210
11961
7135
4551
7543
10142
7627
3537
1861
1955
2587
3650
3297
345
-1459
-165
1807
2503
-2
-1083
-656
1218
981
146
1683
1616
1083
852
1536
1727
1797
2405
1725
3
768
2105
2663
1540
363
-585
-845
619
495
-758
-2829
-3387
-4542
-4694
-5473
-7446
-9576
-11806
-12796
-13173
-14641
-16449
-19207
-18828
-16501
-18679
-19850
-23756
-21121
-19643
-17574
-18336
-21109
-17174
-12942
-10687
-13296
-12947
-8229
-4042
-1018
-1060
1228
3794
6312
8019
10255
13588
12937
13165
15826
18714
17746
15880
19335
19596
17588
16071
18593
19314
16235
15553
15115
14377
12601
13336
13294
9849
7500
8087
9778
8539
5879
4330
3502
3503
3575
3224
1742
483
192
568
1681
1073
745
-539
-355
105
209
1875
777
-292
-806
1004
2521
1819
532
369
789
1639
1162
1732
1493
397
322
680
464
-1178
-1560
-1658
-2537
-4857
-5142
-6157
-6340
-8432
-10927
-11799
-12519
-13490
-16321
-18300
-18345
-18354
-18331
-18351
-18801
-21727
-22230
-18643
-14967
-16582
-20049
-16269
-11146
-8778
-10789
-10292
-6584
-2728
717
1958
3306
5419
7148
9743
12091
14207
13971
14450
16600
18621
18036
17348
19138
19800
18226
16882
17563
18543
17474
15828
14344
13581
13338
13318
12682
10779
7986
7546
9557
8652
5962
3089
3232
3695
2788
2437
1650
59
-780
-286
2014
560
-1408
-1915
-353
821
31
187
222
519
270
790
937
1024
1094
494
206
661
896
517
317
531
-950
-1720
-1646
-1600
-2500
-3292
-3489
-5483
-5922
-6791
-7323
-9416
-11789
-13125
-14286
-14413
-16707
-19349
-19662
-18857
-17956
-19630
-22120
-24158
-22258
-17395
-16779
-21083
-20818
-15620
-10643
-11923
-13805
-12035
-7103
-2518
-1071
-1259
1281
4795
6449
7888
10595
12683
12264
13246
16423
17258
15916
17013
19387
18180
15024
15272
18235
17815
14649
12639
13040
12685
11494
11233
10240
7449
5309
6239
7323
5337
1984
1261
1484
1594
382
173
-328
-1873
-2158
-931
9
-1216
-2549
-1333
-754
-677
-304
232
831
213
170
945
1278
2047
1300
938
1297
1697
1580
1727
2063
1773
-26
-511
53
-356
-1990
-3429
-4727
-4819
-6020
-6743
-8726
-10673
-12496
-13398
-13834
-15784
-17739
-18458
-17568
-18655
-19279
-22264
-21659
-20773
-17356
-18476
-19615
-17853
-14866
-11788
-11618
-11017
-9529
-5476
30
559
-33
2329
7336
9100
9605
11943
14268
14374
15291
18527
19412
17988
18675
20651
20740
17837
17603
18844
18944
16511
13866
14049
13512
13141
11450
10377
8163
7308
8362
7913
6081
2824
2623
2507
2327
1915
254
-705
-1101
341
331
-800
-487
126
659
-630
-81
368
1672
2960
1715
327
37
3139
3931
2715
1073
353
1705
2256
1887
210
-149
-228
-1279
-1723
-1472
-1827
-4886
-6234
-5382
-6259
-8606
-10601
-11691
-13113
-15509
-16426
-18215
-18294
-17917
-19493
-21571
-24429
-21604
-19934
-18168
-21309
-21816
-19270
-14677
-11922
-13623
-14467
-12355
-6517
-1620
-1260
-1643
192
4201
7137
9228
11540
11962
11955
13947
17867
18627
16724
17512
19307
19499
17140
17840
19076
17919
15710
14482
14493
13525
13393
13449
11680
8390
7100
8966
9720
6711
3998
2804
3238
3160
3021
1762
14
-877
-897
122
349
52
-1183
-560
299
422
404
2655
2713
1075
1510
3894
3737
2707
3658
4105
2756
2558
4325
4241
3064
1756
839
482
1217
-211
-2156
-3147
-3426
-5394
-6887
-6783
-8661
-11317
-13770
-14649
-15673
-16055
-17160
-18806
-17994
-19976
-22545
-23067
-19438
-16572
-21769
-22233
-19799
-15542
-13687
-14190
-14241
-13806
-8511
-2487
-1958
-2873
-605
3401
4550
7104
10882
12653
10669
11207
15926
17354
16685
16252
17893
18097
16760
18696
20064
18706
15541
15261
15744
13953
12765
13107
12184
8062
6279
8085
8625
5773
3190
2723
1631
798
1808
1585
135
-1622
-1589
-472
85
186
-814
-685
-376
31
774
2867
1950
201
797
3391
4109
3007
2953
3013
2086
2811
4473
3583
1404
163
784
132
-367
-1940
-3231
-5160
-6133
-7613
-7475
-8492
-11940
-14643
-16179
-15320
-16642
-16908
-17596
-19707
-22664
-23211
-21281
-20535
-20856
-23639
-22912
-20034
-16597
-15693
-17511
-16867
-14322
-9759
-5455
-4387
-4550
-3603
463
4508
6839
7875
8195
9387
12219
15570
16498
16950
17929
18602
18338
18553
20427
20700
19744
18378
17203
16674
17543
18172
16235
12866
11390
12478
13162
11817
9219
6587
5145
5114
6037
4958
2093
548
142
1089
725
531
339
-424
-538
-329
744
1987
2624
2097
1275
1432
3224
4904
5382
3898
2199
2626
4358
5273
4565
3050
1649
-159
248
1068
-82
-3761
-6155
-6212
-6525
-6639
-8724
-10191
-13474
-14851
-16583
-15653
-14909
-15342
-18729
-21464
-22504
-20604
-18801
-18177
-21794
-24631
-21156
-15353
-13935
-17384
-18644
-15679
-11329
-7326
-5264
-5463
-5079
-1563
2177
4501
6764
8548
9000
10284
12878
15447
16042
17084
17956
16546
16252
18393
20935
20206
17370
15126
15729
17416
18343
16605
13241
11081
11041
12459
12404
10224
6518
4644
4855
5527
4703
2844
1169
248
-525
-310
0
-33
-1135
-1603
-1293
-625
-498
13
476
344
80
362
1956
3291
2903
1500
1567
2424
3370
2855
1923
1306
729
571
-88
-1299
-2517
-4035
-5398
-6708
-6973
-8261
-10428
-12566
-13903
-16300
-16674
-16334
-14704
-18939
-21226
-22410
-20669
-19701
-20609
-20806
-23010
-20572
-17455
-16204
-17992
-17570
-14416
-11928
-9650
-7552
-5685
-4884
-3013
1146
3244
4880
6325
8097
10011
10969
13458
14743
15802
15674
16024
17218
17839
19072
18465
18268
16610
16418
16684
17260
16606
14404
12814
12242
12979
12625
11229
8151
6112
5808
6429
5820
4817
2140
520
-419
1654
1428
-44
-1803
-2072
-625
-51
1162
286
-155
-279
1999
3147
3380
2967
3416
3443
3144
3410
4223
4436
2380
727
326
955
80
-1497
-3105
-4329
-6298
-7047
-6601
-8647
-11802
-14376
-14304
-15894
-16427
-16531
-17118
-20372
-21612
-21768
-21458
-21339
-21204
-21232
-22947
-20855
-17098
-16206
-18385
-19554
-15997
-11453
-9706
-8425
-7799
-6101
-2855
223
1441
2788
5403
7884
8528
9743
12999
14229
14521
16002
17090
16778
16470
19161
20535
18588
16028
16454
18275
18578
17422
14947
13439
12978
14265
14335
11857
9440
7930
7973
8256
7469
5593
3887
3594
3643
3080
1904
1544
741
845
1625
898
53
418
2890
3280
1566
1849
3119
4537
4428
3914
3148
3207
3628
3859
2606
1573
782
208
-21
-1360
-2741
-4427
-5145
-6529
-7742
-10290
-11798
-13386
-14520
-17112
-18702
-19212
-17369
-19169
-20753
-23313
-23992
-21059
-20681
-20143
-22910
-22329
-18312
-16316
-15731
-18027
-16250
-12237
-10152
-8719
-7162
-4267
-3958
-1477
1731
4745
4588
5196
9095
10725
11971
13228
15206
15786
15016
16156
16778
18052
18954
18999
17590
16431
17191
17558
17236
15161
13621
13299
13446
12999
11344
10149
8990
8327
8344
7192
6420
5275
4571
3482
2791
3387
3112
2504
2245
1884
1574
2580
2670
1842
1846
2903
3133
2481
3309
3903
2752
2576
3519
2737
1828
1835
1442
-145
-1000
-1206
-2522
-4558
-4848
-6489
-7947
-9539
-10844
-12385
-14365
-14977
-18273
-19574
-20100
-18868
-20627
-23352
-23833
-25609
-23320
-24004
-23661
-23480
-23484
-21159
-21324
-19426
-17721
-17373
-16144
-14040
-10206
-7457
-5523
-6498
-5642
-1091
3839
5285
3410
5956
8277
8897
11926
14259
14339
10842
13437
17731
17790
15679
15338
16247
14737
15745
15817
14970
12939
12691
12719
11895
12148
11549
9843
9533
9152
8023
7238
8805
8865
5408
4422
5671
6232
5455
5711
4039
2107
3244
6181
5177
2788
3116
3990
4474
5314
5581
3777
2841
4120
5111
3789
3017
2390
1234
603
567
-291
-2197
-3702
-5002
-6137
-7356
-8663
-10489
-12657
-14155
-15556
-16852
-18475
-20196
-20939
-21902
-21531
-22867
-24074
-26021
-24076
-23071
-23040
-23617
-22500
-20112
-18589
-17608
-17007
-15954
-12732
-9366
-7121
-5755
-2836
-1401
291
2913
5659
7040
7929
10772
12876
13104
13951
15403
17112
17279
17104
17696
18839
19106
18759
17902
17615
18066
16856
16285
15516
15190
14253
13125
12704
12616
11475
10494
9327
8362
8058
8353
8136
6574
5204
5478
6429
6039
5492
5087
6027
5959
5645
5642
5829
6108
5590
5807
5536
5092
5129
5534
4897
3850
2966
3039
2920
1512
162
-1651
-2229
-3230
-4180
-5539
-7800
-8980
-9907
-11501
-13262
-15216
-16249
-17572
-20341
-20431
-21776
-21464
-21205
-23989
-23880
-24419
-22514
-23706
-24251
-20680
-20661
-20583
-18761
-15677
-15272
-15195
-12219
-9594
-7687
-4924
-1132
-413
748
4691
6972
7852
9061
12449
13438
13481
15276
16783
17003
16788
17943
18174
18350
17980
17452
17122
16700
16143
14100
13774
13872
12624
11511
10641
10535
9604
9088
8342
6709
6031
6365
6345
5150
5123
5193
4622
4278
4224
4844
4435
5293
4882
4707
5729
6062
5709
5195
6064
5758
4763
4919
6042
4905
3454
2600
2495
2078
1188
-602
-1611
-3392
-4270
-5243
-7015
-8508
-10758
-11761
-13133
-14916
-16908
-17893
-18961
-20501
-22010
-23051
-22535
-23075
-24248
-24957
-23998
-23092
-24866
-24782
-21972
-19797
-20785
-20687
-18484
-15060
-12986
-11543
-11658
-10461
-6616
-1741
-894
-842
1507
3790
5759
8278
10912
10676
10820
13581
16135
16139
16200
17181
17586
17592
17649
18107
17261
16768
15816
14610
14088
13699
13235
11779
10800
9499
8575
8469
8163
6851
5164
4783
4743
4329
4367
4040
3584
2400
3163
4559
5793
4511
3641
4223
5068
5580
5445
4871
4243
4448
5075
5206
4231
3026
2540
2776
2115
531
-870
-1498
-2682
-4193
-6024
-6764
-7800
-9259
-10940
-13250
-14844
-15207
-16667
-18124
-20106
-21782
-22194
-20980
-21980
-24382
-25576
-23973
-21788
-23367
-22962
-23143
-21237
-19444
-18717
-18347
-17204
-13638
-10960
-10880
-9404
-5864
-2759
-904
703
3056
5035
6599
9205
11027
11539
12314
13998
15183
16128
16400
16402
16573
17214
17546
16598
16441
16132
15370
14027
13721
13472
12384
11573
11385
10468
9220
9036
9372
8325
7281
7209
7438
7351
6984
6740
5708
5452
6348
7063
6487
5782
6180
6893
7294
8074
7116
6089
6637
7661
7490
6727
6080
5605
4825
4657
4016
2468
1477
949
-978
-2461
-3070
-4489
-6952
-8695
-9597
-11386
-12838
-14002
-15723
-17147
-18196
-19508
-21316
-20782
-19602
-22133
-23342
-23003
-20804
-21295
-23047
-22809
-19974
-17783
-16700
-18133
-15971
-13250
-9535
-8879
-8715
-6825
-2652
784
1463
2895
4338
6896
8595
11826
13359
13036
13500
16679
18532
17779
17272
18624
19212
18506
19224
19257
18357
17598
17100
16133
15702
14745
14060
13168
12451
10912
9643
10786
10339
7956
6293
7313
7031
6495
6466
6231
4669
4886
6981
6505
5518
5289
6022
6431
6859
6601
5977
6154
7555
6991
6057
5408
5528
5214
4582
3689
2403
1328
786
-446
-2743
-4218
-5513
-6648
-8305
-9974
-11978
-13486
-14913
-15402
-17250
-18626
-20331
-21354
-20856
-21572
-22578
-24482
-22779
-20701
-21535
-23152
-21971
-18944
-16830
-17540
-16354
-14384
-11455
-9847
-8610
-7398
-4800
-2368
-722
1913
3752
4643
5746
7906
10611
10622
11145
12461
14231
14571
14956
15418
15865
15979
15730
16026
15522
14986
14676
14060
13578
12136
11783
12177
10910
9356
8148
8496
7898
6717
6115
6062
5114
4938
5053
4191
3197
3446
4704
4618
3661
3747
4184
4894
5233
4843
4725
5164
5991
6168
5957
6272
5397
4643
4317
4058
2615
996
-11
-800
-2157
-3741
-5026
-7179
-8307
-10152
-11247
-13241
-14740
-16377
-17642
-18963
-19973
-21862
-21522
-22279
-21551
-23378
-23834
-22744
-22745
-21637
-22590
-20218
-20152
-17850
-17384
-16231
-14565
-12340
-10302
-9389
-6717
-4215
-2602
-1195
426
2667
3971
5662
7823
8658
9558
10974
12420
13365
13984
14843
15163
15379
15160
16050
16185
16091
14977
14575
14211
13794
13034
12367
11790
10146
9836
9477
9383
7645
7181
7275
7154
6398
6106
4970
5227
4920
5304
4936
4966
5376
5355
5571
5476
5597
5157
5626
5651
5505
4836
4827
5178
4996
4320
3091
2362
1510
1144
91
-1637
-3595
-5198
-5757
-6818
-8574
-10832
-12174
-13059
-13798
-16389
-17662
-19142
-18973
-19120
-19989
-20461
-22173
-20662
-21045
-20966
-21389
-20106
-18847
-17952
-16614
-15869
-15209
-13241
-10610
-8965
-7769
-5673
-3621
-1635
719
2252
3553
4204
7581
9250
9565
10280
11924
13588
13503
14399
15524
15687
15582
15923
16131
15682
15204
15128
15141
15043
14467
13787
12503
12075
12113
11503
10349
9286
8926
8965
9263
8959
7743
7055
7683
8038
7582
6906
6349
6742
6800
7098
6593
5913
6206
6858
6950
6147
5956
6093
5830
5204
4981
4314
3164
2590
2590
1393
-459
-1710
-2304
-3089
-5121
-6640
-8151
-9100
-10225
-11387
-12932
-14316
-15457
-16362
-16541
-18228
-19439
-21030
-20014
-18388
-19996
-19901
-21209
-18563
-17872
-16491
-16199
-16086
-13462
-11368
-10212
-9727
-7833
-4969
-3864
-1972
-509
1353
2436
4354
6551
6572
8164
8865
10996
11646
11933
11812
11720
13292
13541
13666
12852
13001
13180
12973
13475
12716
11645
11128
11374
11336
10235
9739
8618
8742
8907
8705
7368
6689
7598
7518
7023
6157
6488
6390
6114
6641
6283
5932
5826
6465
6392
5688
5621
5540
5324
4687
4255
3370
2866
2411
1630
226
-861
-1608
-3108
-3973
-4664
-6108
-8205
-8987
-9248
-10595
-13199
-14495
-15143
-16284
-17730
-19009
-18658
-19988
-19546
-21183
-20402
-20612
-20418
-19888
-20407
-18713
-17437
-16364
-15870
-14598
-12601
-11375
-10496
-8362
-6007
-3886
-2738
-1176
445
2933
4723
5465
6319
7527
8679
9592
11170
11368
11242
11568
12090
12624
11920
12111
11681
11548
11832
11685
11339
10370
10518
10215
10261
10463
10107
9449
9325
9521
10104
9692
9016
8597
8499
8621
8906
8663
8099
7460
8101
8587
8001
7801
7728
7856
7050
6641
6719
6235
5557
5257
4639
3997
3664
3445
2237
1148
167
-573
-1810
-2827
-4294
-5614
-6612
-7989
-9558
-11201
-12244
-13650
-15027
-15972
-17466
-18245
-17748
-19229
-19198
-20771
-19197
-19015
-19704
-18543
-19923
-18797
-16883
-14908
-14395
-14905
-11710
-10301
-9200
-7531
-5511
-4564
-3434
501
1578
1834
2847
4897
6247
6607
8566
8848
9329
9821
10571
10776
10453
11628
11259
10888
10183
10759
10896
10899
10426
9589
9858
10332
10283
9896
8983
8399
8392
8439
8321
7505
7543
7426
7317
7272
7867
7390
7207
7139
7765
7883
7634
8035
7715
7738
7504
7716
7648
7352
6758
6258
5444
4769
3951
2923
2311
1150
-487
-1886
-2908
-4274
-5719
-6912
-8289
-9754
-10639
-11401
-13084
-14660
-14970
-16280
-17247
-19098
-19357
-18789
-19806
-20097
-21700
-20043
-19429
-19380
-19155
-18932
-17096
-15948
-14616
-13950
-12905
-10788
-9102
-8293
-6143
-4416
-3390
-2032
865
1877
1767
3236
6453
7276
6915
8213
9291
10071
9872
10960
11063
10755
11245
10861
10656
10726
11083
10004
9482
9826
9528
8829
8465
8035
7505
8023
8405
7309
6495
7087
7693
6996
7322
8092
7675
7270
7743
8350
7692
7834
8242
7902
7980
8192
7959
7075
7124
7579
6541
5784
5615
4912
3746
2912
1683
1049
292
-587
-2097
-3712
-4992
-6724
-7822
-8770
-9731
-11507
-12932
-13832
-15194
-16338
-17572
-18878
-19719
-19991
-18677
-19733
-21123
-21297
-19788
-18020
-18800
-18409
-17818
-16301
-14914
-13681
-13080
-12931
-11014
-7869
-7031
-7152
-5722
-3307
-2241
-1178
898
1554
1744
3323
6092
6601
6137
7076
8711
9597
9728
9835
9683
9863
10936
11371
10185
9115
9552
10606
10579
9346
8283
8100
9049
9508
8411
7476
7603
8139
8614
8422
7926
7615
7710
8523
8705
8195
8022
8420
8783
8793
8788
9002
9088
8795
8953
8972
8237
8046
7466
7154
6280
5256
4367
3603
2964
1876
159
-1221
-2239
-2586
-3840
-6511
-7935
-8606
-9196
-10081
-11072
-12730
-14043
-14032
-13965
-15442
-17109
-17036
-16592
-16676
-16531
-17335
-17682
-16910
-15174
-14830
-15318
-14538
-13242
-11225
-10465
-9770
-8642
-7258
-5144
-4073
-2757
-1742
318
1114
2437
4111
4750
5700
7126
8855
8975
8502
10089
11238
11084
10690
11317
11390
10690
11167
11250
11137
9534
10022
10142
9856
9256
8776
8781
8576
8939
8639
8287
8080
8536
8185
8030
8678
8037
7912
8240
8549
7991
7784
8557
8192
7657
7682
8041
7898
7264
7127
6544
6142
5466
4886
4050
3431
3004
1751
650
-717
-1526
-2758
-3582
-4919
-5821
-6632
-8119
-9947
-11500
-12031
-12527
-13781
-15239
-16055
-16832
-17043
-18009
-19080
-19327
-19368
-19131
-18581
-17774
-17798
-18225
-16894
-15792
-14431
-13476
-12508
-11944
-11089
-9125
-7931
-7166
-6158
-4618
-2992
-1400
-96
-8
916
2265
3686
4540
5272
6616
6971
7462
7929
8625
9312
9523
9611
9116
9310
9580
9631
9482
9047
8803
8746
9095
8991
8670
7978
8026
8336
8439
8089
7609
7774
7748
7272
6886
7012
7389
6744
6410
6760
6628
6200
6087
6350
5839
5466
5428
5332
5082
4692
3663
2935
2503
1927
895
158
-562
-1250
-2339
-3201
-4329
-5301
-6346
-7077
-8685
-9866
-10902
-11520
-12303
-13832
-14685
-15035
-14879
-15645
-16469
-16792
-16640
-16242
-16382
-17098
-17018
-16528
-15615
-14637
-14374
-13938
-12458
-11129
-10702
-10923
-9201
-7630
-6493
-5900
-4777
-3346
-1930
-1010
-438
84
1114
2766
3523
4343
4421
4998
5961
7264
7746
7529
7526
8418
8964
9295
9517
9607
9353
9502
10287
10505
9865
9615
9212
9152
9113
9590
8798
8013
8074
8099
8196
8080
7977
7535
7610
7940
7579
6918
6878
6807
6067
5681
5867
5652
5246
4955
4733
4042
3869
3690
3227
2319
1969
1491
802
226
-820
-1905
-2849
-3886
-5077
-5938
-7081
-8633
-9495
-9796
-10323
-11324
-11833
-12184
-12821
-12727
-12804
-12646
-12711
-12758
-12764
-13009
-12686
-12013
-12014
-11963
-11307
-10116
-9508
-8921
-8628
-7630
-6752
-5960
-5179
-5061
-3863
-2532
-1550
-1245
-275
506
1478
2336
2841
3092
3904
5072
5994
6045
6588
7471
7827
8522
9200
9196
9600
10440
10843
10681
10365
10981
11098
10629
10731
10479
10457
10747
11082
11006
10598
10563
10697
10717
10699
10344
9899
9868
9803
9550
9109
8677
8435
8030
8026
7739
6825
6277
6046
5811
5092
4559
3998
3734
3365
2765
1869
1220
139
-594
-1282
-2141
-3027
-4154
-4619
-5375
-6209
-7150
-7570
-7972
-8179
-9257
-10083
-10560
-10348
-10231
-10555
-10815
-10539
-10505
-10525
-10265
-10512
-10441
-10028
-9088
-8944
-8678
-8292
-7561
-7022
-6580
-6259
-5365
-4245
-3438
-2931
-2718
-2181
-1512
-660
-375
-262
117
1000
1841
1972
2113
2431
2835
3537
4205
4261
4198
4287
4854
4970
5306
5528
5849
6146
6757
6905
6849
6657
6326
6317
6402
6489
6330
6507
6720
6720
6663
6787
6617
6567
6510
6469
5480
5204
5141
4723
4285
3418
3153
2684
2570
2262
1320
395
-193
-337
-597
-1385
-2388
-2989
-3565
-4094
-4870
-5908
-6642
-7261
-7591
-8083
-8779
-9181
-9288
-9220
-9558
-10033
-10578
-10372
-10211
-10294
-9845
-9582
-9623
-9428
-8975
-8735
-8892
-9027
-8283
-7587
-7096
-6976
-6385
-5734
-5067
-4259
-3887
-2860
-2547
-2190
-1716
-1307
-1245
-960
-340
291
479
490
573
751
1355
1660
1699
2016
2355
2586
2812
2446
2491
2475
3444
3683
3164
3015
3471
3782
3947
4183
4415
4395
4483
5105
5168
4732
5000
5274
5577
5973
5986
5945
5896
6308
6046
5697
5596
5309
4997
4861
4613
4271
4300
4085
3633
3211
2524
1836
1247
661
-81
-696
-1450
-2448
-3055
-3701
-3979
-4614
-4972
-5310
-6001
-6526
-6788
-6779
-7152
-7424
-7247
-7498
-7915
-7807
-7547
-7444
-7179
-7025
-7050
-6639
-6345
-5584
-4864
-4524
-3648
-3636
-2958
-2438
-2690
-2577
-1877
-883
-386
-306
-293
531
941
1315
1045
1127
2089
2132
2313
2142
2404
2588
2746
3342
3671
3696
3389
3639
4019
3782
4145
4233
4065
4235
4768
5094
4935
4871
5013
5637
5771
5696
5098
5204
5365
5408
5165
5255
5167
5326
5764
5899
5446
5537
5863
6069
6205
5777
5743
5571
5351
5094
4525
3694
3319
3103
2791
2360
1970
1472
541
47
-383
-1187
-1834
-2488
-2662
-2864
-3406
-3893
-4237
-4413
-4563
-4425
-4794
-5071
-4770
-4673
-4722
-4783
-4879
-4325
-3840
-3267
-3183
-3204
-2834
-2463
-2067
-1837
-1517
-1168
-667
-353
34
246
436
1061
1617
2293
2251
2303
2621
2830
2778
2672
3264
3629
3891
4156
4358
4203
3866
4483
4607
4495
4660
5051
5244
4701
4415
4359
3989
3907
4081
4211
4078
3827
4155
4360
4397
4474
4367
4520
4515
4352
4413
4315
4231
4143
3552
3404
3199
2491
1893
1446
1134
1114
641
127
-410
-763
-910
-1319
-1810
-2441
-2946
-3281
-3730
-4537
-4807
-4999
-5254
-5678
-5864
-6297
-6310
-6385
-6411
-6453
-6127
-6107
-6187
-5643
-5556
-5302
-5180
-4570
-4296
-4094
-3952
-3904
-3733
-3354
-2774
-2581
-2212
-1814
-1467
-1022
-511
-712
-605
12
632
704
724
829
801
996
1042
1077
815
1078
1212
1015
653
713
809
1177
1243
1119
1254
1092
1465
1579
1455
1444
1372
1340
1760
1915
1689
1597
1670
1714
1924
2185
2121
2259
2110
2399
2363
2176
1893
1541
1436
898
598
551
462
271
71
-251
-958
-1384
-1490
-1905
-2562
-3103
-3865
-4653
-5290
-5684
-6053
-6530
-6660
-6529
-6825
-6981
-6912
-6602
-6092
-5946
-5729
-5491
-5306
-5103
-4894
-4447
-4053
-3803
-3525
-2952
-2502
-2105
-1577
-1340
-859
-285
116
305
625
813
1079
1275
1273
1538
1764
1824
2169
2487
2592
2328
2399
2832
3058
2814
2526
2538
2538
2815
2851
2767
2685
2710
2936
2814
2951
2835
3031
3033
2931
2976
2962
3322
3367
3665
3816
4069
4231
4269
4245
4140
4367
4382
4199
4245
4234
4014
3784
3499
3415
3174
3002
2971
2541
1923
1358
917
468
-116
-623
-1417
-1919
-2347
-2892
-3587
-4062
-4398
-4923
-5121
-5280
-5684
-6252
-6177
-6098
-6137
-6056
-5918
-5944
-5503
-4974
-4600
-4382
-4133
-3418
-2751
-2291
-1847
-1449
-1051
-313
42
336
729
1249
1945
2126
2372
2530
2793
3047
3475
3866
3716
3642
3455
3287
3273
3089
2849
2942
2975
2956
2718
2309
2353
2133
2283
2240
2092
2132
2122
2185
2228
2337
2567
2993
3328
3504
3633
3979
4000
4346
4571
4869
4655
4708
5036
5276
5508
5316
5426
5370
5342
5259
5240
5149
4904
4841
4806
4405
3723
3429
3237
2684
2121
1469
1239
944
66
-691
-1745
-2399
-2872
-3097
-3734
-4577
-4994
-5223
-5028
-5444
-5877
-6254
-6158
-6076
-5945
-5674
-5815
-5726
-5239
-4800
-4785
-4465
-3986
-3376
-3221
-2914
-2492
-2142
-1676
-1134
-853
-506
-251
176
556
706
657
902
1465
1542
1312
692
760
755
793
994
807
789
664
722
704
541
450
586
849
862
987
778
943
958
1072
1128
845
1030
1200
1460
1489
1724
2121
2370
2869
3221
3378
3303
3250
3488
3715
3651
3293
3141
2910
2718
2546
2356
2039
1998
1725
1583
972
359
-247
-844
-1130
-1786
-2129
-2489
-3034
-3413
-3825
-4365
-4808
-5303
-5916
-6521
-6948
-7385
-7297
-7339
-7353
-7699
-7788
-7721
-7662
-7530
-7264
-6881
-6674
-6128
-5786
-5528
-5259
-4926
-4458
-4034
-3527
-3273
-2770
-2266
-2092
-1694
-1326
-607
-91
181
363
518
714
807
951
903
1034
1285
1608
1742
1515
1513
1485
1595
1468
1323
1409
1516
1569
1370
1663
1734
1916
2068
2234
2340
2578
2971
3037
3239
3326
3736
4049
4346
4513
4318
4170
3947
4193
4089
3959
3602
3659
3703
3963
3844
3775
3484
2928
3020
2877
2806
2568
2042
1767
1550
916
479
2
-484
-863
-1141
-1537
-2018
-2310
-2741
-3185
-3712
-4044
-4221
-4551
-4436
-4262
-4158
-3945
-3673
-3509
-3336
-2958
-2835
-2656
-2421
-2171
-1533
-1442
-1321
-923
-581
-478
-574
-457
-405
-396
-361
-242
-200
-128
-99
260
538
822
1144
1099
1444
1533
1501
1320
1120
1043
957
812
809
776
749
1112
1089
1095
1118
1007
962
959
1217
1280
1425
1575
1811
1864
2041
2269
2498
3088
3453
3798
3890
3905
4042
3890
3970
3697
3395
3345
2931
2879
2687
2725
2393
2091
1861
1697
1553
992
539
94
-161
-689
-1051
-1126
-1549
-2054
-2287
-2651
-2937
-2950
-3309
-3620
-3664
-3786
-3694
-3966
-3987
-4024
-4114
-4061
-3794
-3564
-3382
-3400
-3401
-2992
-2625
-2588
-2260
-1960
-1685
-1217
-1256
-1112
-726
-440
-279
-50
190
632
676
678
831
1036
1168
1254
1247
1095
1165
1016
806
763
706
771
870
927
992
1051
1295
1397
1493
1516
1304
1247
1245
1150
1234
1360
1925
2135
2277
2698
2686
3034
3288
3488
3598
3375
3355
3403
3462
3429
3287
3293
2953
2735
2519
2370
1972
1571
1421
1212
1045
574
527
402
-78
-490
-857
-1218
-1393
-1552
-1959
-2480
-2742
-3124
-3497
-3710
-4035
-4206
-4270
-4265
-4469
-4629
-4496
-4493
-4637
-4415
-4292
-4063
-3688
-3311
-2892
-2731
-2319
-2159
-1921
-1693
-1503
-1180
-933
-1013
-1021
-1015
-937
-668
-551
-269
125
152
447
732
728
685
693
530
241
357
313
660
729
619
635
614
613
557
648
590
363
538
699
683
638
668
776
699
715
916
903
926
1166
1174
1327
1464
1725
1762
1846
1945
1843
2157
2223
2474
2515
2472
2510
2318
1999
1377
992
739
474
330
45
-215
-325
-441
-639
-861
-1006
-968
-965
-972
-1158
-1087
-979
-952
-1032
-1286
-1298
-963
-790
-899
-886
-909
-943
-715
-440
-498
-544
-205
-185
-76
-120
-261
-56
430
780
748
930
1238
1501
1701
1594
1515
1689
1664
1747
1632
1724
1533
1687
1674
1886
1994
1668
1759
1640
1452
1315
1504
1518
1382
1201
1094
723
650
820
789
873
1051
1162
1194
1416
1207
898
776
893
1056
1168
1556
1588
1785
1810
1693
1702
1574
1585
1553
1320
1233
1157
1418
1325
1265
1141
1087
1032
864
881
642
18
-137
66
-221
-199
-481
-604
-658
-796
-1090
-1545
-1787
-2243
-2269
-2057
-2092
-2205
-2191
-2012
-1903
-1560
-1568
-1472
-1705
-1769
-1582
-1558
-1405
-1490
-1487
-1326
-1302
-1600
-1613
-1488
-1427
-1390
-1322
-1300
-1053
-811
-610
-330
-438
-407
-453
-477
-550
-506
-665
-604
-574
-711
-807
-906
-1073
-1173
-912
-959
-974
-1193
-1192
-1312
-1314
-1494
-1691
-1625
-1892
-1931
-2185
-1917
-1773
-2069
-2190
-1986
-1660
-1429
-1260
-1003
-1098
-1004
-904
-864
-985
-1068
-1022
-1220
-1147
-1051
-1014
-1137
-1218
-1298
-1359
-1532
-1620
-1550
-1569
-1536
-1592
-1516
-1420
-1474
-1505
-1803
-1994
-2207
-2339
-2362
-2316
-2301
-2312
-2356
-2286
-2158
-2223
-2014
-1804
-1790
-1456
-1184
-1129
-1074
-1161
-903
-1040
-872
-958
-910
-710
-642
-448
-464
-67
-285
-287
-473
-669
-694
-459
-327
-209
-293
-246
-70
-189
-189
-245
-74
-182
-227
105
109
-103
-162
-193
-67
-341
-389
-357
-252
-232
-347
-276
-154
-172
31
150
5
67
-104
102
175
116
148
89
138
98
253
455
430
308
262
311
174
217
265
274
515
724
821
905
1166
954
657
642
649
647
550
348
277
302
255
196
345
302
83
59
-146
-300
-363
-260
-452
-599
-425
-623
-308
-276
-146
234
221
355
423
466
245
344
361
149
376
472
358
573
518
402
652
536
387
443
447
320
451
370
466
759
884
1321
1739
1936
1907
1881
2005
2002
1967
2044
1978
2000
1977
1926
2009
1785
1917
1989
1802
1722
1878
1992
1960
1669
1821
1983
1932
1985
1996
2263
2242
2237
2355
2380
2211
2138
2126
1930
1786
1529
1359
1181
999
1055
1042
1258
1327
1334
1309
1160
924
781
463
255
240
136
365
186
-238
-135
-329
-468
-683
-532
-552
-655
-595
-602
-480
-691
-605
-618
-671
-561
-439
-144
56
107
283
276
217
338
261
-70
70
263
302
311
456
634
793
1035
741
684
640
754
640
569
505
434
410
412
413
339
250
137
292
471
511
344
261
307
105
-94
-89
-113
-258
-254
-63
-399
-557
-819
-867
-993
-1275
-1696
-1941
-2148
-2325
-2698
-2988
-2900
-3019
-3184
-2982
-2713
-2606
-2530
-2797
-2898
-2936
-3126
-2908
-3133
-3577
-3822
-3920
-3817
-4024
-4041
-4097
-4178
-4248
-4359
-4292
-4143
-3999
-3836
-3762
-3421
-3263
-3160
-3006
-2703
-2529
-2381
-2242
-2212
-1940
-1608
-1445
-1374
-1192
-664
-370
-423
-211
-145
-65
-85
92
-200
-334
-644
-680
-597
-1035
-1074
-861
-863
-764
-628
-673
-533
-733
-915
-768
-722
-648
-557
-543
-846
-975
-958
-1112
-1081
-1308
-1525
-1373
-1512
-1357
-1121
-966
-1170
-1201
-899
-907
-676
-682
-645
-544
-314
-214
-207
-216
-67
85
228
252
591
785
557
721
919
949
957
1172
1049
981
1104
1362
1266
1171
926
809
948
962
620
398
478
455
573
496
585
751
631
767
873
842
746
774
759
925
1139
1304
1399
1473
1701
1785
2050
2025
1862
1778
1607
1779
1778
1800
1890
2166
2354
2483
2727
3006
3117
3146
3343
3171
2967
2895
2778
2371
2174
2057
1792
1604
1455
1481
1608
1678
1593
1583
1703
1773
1836
1739
1536
1688
1555
1560
1715
1531
1663
1448
1431
1761
1543
1530
1570
1537
1673
1858
2043
2022
2176
2233
2184
2040
1849
1625
1499
1335
1076
918
681
607
522
635
633
649
694
592
383
346
4
-70
60
245
251
263
167
-18
350
392
494
421
444
455
156
281
86
-110
64
101
232
-74
-50
32
166
327
443
498
409
796
898
687
815
766
872
1021
1385
1663
1916
1830
1687
1882
2241
2359
2385
2639
2590
2543
2351
2416
2141
1615
1374
1135
1038
1088
1080
934
905
885
792
510
362
168
152
421
232
300
390
366
399
428
568
593
684
317
342
307
-97
-168
-270
-264
-521
-528
-588
-735
-811
-695
-858
-1087
-1424
-1582
-1510
-1759
-1757
-1597
-1523
-1475
-1320
-1312
-1371
-1619
-1721
-1830
-1962
-2044
-2003
-1742
-1760
-1831
-1874
-2094
-2199
-2325
-2087
-1967
-1885
-1931
-1935
-1788
-1638
-1627
-1596
-1323
-1257
-1247
-1032
-814
-799
-661
-662
-618
-533
-372
-258
-189
-51
-182
-375
-224
-376
-501
-776
-936
-1027
-1128
-1165
-1222
-1435
-1650
-1603
-1565
-1719
-1716
-1683
-1666
-1547
-1483
-1451
-1405
-1749
-1789
-1596
-1499
-1351
-1266
-1066
-1041
-998
-1085
-828
-417
-129
42
-47
-26
244
358
171
57
129
76
30
259
340
188
62
199
-50
-171
-78
95
-111
-252
-158
-305
-352
-480
-785
-858
-965
-1173
-1120
-1188
-1023
-943
-754
-595
-672
-544
-502
-482
-467
-760
-658
-662
-428
-407
-423
-116
-92
-138
-21
-126
53
-230
-301
-122
-89
225
415
501
493
662
552
827
1067
1292
1369
1213
1419
1186
1136
903
740
612
470
753
755
872
1199
1151
1225
1485
1653
1963
1822
1825
1602
1399
1400
1476
1732
1822
1899
2097
2218
2207
2102
2159
2067
2158
2091
1801
1679
1976
2226
2306
2302
2075
1821
1475
1355
1214
1357
1414
1562
1563
1431
1382
1328
999
923
854
651
328
10
-116
-472
-855
-898
-831
-825
-925
-886
-658
-498
-452
-426
-206
-206
-219
-221
-451
-366
-232
-198
130
130
89
55
-66
-54
-9
31
49
211
685
846
988
967
1040
914
1084
1184
1003
1216
1184
1066
881
918
811
854
941
1067
1051
910
880
792
635
502
300
146
26
-195
-207
-128
-302
-281
-77
-70
-244
-258
-247
-177
-144
184
180
177
137
155
-62
-210
-271
-343
-483
-531
-609
-420
-391
-580
-682
-1211
-1354
-1476
-1464
-1650
-1616
-1863
-1858
-1814
-1682
-1732
-1774
-1787
-1794
-1406
-1231
-1008
-996
-964
-1073
-1311
-1379
-1570
-1500
-1475
-1376
-1405
-1387
-1332
-1431
-1328
-1337
-1640
-1692
-1688
-1983
-1946
-2009
-1880
-1721
-1579
-1536
-1535
-1368
-1018
-704
-272
-178
98
519
674
713
502
242
115
46
-221
-200
-141
-269
-381
-290
-317
-251
-244
-324
-545
-459
-644
-762
-568
-802
-718
-715
-565
-528
-585
-374
-467
-214
7
140
456
597
468
421
476
107
-143
-415
-560
-573
-761
-970
-1124
-1242
-1097
-1188
-1608
-1535
-1556
-1598
-1696
-1619
-1537
-1481
-1405
-1417
-1254
-1281
-1158
-1048
-692
-839
-956
-644
-537
-310
-261
-441
-281
-200
-76
15
5
-6
-89
104
413
453
450
604
846
1162
1371
1373
1540
1668
1677
1677
1399
964
866
769
843
1096
1173
1418
1331
1057
796
683
763
749
684
791
796
872
881
735
436
387
207
223
215
316
343
455
733
583
468
233
90
-2
9
193
182
167
288
363
471
452
452
286
267
150
346
315
415
673
850
982
1075
1373
1241
1561
1798
1811
1692
1458
1399
1175
969
748
738
757
868
906
890
959
902
734
562
646
541
672
742
574
672
425
309
339
296
164
342
325
635
898
779
663
636
638
648
629
575
459
526
471
494
352
239
14
-93
-196
-50
88
55
278
104
237
194
32
150
101
168
106
82
212
212
211
361
401
576
831
701
561
555
729
444
134
-21
143
135
69
102
53
-1
-152
-164
-243
-436
-376
-445
-508
-235
-170
-89
-257
-107
37
187
41
288
304
113
-123
-188
-135
-140
36
-204
-520
-602
-638
-1022
-1325
-1301
-1276
-1309
-1514
-1666
-1776
-2139
-1969
-1621
-1514
-1205
-1118
-761
-784
-736
-718
-717
-897
-752
-299
-142
91
154
326
147
58
-227
-341
-227
-327
-364
-257
-502
-810
-659
-981
-1000
-766
-541
-142
-61
313
196
260
84
97
162
-48
-83
-293
-474
-376
-524
-779
-560
-425
-279
-562
-415
-370
-734
-633
-891
-1287
-1386
-1223
-1405
-1203
-1071
-874
-605
-449
-254
-272
-445
-288
-408
-212
212
301
666
740
817
626
726
619
665
613
401
219
-153
-64
-184
-70
121
72
96
373
695
894
1136
1245
1182
979
961
1290
846
750
689
491
440
491
365
42
-124
-359
-504
-643
-559
-551
-426
-449
-389
-205
-80
-89
30
274
194
-120
-134
-195
-140
-118
-263
-274
-102
165
482
450
564
524
413
174
24
-206
-609
-538
-630
-537
-443
-172
-65
126
223
710
989
962
1035
1051
1242
1105
1167
1004
1122
1043
857
995
1097
1080
1149
1147
1021
1125
1115
1078
941
788
889
717
511
520
445
393
243
292
360
347
423
178
50
109
-128
-96
-259
-170
-357
-617
-754
-863
-950
-818
-556
-651
-779
-783
-1192
-1306
-1241
-1232
-885
-937
-739
-732
-842
-643
-794
-768
-535
-435
-265
-170
-209
-205
-203
-264
-259
-35
42
-1
306
377
481
493
347
374
321
379
584
523
472
432
658
593
167
73
153
197
181
221
116
61
75
-39
-163
-206
-484
-861
-807
-799
-620
-595
-628
-477
-433
-197
-186
-250
-439
-319
-593
-1102
-1358
-1618
-1988
-2214
-2315
-2351
-2290
-2191
-2199
-2098
-1972
-1907
-1774
-1696
-1678
-1651
-1795
-1450
-1324
-1171
-992
-997
-790
-885
-715
-634
-715
-761
-808
-594
-533
-545
-506
-413
-177
-225
-49
-52
60
204
159
355
382
155
163
214
459
617
911
948
1372
1487
1288
1348
1181
1213
951
735
593
593
418
490
445
44
-76
-147
-195
-323
-123
31
390
487
531
671
812
901
600
349
78
88
-141
-107
9
-399
-550
-828
-1005
-971
-1209
-885
-1063
-1065
-974
-1130
-1077
-988
-1061
-1167
-1063
-1031
-969
-1001
-881
-794
-793
-806
-847
-755
-810
-849
-542
-386
-646
-592
-536
-550
-334
-399
-133
103
337
615
687
995
1213
1398
1659
1889
2171
2330
2294
2443
2353
2303
2270
1911
2014
2116
2227
2138
2359
2357
2337
2530
2501
2545
2611
2703
2594
2595
2556
2365
2368
2326
2032
1766
1491
1405
1109
1087
1149
1250
1259
1286
1375
1449
1595
1454
1307
831
936
629
573
431
176
-29
-336
-394
-571
-317
-437
-346
-362
-471
-408
-329
-107
156
517
719
670
865
983
1166
1323
1352
1509
1579
1602
1665
1522
1278
1356
1324
1287
1137
1252
1419
1271
1373
1274
1214
1350
1271
1182
1177
1202
1293
1507
1759
1730
1640
1547
1502
1697
1385
1306
