-1217
-1172
-910
-941
-895
-1191
-1494
-1350
-1543
-1473
-1192
-1284
-1061
-678
-671
-497
-957
-1117
-1005
-691
-578
-338
-227
-233
-134
-83
435
703
700
1123
1155
1028
879
768
750
852
999
806
856
642
656
881
936
1016
595
527
523
669
480
163
604
554
494
628
556
593
927
967
1110
1537
1671
1678
1772
1990
1758
1991
2182
2488
2704
2466
2102
1967
1641
1347
975
650
405
426
319
252
518
327
22
98
162
498
787
764
865
788
693
920
1184
1537
1321
1194
1626
1411
1572
1440
1367
1420
1029
980
1098
912
765
685
797
786
892
1227
1461
1627
1971
1968
1830
1774
1922
2201
2180
2287
2182
1889
1586
1474
1435
1100
1192
922
806
714
584
449
354
350
-46
-289
-521
-999
-835
-1047
-1125
-1080
-955
-1045
-1009
-570
-307
-18
160
235
54
218
495
847
978
1298
1074
1248
1013
796
1155
943
1169
1270
1193
1438
1342
921
833
755
1098
1088
1123
1349
1598
1632
1513
1465
1359
1357
1205
1075
1078
1356
990
1083
1122
1107
771
535
289
462
351
280
576
517
515
484
355
295
341
476
599
271
481
469
487
618
519
714
494
472
394
354
331
-105
-170
-176
-123
-76
-23
-132
335
512
348
234
211
500
699
526
414
543
121
-5
238
320
-79
-115
-273
-594
-525
-801
-864
-1282
-865
-703
-1005
-1058
-1488
-1482
-1604
-1864
-1952
-2132
-1921
-2281
-2401
-2032
-2168
-1831
-1659
-1316
-1183
-861
-735
-1023
-1112
-1096
-1275
-1517
-1483
-1561
-1768
-1862
-1687
-1393
-1329
-1436
-1470
-1324
-1040
-839
-667
-466
-174
-76
-1
215
608
728
753
1061
1267
1280
1260
1637
1610
1616
1588
1929
1725
1569
1599
1390
1476
1562
1487
1061
1205
788
781
1021
567
719
758
966
817
537
448
639
651
572
377
340
386
157
65
-135
-272
-307
-267
-693
-350
-387
-577
-855
-1140
-902
-1017
-1334
-1271
-1285
-1075
-829
-786
-582
-616
-406
-506
-480
-182
-49
292
36
-114
101
309
599
887
854
1157
1302
1541
1723
1786
2161
2032
2416
2315
2295
2641
2312
2467
2464
2404
2450
2163
1846
1539
1652
1668
1804
1806
1632
1235
1218
943
784
747
658
873
325
485
386
206
44
-327
-424
-317
-313
-303
-262
-567
-1060
-1453
-1633
-1870
-1706
-1822
-2120
-1897
-1763
-1449
-1441
-1137
-1034
-1444
-801
-730
-335
38
-81
69
-193
-249
147
529
528
943
976
813
1036
984
792
790
702
656
766
916
984
729
630
231
286
369
200
372
535
624
624
674
675
1044
1247
1307
886
817
781
651
438
58
284
192
178
-84
-95
-509
-1121
-979
-1374
-1297
-1486
-1497
-1536
-1661
-1746
-1613
-1807
-1518
-1343
-1139
-981
-1208
-1322
-1345
-1309
-1333
-1016
-783
-689
-824
-795
-812
-758
-341
-145
112
-81
-181
-54
-351
-422
-633
-535
-342
-349
-476
-475
-241
5
375
452
584
465
591
385
106
127
-138
-254
-549
-618
-275
-173
125
246
105
321
854
1069
1095
1277
1266
1174
1277
1042
836
720
1113
1048
1208
1501
1579
1710
1699
1537
1575
1527
1335
1244
1536
1211
1025
820
473
651
577
555
81
45
6
-163
-577
-291
-511
-572
-518
-761
-705
-1029
-642
-947
-779
-625
-957
-825
-1317
-1420
-1402
-1699
-1561
-1689
-1503
-1309
-872
-598
-339
-526
-492
-689
-650
-305
-219
-87
-21
-107
67
310
232
303
104
244
844
1207
1549
1759
1585
1448
1332
1147
816
386
470
496
472
656
901
818
813
952
1012
1097
817
1091
712
748
417
311
589
403
475
349
342
212
-75
-297
-674
-1049
-1386
-1688
-1824
-1602
-1919
-2334
-2520
-2359
-2390
-2495
-2437
-2309
-2211
-2421
-2508
-2062
-2256
-2348
-2288
-2022
-1619
-1629
-1221
-1204
-522
-204
-210
-430
-244
414
144
62
548
269
155
348
180
406
630
608
643
840
647
810
964
420
455
384
101
162
108
134
282
682
415
751
630
429
494
469
747
686
787
841
722
496
380
266
643
489
480
429
223
291
251
-371
-854
-994
-659
-672
-490
-319
-385
-485
-359
-380
-275
280
470
455
588
1277
1009
685
123
88
-153
-153
-146
-327
-162
-304
-80
-59
219
239
239
-206
-174
-188
-205
-83
-107
177
182
263
94
42
-157
-244
-48
-325
-390
-251
-727
-858
-1180
-1352
-1266
-1069
-1083
-1259
-1158
-1520
-1656
-1853
-1788
-1616
-1430
-1232
-1146
-730
-532
-475
-592
-798
-758
-937
-862
-675
-531
-542
-979
-1113
-1036
-983
-1121
-1224
-1420
-1311
-1501
-1932
-1741
-1961
-1783
-2091
-1530
-1122
-1147
-714
-697
-503
-186
-249
-235
-245
-413
-361
-603
-588
-357
17
-286
-224
-199
20
-146
-476
-810
-1334
-1125
-1425
-1335
-1750
-1697
-1193
-1057
-997
-816
-806
-883
-1051
-1184
-812
-426
16
188
67
-18
53
-127
-343
-490
-657
-1104
-1156
-1042
-1096
-882
-628
-356
-172
-119
124
-66
-97
146
138
58
292
455
809
710
498
881
718
827
915
722
616
135
24
-192
-411
-94
193
-1
25
460
567
809
836
874
593
351
490
457
533
548
759
777
567
338
437
42
-42
288
-58
-255
-10
38
-255
-153
72
-49
-53
-432
-496
-391
-347
-617
-626
-345
-74
405
302
565
685
539
434
594
884
792
801
380
744
901
780
1044
749
841
1028
831
896
1022
1224
1429
1587
1673
1390
1427
1459
1634
1578
1492
1567
1251
1251
1249
1312
1130
1289
1233
1040
1178
1198
1075
1058
765
654
793
835
879
545
112
-3
-343
-509
-496
-502
-416
-284
-17
-235
36
-206
-206
-474
-880
-932
-848
-489
-368
-471
-160
-403
-721
-512
-570
-474
-555
-293
-189
-268
-256
-182
-393
-462
-400
-185
-98
-135
-472
150
228
-224
63
-3
485
365
403
959
585
783
867
575
615
519
711
705
738
579
693
702
492
683
731
360
300
351
457
641
396
396
-150
-143
269
158
335
102
-169
-363
-445
-82
15
71
-171
-167
91
-165
-92
-91
246
780
486
533
362
173
-25
-209
-224
-446
-898
-978
-863
-548
-437
-327
-371
-724
-440
-246
-309
101
-23
-123
141
165
168
-85
-28
-109
-315
-235
-479
-434
-297
-355
-584
-383
-297
-944
-1360
-1586
-1885
-1935
-1624
-1290
-1237
-905
-646
-471
-137
-87
-94
-232
-560
-601
-511
-960
-736
-464
-368
-571
-491
-406
-429
-798
-704
-956
-1072
-856
-1067
-1220
-1818
-1750
-1859
-1953
-1899
-1679
-1728
-1838
-1763
-1625
-1344
-1476
-1348
-1091
-1252
-1092
-1065
-773
-1006
-1142
-1116
-1484
-1416
-1494
-1355
-1034
-1134
-1039
-1078
-989
-1093
-1071
-915
-996
-578
-972
-1350
-1248
-1257
-819
-456
-60
81
98
-188
-462
-650
-900
-706
-808
-700
-624
-645
-614
-831
-892
-616
-593
-388
-281
-657
71
182
76
484
636
776
463
566
182
-190
-152
-421
-731
-843
-891
-882
-652
-1065
-974
-1130
-1111
-1072
-1182
-1233
-1325
-1233
-1112
-1053
-1174
-1035
-763
-688
-536
-583
-364
-354
53
322
397
778
591
903
712
530
891
1016
627
713
888
966
903
825
707
615
714
558
984
1308
1381
1641
1593
1748
1975
1850
1956
1982
1843
1894
2066
1868
1974
1831
1316
1162
742
578
659
354
960
939
939
1432
1399
1724
1700
1470
1373
1781
2034
1722
1921
2044
2019
1841
1632
1645
1986
2090
1698
1360
1360
1173
1374
1487
1092
1041
1188
942
1104
1177
1462
1564
1240
1152
1222
1131
929
1024
1020
1042
785
776
617
380
175
-105
-501
-566
-588
-738
-389
-372
-443
-597
-502
-535
-442
-404
-450
-369
-555
-256
-199
-376
-113
-121
-269
-62
-103
84
1
-354
-284
-352
-346
-205
-69
-275
-249
-569
-708
-650
-731
-724
-584
-542
-708
-504
-560
-662
-533
-700
-420
-427
-290
8
-362
-132
180
106
646
252
121
431
486
546
536
780
624
873
582
84
-253
-400
-701
-790
-921
-964
-985
-905
-645
-397
-675
-715
-630
-975
-997
-1155
-1198
-1691
-1682
-1690
-1864
-1356
-1157
-795
-662
-638
-590
-405
-470
-546
-541
-831
-584
-20
274
256
5
45
575
583
513
852
1043
1134
1210
1213
1086
1260
1153
889
1263
1078
1225
1153
925
1119
1095
1302
1187
1176
1307
1351
1420
1707
1565
1595
1737
1590
2023
2170
2217
2068
1952
2030
1855
1536
1492
1333
1253
1089
911
735
705
412
92
-54
3
-580
-719
-800
-1019
-651
-1045
-1197
-1526
-1261
-1709
-1790
-1207
-1168
-1133
-683
-947
-945
-936
-1133
-1491
-1724
-2145
-2371
-2463
-2273
-2205
-2399
-2030
-1773
-1718
-1229
-1020
-1171
-1296
-1299
-1603
-1785
-1679
-1905
-1676
-1906
-1965
-1980
-1603
-1554
-1489
-895
-838
-345
-380
-278
-610
-722
-214
-234
-396
-268
-343
63
332
598
986
795
992
646
679
635
327
215
187
195
-35
-104
-22
-99
156
89
-168
-125
-106
69
419
397
1327
1620
1669
1561
1413
1267
1205
1234
1046
1195
689
853
666
962
609
508
758
626
719
554
888
1134
1102
1101
1089
1115
1083
1106
1058
1412
1321
1458
1702
1857
1828
1659
1660
1828
1875
1720
1778
1857
1387
1334
1436
1333
1491
1283
1203
1508
1377
1296
1679
1396
1461
1106
1301
1328
984
1282
1278
1525
1558
1707
1787
1955
1763
1763
1959
1701
1543
1332
867
784
733
632
509
586
656
376
305
140
433
459
569
562
676
257
291
178
-123
-175
-147
219
489
652
461
765
817
595
544
539
346
208
220
190
292
279
325
349
540
259
346
315
-57
87
63
118
265
418
364
209
216
349
727
929
1309
1546
1540
1261
1455
1533
1364
1043
1030
907
543
756
556
331
66
221
162
206
-110
-291
-672
-925
-1308
-1380
-1313
-1688
-1798
-1691
-1652
-1353
-1168
-1187
-1054
-1152
-1286
-1046
-1012
-1065
-1219
-1497
-1474
-1533
-1548
-1452
-1661
-2059
-2296
-2364
-2131
-2422
-2575
-2570
-2468
-2524
-2251
-2055
-2151
-2007
-1747
-1306
-1232
-936
-655
-691
-503
132
488
933
1061
662
672
916
793
824
1223
1080
909
517
687
720
505
332
480
637
607
658
1141
1614
1710
1618
1573
1774
1770
1820
1795
2256
2042
2182
2448
1999
2110
1980
2052
1731
1522
1193
1102
716
626
791
499
864
584
307
9
7
203
231
447
588
574
434
551
489
458
1084
1233
1095
739
367
587
631
382
451
106
159
-175
-516
-847
-988
-876
-1094
-750
-906
-841
-899
-1128
-1259
-1350
-1005
-779
-457
-563
-443
-447
-343
-310
-194
-290
-348
-243
-447
-587
-669
-512
-399
-269
-481
-551
-183
-344
-407
-467
-534
-430
-470
-406
-561
-418
-599
-716
-479
-639
-453
47
277
-144
-182
51
-117
-306
-152
-20
-58
51
-307
-215
-303
-68
-369
-431
-193
-435
-244
-202
-265
-283
-402
-578
-395
-336
-380
-236
8
-347
-194
-227
-50
-133
-437
-263
-53
362
379
402
53
66
442
383
353
303
222
-68
-167
36
165
422
405
730
714
492
124
-29
93
98
-213
-603
-501
-474
-376
-674
-632
-488
-700
-845
-625
-638
-548
-186
-161
53
532
549
766
526
879
1185
1264
1604
1651
1629
1703
1827
2085
2106
2135
1981
1904
1934
1385
1040
673
481
395
377
-59
-108
-230
-284
-219
-325
-342
-121
71
390
422
362
334
74
213
129
257
87
9
116
-405
-807
-765
-1030
-1197
-1278
-1749
-1598
-1533
-1520
-1454
-1381
-1416
-1164
-931
-1048
-909
-864
-921
-987
-666
-434
-621
-819
-1047
-892
-940
-761
-904
-673
-695
-820
-792
-1278
-1161
-1257
-1352
-1270
-1357
-1513
-1495
-1398
-1632
-1450
-1344
-1588
-1285
-1366
-1228
-970
-1455
-1235
-926
-738
-967
-1010
-1329
-1065
-1246
-1481
-1293
-1438
-1107
-905
-1035
-1396
-1062
-989
-741
-681
-778
-904
-1145
-995
-1035
-947
-781
-693
-285
-72
67
118
124
126
116
351
614
824
622
511
687
649
934
1005
750
744
600
689
1063
740
503
705
819
647
535
183
-157
87
38
192
53
-173
-226
-440
-302
-188
-453
-530
-302
-373
-528
-492
-679
-671
-567
-260
-78
-66
-8
38
364
389
431
195
260
281
370
401
461
493
478
378
652
958
803
707
601
809
865
726
446
142
-376
-167
-205
-243
-275
-585
-459
-938
-669
-404
-307
82
-189
122
235
265
553
719
710
895
1122
805
521
459
424
263
520
103
-301
-376
-248
43
-81
-224
-456
-342
-170
-403
-300
-509
-945
-1039
-1309
-969
-697
-428
-28
-140
-82
99
646
557
194
145
-58
50
171
244
17
78
407
403
323
185
15
-72
-593
-798
-787
-861
-783
-377
-103
-22
19
110
114
-11
-112
-157
-275
-788
-602
-665
-528
-329
-297
-104
-58
-57
-58
0
32
-120
-336
-314
77
-253
-379
-417
-490
-741
-612
-539
-694
-980
-915
-362
-593
-409
-548
-688
-828
-633
-345
-424
-750
-554
-474
-210
-510
-793
-692
-662
-572
-714
-846
-1078
-986
-1025
-1020
-950
-987
-1137
-1368
-1382
-1635
-1855
-1527
-1740
-1808
-1585
-1363
-1016
-747
-704
-976
-1054
-909
-960
-720
-420
-296
32
231
337
311
248
-208
-285
-142
-568
-536
-624
-855
-686
-492
-497
-694
-835
-810
-630
-564
-686
-498
-488
-112
96
315
557
581
1034
1101
1043
792
457
309
374
186
120
84
366
248
340
-2
-230
-277
-737
-1016
-1094
-937
-936
-755
-1223
-824
-852
-870
-531
-775
-757
-737
-544
-549
-530
-677
-244
-318
131
-184
-369
-127
-232
-133
-267
-169
-29
36
-451
-587
-755
-774
-812
-250
-755
-910
-867
-1249
-1071
-1106
-1179
-1426
-1473
-1063
-1504
-1283
-539
-407
-503
-485
-839
-1336
-1464
-1359
-1282
-1398
-2011
-1939
-1864
-1588
-1239
-939
-693
-596
-517
-690
-679
-443
-234
-214
165
126
268
-22
296
323
481
492
332
493
321
459
328
627
532
599
572
333
489
610
920
1305
1576
1530
1862
2598
2922
2908
2669
2691
2455
2683
3068
3365
2985
3229
3354
3167
3096
2843
2419
2233
2017
2119
2456
2657
2372
1953
2187
1961
1754
1773
1744
2011
2034
2248
2370
2729
2743
2518
2417
2133
1838
1702
1604
1410
1358
1205
768
644
938
773
652
584
509
442
273
731
1259
1716
1736
1952
1821
1773
1977
2169
2354
2261
2213
1906
1759
1284
1268
1188
955
576
359
563
654
550
306
104
21
-150
-238
-587
-638
-711
-592
-334
-232
-30
-201
162
298
313
980
1185
1301
962
665
533
793
825
512
837
807
937
880
716
1024
595
267
352
153
-18
-121
-224
-411
-516
-481
-400
-377
-123
133
-207
-337
-556
-455
-473
-694
-658
-626
-329
-587
-429
-470
-560
-569
-979
-1267
-1392
-1667
-1843
-2387
-2781
-2789
-2845
-2502
-2547
-2348
-1978
-1629
-1516
-1434
-1506
-1488
-1601
-1725
-1462
-1615
-1715
-2017
-1682
-1468
-1553
-1184
-1033
-704
-800
-589
-531
-82
-238
-284
81
285
658
774
851
665
484
343
38
-113
-429
-527
-151
-230
-244
-728
-627
-656
-1016
-968
-824
-698
-1104
-921
-1306
-1582
-1538
-1413
-1381
-1136
-647
-885
-747
-964
-1351
-1456
-1666
-1734
-2076
-1673
-1242
-1377
-1212
-1333
-1188
-501
-233
-341
-857
-1096
-1118
-979
-514
-383
-173
132
280
491
522
649
596
541
639
494
381
547
800
785
734
698
1012
937
901
1320
1350
1376
1370
1218
921
707
601
500
136
-9
101
-114
-246
116
319
230
377
797
491
508
804
801
853
915
1090
1088
1008
1105
1090
885
871
524
424
532
591
433
296
-326
-397
-526
-457
-262
-785
-856
-1504
-1678
-1403
-1332
-1033
-920
-855
-690
-769
-975
-730
-875
-651
-765
-807
-538
-557
-354
350
355
286
277
38
56
-282
-393
-712
-584
-522
-704
-399
-324
-322
-145
-31
-11
94
-238
-259
69
136
10
201
215
198
337
452
969
850
992
1283
1436
1369
1126
961
945
537
426
324
107
199
383
590
718
905
885
957
959
833
1040
1116
1294
1329
1915
2769
2943
3482
3474
3631
3573
3033
2920
2496
2508
2606
2509
2419
2334
2427
2238
1969
1333
752
365
-141
-261
-444
-300
-266
-466
-871
-1590
-1881
-2008
-2019
-2383
-2555
-2617
-2492
-2236
-2337
-2269
-2114
-2516
-2584
-2549
-2260
-2072
-1983
-1736
-1429
-1096
-1067
-602
-151
950
1230
1944
1895
1836
2287
2378
2632
2716
2906
3171
2868
2767
3071
2835
3209
2773
2715
2855
2581
2426
2438
2193
2382
2609
2356
2273
2207
1849
1664
1289
796
437
-81
13
294
-59
125
128
98
205
53
86
-134
-65
-137
157
-55
-269
-121
286
-33
-42
-26
71
94
-59
422
274
311
404
615
1030
1312
1083
782
790
743
449
202
71
169
200
-334
-877
-820
-1018
-1153
-1655
-1709
-1782
-1689
-1157
-883
-433
5
7
662
925
1056
1264
1062
964
838
659
684
617
491
590
486
451
211
305
-18
-233
-629
-807
-1056
-1134
-1039
-1220
-1680
-2101
-2451
-2972
-3405
-3520
-3365
-3491
-3461
-3676
-3486
-3276
-3370
-3300
-3027
-3170
-3075
-3139
-3128
-2914
-2648
-2530
-2431
-2254
-2074
-2040
-2136
-1794
-2046
-1969
-1443
-952
-769
-495
421
1021
1601
1987
2381
2446
2641
2839
3244
3799
4018
4348
4581
4973
5554
5463
5750
5746
5604
5413
4803
4413
4233
3623
2774
2528
1911
1678
1378
1406
1431
995
776
616
765
676
274
-244
-463
-455
-823
-1171
-846
-1246
-1645
-1788
-2172
-2154
-2272
-2375
-2685
-2849
-3294
-3512
-4057
-4899
-5511
-6512
-7335
-7832
-8583
-8897
-9230
-9246
-9476
-9555
-9424
-9643
-8722
-8302
-7683
-6832
-5646
-4943
-3684
-2115
-990
237
1189
2123
3090
3759
4143
4662
5257
5470
5705
6533
6829
7066
7079
6550
6370
6084
5813
5640
4846
4516
4041
3658
2936
2449
2449
1993
1707
650
-43
-227
-123
-640
-265
-36
-352
-646
-866
-1299
-1873
-1904
-2096
-2285
-2583
-2581
-2530
-2022
-1942
-2012
-1702
-1300
-1005
-380
-96
176
665
701
980
1495
1740
2256
2662
2679
2682
2586
2723
2815
3187
3436
3421
3843
3781
3970
4055
3947
3678
3408
3491
2771
2284
1690
1389
643
319
-412
-1147
-1465
-1977
-2430
-2865
-2973
-3687
-4169
-4886
-5428
-6018
-6849
-7489
-7941
-8489
-8773
-9274
-8847
-8489
-8206
-7899
-7121
-6951
-6406
-5377
-4826
-3790
-3010
-1655
-395
1140
2297
3858
5023
6292
7346
8412
8920
9717
10059
10852
11393
11455
11824
11449
11572
11568
11265
10605
10140
9577
8651
7852
7206
5962
4450
3128
2418
920
-186
-837
-1582
-2562
-3388
-3570
-4358
-5087
-5434
-5521
-5518
-5734
-6071
-5865
-5694
-5824
-5567
-5019
-4420
-4024
-3380
-2486
-1718
-853
81
755
1379
2317
3199
3873
4258
4773
5302
6159
6743
7284
7427
8463
7487
8428
8142
7848
7203
6699
6818
5905
6103
4411
4670
3095
2992
1881
1152
-110
-1260
-2282
-3607
-4254
-5755
-6917
-8425
-8782
-10139
-11354
-12304
-13437
-14299
-15395
-15943
-16801
-17377
-18030
-17750
-17836
-17803
-17663
-16885
-16104
-15022
-12906
-11333
-9190
-8530
-5819
-4111
-1984
-749
1296
2779
3040
4684
5589
6738
6957
8178
8676
9806
10683
11562
11488
11905
11911
11159
10586
10157
9624
8422
7548
6910
5850
4427
2794
2198
375
-1027
-1802
-2737
-3802
-4853
-4176
-5125
-5569
-6148
-5734
-5912
-6015
-5662
-5178
-5143
-5628
-4708
-3982
-3783
-3536
-2810
-1716
-1919
-1033
-199
937
874
1760
2914
3605
5042
5227
7791
7285
8838
8051
8951
8524
8594
8713
7744
7427
5999
6463
4473
4339
2475
2188
547
-415
-1485
-2692
-3429
-5294
-6276
-8150
-9055
-10296
-11934
-13245
-14952
-15639
-17777
-18257
-19819
-20527
-21768
-21612
-21599
-21301
-20104
-19489
-17197
-15978
-13809
-12153
-9614
-8106
-5436
-3129
-443
1606
3614
5396
7378
8468
9999
11788
12804
13857
14657
15134
15330
15823
16554
17179
16590
17441
17415
17241
15744
15274
14157
12387
10917
9553
7514
5508
3829
1971
15
-2021
-2956
-4129
-5472
-6201
-6123
-6584
-6869
-6658
-6223
-6291
-5728
-5258
-4638
-4603
-3933
-3290
-2532
-2236
-1930
-1565
-1619
-1419
-740
-182
396
1269
2593
4112
4717
6030
6898
8148
7996
9430
9442
10168
10260
10487
10106
9417
9171
8635
8610
7460
7171
5451
5308
3847
3306
1714
859
262
-1431
-2156
-3278
-4248
-5343
-6609
-8111
-9730
-11429
-12972
-13784
-15305
-16694
-17409
-17831
-18331
-18424
-18328
-18156
-18006
-17401
-16236
-15446
-14591
-13122
-11733
-9713
-8994
-6483
-4772
-2302
-1208
642
3069
3654
5606
6250
8662
8989
10711
11791
13482
14592
15266
16368
16453
17033
16828
17011
16233
16081
15301
14432
13611
12017
11035
9212
7849
6224
4129
2425
698
-873
-2561
-3046
-4074
-4600
-5796
-5739
-5603
-6004
-5963
-6391
-6014
-6491
-6130
-5381
-4470
-3878
-3246
-2187
-1369
-859
-105
1139
1581
2869
3822
5710
6901
8403
9464
10890
12323
12597
14249
13639
15120
14116
15016
13836
13371
12059
10844
9985
8670
7885
6174
5624
3581
3007
1344
534
-1232
-2901
-4393
-6382
-8192
-10473
-12430
-15000
-16986
-18696
-20735
-22539
-23862
-24654
-25708
-26337
-26475
-26665
-26539
-26061
-24467
-23268
-20886
-19281
-16687
-13927
-11954
-9225
-7169
-4015
-2330
380
2601
4884
7282
9258
12125
13467
15373
16607
17935
18766
19717
20062
20147
20717
20268
20073
18954
18787
17807
16485
15475
13763
11945
9755
8368
6079
3712
1655
-163
-1897
-3980
-5024
-6559
-7428
-8450
-8415
-8337
-8888
-8846
-8526
-7874
-7851
-6906
-6264
-5461
-4626
-4211
-2841
-2368
-1151
-615
1163
2243
4057
5496
7117
9486
10695
13262
13729
16168
16262
17833
18061
18436
18020
17239
16736
15152
14031
11828
11078
8215
6502
3925
1248
-1137
-3695
-5739
-8844
-10677
-13549
-15588
-17848
-19739
-21655
-24325
-25948
-28097
-29635
-31188
-31496
-32233
-31718
-31624
-30559
-30007
-27538
-25508
-22860
-19464
-16010
-11627
-9125
-4313
-1492
3058
5458
9679
12472
15154
17449
19423
21522
22726
24614
25440
26620
26732
27614
27289
26941
26600
25453
24554
23682
22127
20416
18307
16749
14034
11813
9373
7424
4201
1471
-379
-3072
-5650
-7519
-8377
-10109
-11230
-11930
-11974
-12128
-11545
-10936
-9986
-9220
-8443
-6912
-5703
-4659
-4412
-2496
-1273
522
1852
3806
6208
7400
10908
12138
15623
16280
19097
20290
22077
22743
23043
24000
22969
23281
21378
21163
18367
16771
13495
11341
8373
5117
1605
-2113
-6016
-10134
-13660
-17324
-21053
-23449
-24948
-26487
-27953
-28957
-30279
-30893
-31896
-31481
-31732
-30785
-30137
-28634
-26818
-25424
-22086
-20447
-16272
-14594
-9854
-6832
-2533
89
3517
6851
9406
12247
14505
17228
18240
20257
21158
22848
23476
24354
24960
24908
24597
23830
23165
22204
20807
19978
18169
17150
14871
13262
11166
9397
7035
4641
2784
190
-1065
-3102
-3989
-6082
-7169
-8482
-9063
-10317
-11413
-11768
-12185
-12322
-12294
-11448
-10537
-9681
-8736
-7202
-5934
-4416
-3155
-1140
887
2804
5571
7210
9596
10864
13515
14537
16665
17628
18559
19066
18759
18996
17940
17730
15769
15252
13325
12145
9386
7610
4717
2017
-962
-3836
-6696
-10026
-12758
-16184
-18972
-21986
-24705
-26826
-29062
-30141
-31249
-31509
-31923
-32290
-31641
-31227
-29792
-29328
-26426
-24315
-21765
-19897
-15926
-12358
-9791
-6643
-3330
406
2787
6151
8989
11732
13465
15628
18033
20390
21471
22399
23687
24546
24442
24609
24559
24653
22850
22260
21460
20324
18129
15699
14492
11869
9649
7074
6039
3208
1257
-188
-1144
-3397
-5611
-6895
-8052
-9345
-10559
-10733
-11198
-11925
-12093
-11370
-11196
-11315
-10789
-9039
-7590
-5684
-4405
-1952
-658
1438
3372
5846
8292
9401
12156
13518
15732
15886
17655
17950
18352
17588
17337
16520
14785
13824
12164
11057
8375
7072
4201
1598
-1258
-4221
-7214
-10717
-13530
-16574
-19418
-22675
-25479
-27439
-28924
-29718
-30330
-31278
-31693
-32307
-31079
-30113
-28706
-26763
-25018
-22636
-20678
-17065
-14509
-11029
-8915
-4983
-1879
1130
4230
7095
9983
11987
14379
16460
18687
19591
20984
22242
23655
24350
24290
25129
25501
25088
24706
24131
23090
21056
19787
18311
16710
13777
12071
10661
8582
6841
4852
3861
1545
-285
-1664
-2697
-4435
-5814
-6350
-7374
-8448
-9137
-9352
-10232
-10957
-11018
-10274
-9620
-9382
-7796
-6199
-4535
-3495
-730
999
2436
4202
5862
8093
8132
9964
10600
11739
11354
11896
11551
11211
10309
9467
8773
6820
5621
3456
2191
-291
-2346
-4854
-7064
-9805
-12817
-15269
-17774
-20489
-23149
-25084
-26047
-27874
-28942
-29222
-28797
-28722
-27950
-25675
-24065
-22566
-21036
-17284
-14955
-12478
-10052
-6520
-4104
-2108
732
2990
5061
6092
8749
10910
12736
13905
15349
17116
18245
19252
19824
20558
20485
19735
20261
19904
19113
17467
16988
16222
14972
13552
12004
11200
9307
8215
7295
6299
4310
3198
2520
1510
390
-864
-1496
-2673
-3798
-4155
-4726
-5420
-6552
-6799
-7037
-6717
-6866
-5893
-5187
-4350
-3361
-1909
40
697
2348
2848
4705
4519
5376
5252
6068
5427
5118
4555
3585
2925
1529
1033
-606
-1572
-3230
-3995
-5927
-7330
-9087
-10721
-12881
-14794
-16743
-18670
-21080
-23319
-24320
-24883
-25625
-26903
-26407
-25657
-24586
-23865
-20977
-18849
-17032
-15584
-11780
-8680
-6692
-4162
-1430
2030
3415
5543
7628
9593
10224
11494
12957
14172
14135
14481
15131
16009
15351
15260
15427
15500
14433
14114
14067
13574
11787
10417
10129
8721
6986
5358
5294
3803
2723
2546
2735
2068
965
1456
1987
1876
1507
2314
2811
2432
2614
3179
3497
2682
2842
4198
4889
5028
5312
6744
7503
8137
9659
10852
11508
11347
12395
12793
12683
11237
10572
9764
8203
6734
4811
3319
535
-1469
-3278
-5171
-7952
-10766
-12667
-14737
-16950
-19510
-21065
-23201
-25217
-26917
-27569
-28587
-29593
-29215
-28705
-27684
-27342
-25242
-23276
-20816
-18469
-14860
-12079
-9470
-6176
-2405
987
3415
6422
9410
11952
13663
16062
17643
18238
18823
19810
20291
20287
19362
19239
18702
18141
17257
16415
15527
13472
12261
10998
9415
7320
5590
4531
2889
1099
-40
-995
-2258
-3027
-2930
-2263
-2684
-2581
-2068
-1635
-1042
-375
396
700
1344
2044
3634
4150
4854
5660
7768
9253
10466
12661
13772
16001
16297
19299
19802
21075
20290
21390
20530
19318
17764
15663
13853
10164
8409
4734
2754
-1740
-4252
-7980
-11049
-14426
-17520
-20400
-23682
-25035
-26441
-27152
-28846
-29779
-31128
-31201
-32190
-32070
-32227
-31100
-29895
-28445
-26202
-24304
-20648
-18294
-13914
-11579
-6951
-4373
123
2938
6378
9725
12277
14887
16505
18893
19670
20438
20795
21314
21039
20506
20262
19954
18798
17851
16703
16002
13756
12516
10611
9313
6526
4400
2410
182
-2088
-4333
-5480
-7351
-8414
-9525
-9533
-10039
-10160
-9775
-9077
-8398
-7952
-6357
-4974
-3972
-3094
-1503
115
960
2298
3895
6267
7075
9867
11733
14649
15669
17930
19872
20736
21527
21213
21960
20509
20134
17735
16870
13546
11784
8461
6097
2663
-508
-3393
-6805
-9785
-13628
-16110
-19619
-22172
-25206
-26425
-27852
-28943
-30211
-30839
-31807
-32080
-32357
-31572
-31381
-30167
-29477
-26897
-25304
-22552
-18923
-15727
-12051
-9562
-4447
-1235
2826
5187
9545
12148
14652
16280
18488
19895
20466
21405
22188
22347
22180
21422
21275
20278
19294
18000
16698
15029
12307
10743
8283
6455
3250
1480
-929
-2791
-5057
-6621
-7881
-9245
-9837
-10648
-10261
-10916
-10537
-10100
-9197
-8269
-7274
-6387
-4932
-4012
-2571
-1009
819
2316
4041
6975
8517
11382
12239
15781
16468
19281
20748
22267
23375
23443
24527
23106
23232
20353
19871
16452
15162
11540
9079
5957
2626
-308
-3713
-6317
-10070
-12599
-16136
-18356
-21375
-23850
-26233
-28232
-29450
-30503
-31409
-32033
-32309
-31608
-30820
-29942
-28786
-26481
-23707
-21484
-17750
-14534
-10301
-7797
-3422
766
4434
7591
10597
14126
16237
18307
19753
21886
22624
23043
23919
24442
24640
23638
23528
23110
22201
20921
19254
18486
15532
13585
11183
9421
6280
3431
1264
-910
-3209
-5987
-7302
-9040
-10233
-11565
-11334
-11511
-12119
-11868
-10887
-9672
-9146
-8030
-6422
-5290
-4086
-2412
-531
1171
2261
4940
6589
9186
10521
13956
15779
18188
19923
21660
22924
22677
23743
22436
23055
20263
19841
16779
15224
12276
9834
7107
3980
1137
-2376
-4838
-8493
-10984
-14373
-16537
-19481
-21979
-24521
-26532
-28227
-30119
-30906
-31564
-32379
-32072
-31846
-30995
-30445
-28437
-25907
-23592
-19832
-16529
-12342
-9756
-5338
-1108
3008
6008
8969
12514
14777
16745
17971
19832
20645
20702
21274
22206
22767
22261
22177
22327
21830
20654
19062
18241
15774
13554
11064
9268
6183
2904
361
-1778
-4177
-6863
-8175
-9605
-10647
-11945
-11633
-11614
-12034
-11940
-11204
-10046
-9647
-9061
-8020
-6933
-6041
-5192
-3379
-2255
-794
304
3311
4449
7110
8818
11979
13865
16168
18378
19448
20720
20255
21292
19830
19411
16509
15841
12519
10475
7377
4718
2043
-1290
-3604
-6606
-8776
-12051
-14119
-16785
-18989
-21499
-23508
-25061
-26722
-28242
-29387
-30244
-31664
-32559
-32029
-31663
-31742
-30766
-28505
-25729
-23610
-19426
-15184
-10760
-7791
-3703
1366
5357
7775
10056
13116
14889
15932
16873
18411
19055
18600
19419
20573
21038
20230
20253
20774
20033
18815
17300
16538
14136
11690
9206
7574
4692
1434
-760
-2497
-4704
-7629
-9020
-9912
-11142
-11935
-11531
-10558
-10748
-10145
-8967
-7233
-6469
-5917
-4597
-3471
-2818
-1951
-805
611
1127
2794
4445
6148
7997
9505
12928
14223
17083
17832
20305
19837
20638
19948
19639
17839
15366
14168
11140
9334
5461
4136
640
-1752
-4740
-6802
-9274
-12280
-14434
-16631
-18421
-20696
-22044
-23039
-24225
-25808
-26625
-27689
-29562
-30354
-30143
-29569
-29420
-28688
-25540
-23337
-20443
-16941
-12143
-7559
-4830
-278
4555
8892
10479
13071
15624
17280
17200
17899
19558
19761
19135
19502
21325
21793
20975
21314
21890
21981
19673
18586
17760
15667
12755
10287
9142
5451
2268
85
-719
-3029
-5293
-5913
-6086
-6678
-7325
-5812
-5070
-4860
-4531
-2813
-1005
-963
-445
112
860
486
1130
1781
2643
2435
4119
5555
7316
8474
10328
13258
14160
16738
17381
19503
18478
19405
17987
17931
15042
13182
10959
8215
5649
1888
200
-3632
-5661
-8649
-9981
-12909
-15095
-17012
-18212
-20044
-21849
-22534
-23407
-24357
-26105
-26942
-28553
-30492
-31229
-30668
-29931
-29598
-28487
-24538
-22166
-18531
-14480
-8641
-4415
-1094
3993
8547
11994
12677
15249
16717
17808
16840
17756
18776
18407
18329
19195
20846
20767
19878
20127
20223
19572
17351
16581
15284
12965
10341
8319
6920
3239
549
-1447
-2223
-5002
-6865
-7586
-7923
-8801
-8924
-7124
-6558
-5823
-5408
-3412
-1895
-1660
-1123
-348
268
353
394
1404
1486
2323
2913
4894
6404
7874
10297
11911
14869
15648
18147
17755
18936
17606
17335
15141
13062
10542
7452
5137
1567
-841
-4454
-6968
-9792
-11846
-14375
-16276
-18287
-20071
-21612
-22872
-23466
-24059
-25170
-26270
-27502
-28667
-30389
-31268
-30998
-30781
-29941
-29388
-26009
-23924
-19876
-15873
-10426
-5453
-2015
3082
7654
12140
13370
16043
17390
18969
18076
18860
19998
19601
19288
19681
21079
21331
20185
20430
20586
20062
18134
17158
16248
13588
11194
8746
7526
3556
744
-1738
-2862
-5537
-8014
-8890
-9592
-10065
-10752
-8750
-7926
-7197
-6505
-4255
-2507
-2401
-1412
-178
396
508
746
2360
2243
3603
3298
6570
7213
9607
11548
13653
16545
17036
20079
19674
21459
19146
20386
17318
15931
12401
9891
7172
3290
735
-3008
-5506
-9486
-11629
-14209
-16182
-18505
-20378
-21392
-23024
-23750
-24593
-25576
-26951
-28989
-29901
-31159
-31418
-32397
-31336
-31510
-28236
-27204
-23507
-19532
-14814
-9751
-6108
-246
4251
8960
10972
15047
16817
18777
18531
19928
21032
21152
20780
21685
22997
23237
22414
22451
23073
22347
20853
19556
19167
16235
14139
11072
10109
6139
2831
-264
-1968
-4695
-7780
-8864
-9560
-10539
-11991
-10559
-9597
-9100
-9111
-6748
-4749
-4442
-3884
-2004
-686
-331
-78
2306
3091
3955
4784
7169
9291
10235
13157
15292
18611
19709
21918
23391
24351
23604
22936
22039
19354
16809
12990
10847
6636
3233
43
-3528
-6741
-10283
-12699
-15321
-17978
-20848
-22509
-24167
-26226
-27066
-27706
-27914
-29414
-30584
-30703
-31552
-32277
-31901
-31083
-28219
-27470
-23456
-20561
-15527
-12464
-7787
-2586
2408
6545
8880
13390
14588
17376
16910
19280
19695
19834
19871
20853
22088
21745
21303
21926
22069
21325
19775
19344
17878
15606
13315
11099
9814
5671
3281
76
-1213
-4864
-7027
-8623
-9887
-11326
-12635
-11323
-11678
-10773
-10785
-8583
-7465
-6818
-5890
-4628
-3266
-3176
-1837
-162
1125
2356
3808
6674
8110
10214
12452
15310
17495
18808
20985
21985
22688
21762
21920
20227
18439
15534
13331
10409
6462
3441
79
-3067
-7019
-9941
-12728
-15443
-18480
-20652
-22369
-24536
-26412
-27688
-28098
-29363
-30274
-30990
-30468
-31943
-31402
-31755
-29227
-28266
-26464
-22651
-19339
-14606
-12510
-6469
-2837
2613
4076
9022
11455
14108
15171
16291
18823
18872
19242
19526
21160
21724
21407
21831
22837
22536
21588
20555
20464
17833
16141
12536
12097
8536
5336
2278
-222
-2461
-6459
-7528
-9373
-9996
-12582
-11845
-11663
-11166
-11315
-10337
-8432
-7878
-7257
-5915
-4478
-3730
-3487
-1645
-200
1361
2126
4412
6891
8485
11146
12815
16852
17468
20077
21405
23393
23060
23206
22486
21336
19207
16504
14301
10824
7685
4174
1325
-2136
-5314
-8313
-10805
-13470
-16166
-18286
-20203
-22422
-24371
-26172
-27421
-28908
-29925
-30768
-30839
-31994
-30734
-31670
-28491
-28429
-25013
-22331
-17881
-13920
-10802
-5818
-1826
3382
4890
9764
11474
15125
15328
17575
19216
20141
20555
21417
22948
23748
23216
23620
24341
24229
22986
22130
21676
19521
17466
14237
13753
9295
6552
2843
1083
-2265
-5571
-7515
-9190
-10318
-12657
-11693
-12260
-11694
-12758
-11234
-9771
-9164
-8640
-7363
-5742
-5043
-4028
-2220
-359
293
1497
4185
6088
8083
9981
12855
15362
16868
18657
20553
21090
21075
20870
20510
18905
16349
14497
11968
8949
5268
2612
-794
-3952
-7559
-10145
-12954
-16162
-18721
-20811
-22430
-24874
-26017
-27648
-28597
-30556
-30302
-30319
-31303
-31456
-31914
-28668
-29060
-26151
-23917
-18759
-16344
-13086
-8415
-3296
483
2537
7754
10621
13816
14198
16894
19163
19734
19984
21370
22720
23450
22534
23939
24493
24284
22735
23023
22258
20354
18008
15796
14970
10605
8220
4860
3300
-984
-4007
-6071
-7874
-9994
-12173
-11778
-12439
-12753
-13344
-11766
-10575
-10766
-9989
-8511
-7349
-6893
-6385
-4088
-2816
-1921
-1034
1829
3539
5258
7255
10413
12565
13475
15848
17604
18911
18636
19102
19356
18087
16426
15094
13168
10234
7077
4308
1687
-2202
-5591
-8029
-10800
-13868
-16804
-18196
-20340
-22407
-24148
-24584
-26463
-28338
-29454
-30337
-30510
-32154
-31140
-31845
-29803
-29224
-26418
-23440
-20125
-15907
-12737
-7615
-3621
1619
4094
8292
10719
14069
15762
16630
18560
19762
20304
20999
21916
23697
23059
22931
23639
24514
23252
22169
21925
20746
19160
15511
15258
11949
8667
4777
2893
584
-3577
-6171
-7866
-8709
-11853
-11909
-11843
-11763
-12701
-12082
-9807
-9473
-9275
-8071
-6014
-5210
-4842
-2768
-459
648
1536
3964
6768
7918
9468
12034
14881
15564
16961
18889
20304
19913
19588
20227
18812
16858
14552
13096
10276
6522
3555
1085
-2182
-5883
-8268
-10850
-13657
-16419
-18254
-19337
-22131
-23593
-24993
-25895
-28234
-28726
-28868
-29174
-29737
-30044
-26796
-27500
-24970
-23204
-18300
-15966
-13425
-9114
-3961
-608
1488
6427
9624
12491
13014
16144
18819
18958
19250
21025
22299
22587
21801
23666
24063
23715
22139
23024
22018
19950
18077
16582
15443
11354
9383
6677
4883
853
-1349
-3307
-5138
-7449
-9059
-8818
-9884
-10272
-10289
-8837
-8223
-8039
-6925
-5323
-4279
-3849
-1958
75
801
1880
3342
5941
6720
8186
10696
12826
14208
15337
17582
18653
18874
18455
19410
18236
16955
15024
13646
11235
7860
4904
2454
-738
-4692
-7312
-9800
-12660
-15796
-17968
-19287
-21485
-23431
-24203
-25308
-26965
-28844
-29133
-28626
-30211
-30283
-30682
-27740
-28164
-26355
-23580
-19349
-16606
-14170
-8920
-4416
-353
1045
6584
9022
12289
12840
15678
18078
18537
18976
20632
21995
22242
21667
22718
23382
22823
21380
21509
20707
18720
16911
14745
14006
10140
7912
5116
3348
-226
-3099
-5332
-7080
-9285
-11678
-11452
-12250
-12343
-12877
-11424
-10176
-9964
-9039
-7367
-6239
-5208
-4490
-1852
-1022
288
1285
4191
5569
6843
9063
11316
13342
13516
15834
16493
17957
16474
17731
16970
16276
14291
12864
11145
8065
4828
2071
-386
-4466
-7686
-10630
-13138
-16260
-18739
-20175
-21828
-24005
-25090
-26160
-27117
-29035
-29267
-29116
-29682
-30414
-30445
-27752
-28486
-26406
-24659
-20199
-18448
-15771
-11034
-6196
-3029
-938
4670
7707
10595
11221
15399
17581
17391
18253
20424
21607
20917
20526
22615
22723
21573
20661
22139
21091
19093
17627
17455
15993
11980
10473
8497
6260
1897
-16
-1711
-4185
-7400
-8445
-8193
-9837
-10875
-10469
-8985
-9060
-9409
-7492
-5667
-5244
-4870
-2829
-691
-498
790
2189
4828
4812
6703
8707
10781
11653
12767
14956
15912
16606
16634
18114
17043
16357
14589
13959
11688
9062
6554
4009
824
-2626
-5392
-8199
-11119
-14142
-16487
-18058
-20265
-21682
-23238
-23864
-25589
-26586
-27739
-27962
-28079
-28831
-28204
-29016
-26259
-26625
-23554
-21867
-17994
-15464
-12604
-8534
-4233
-367
1964
6395
9101
12228
13063
15632
17453
18017
18126
19693
20870
21569
20767
22070
22610
22771
21421
21924
21417
19882
18401
16619
16097
12248
10296
7389
5931
2424
-340
-2437
-4162
-6543
-8510
-8499
-9302
-9820
-9937
-8394
-7252
-6993
-5582
-3942
-2541
-1799
-328
1754
2320
3360
4359
6532
7219
8438
10217
12094
13115
14009
16001
16643
17356
16948
17796
17012
15699
14520
13020
11136
8119
5624
3036
-62
-3563
-6343
-8899
-11956
-14713
-16998
-18293
-20230
-21821
-22487
-23552
-24667
-26072
-26287
-26184
-27288
-27348
-28027
-25777
-26365
-24621
-22449
-19041
-16691
-14714
-10227
-6505
-2667
-1082
3910
6647
9652
10560
13221
15997
16189
17072
18738
20412
20483
19879
21200
21769
21350
20039
20742
20308
18592
16996
15776
15617
11924
10119
8174
6795
3467
933
-585
-2454
-4727
-7027
-6840
-8057
-8983
-9325
-8342
-7427
-7805
-6597
-5099
-3729
-3399
-1884
434
775
2065
2555
5186
5592
6530
8070
9939
10704
11103
12938
13567
14519
13658
14970
14190
13336
11834
10660
9122
6418
3994
1584
-847
-4449
-6994
-9662
-12381
-15079
-17425
-18525
-20510
-22006
-22873
-23397
-24836
-25769
-26905
-26329
-27817
-27648
-28150
-26480
-25878
-25599
-22895
-20847
-17354
-16296
-11699
-7999
-3647
-2419
2142
5154
7827
9161
11113
14092
14686
15036
16396
18122
18849
18412
19017
20590
19986
19286
19055
20023
17944
16703
14933
14978
12068
9270
7639
5780
3448
-51
-1335
-2910
-4682
-7166
-6867
-7307
-8164
-8946
-7965
-6755
-7070
-6774
-4862
-3759
-3366
-2779
-600
361
860
1911
3842
5150
5104
7162
8566
10485
10473
12709
13846
15000
14478
15381
15585
14481
13287
12137
10820
8095
5694
3455
1347
-2277
-4909
-7386
-9979
-12972
-15252
-16850
-18762
-20657
-21629
-22407
-23583
-24937
-25797
-26205
-26321
-27772
-26952
-27841
-26049
-26565
-24295
-22351
-19543
-16880
-14078
-9692
-6206
-2068
-231
4358
6202
9479
10266
12619
14348
15151
15638
17024
18284
18931
19146
20069
20943
20865
20254
20627
20386
18848
17888
16178
15641
12235
10314
8077
6474
3555
821
-849
-2430
-4351
-6142
-5810
-6728
-7102
-7403
-6256
-5319
-5539
-4346
-3010
-1990
-1577
-791
1281
1528
2846
2868
5668
5737
7526
8565
10805
11914
12645
14670
15283
16473
15526
16911
15500
14965
12794
12283
10042
7387
4731
2365
-329
-3898
-6299
-8711
-11487
-14380
-16165
-17671
-19689
-21287
-22029
-22701
-24265
-25157
-25721
-25443
-26773
-27011
-27033
-25894
-25852
-25320
-22545
-20125
-17273
-15568
-11087
-7526
-3935
-1899
2514
5528
8003
9495
11709
14053
14418
14943
16506
17995
18302
18502
19542
20689
20390
20007
20108
20193
18599
17591
16157
15278
12820
10262
8478
6260
3777
979
-735
-2728
-4413
-6462
-6506
-6972
-7714
-7672
-6888
-5971
-5774
-5222
-3569
-2920
-2350
-1641
-300
691
1201
2026
3263
4614
5456
7084
8546
10655
11447
12923
14380
15122
15549
15881
15758
15212
13826
12837
11125
8931
6527
4202
1667
-1187
-3951
-6439
-9030
-11975
-14096
-16331
-17952
-19867
-20908
-21783
-23123
-24068
-25023
-25716
-25995
-27372
-27133
-27992
-26693
-26290
-25186
-22810
-20356
-17255
-15197
-11244
-7601
-3299
-1434
2650
5574
8163
9375
11095
13517
14191
14365
15668
17012
17912
17915
18808
20337
20473
19993
19949
20568
19141
17874
16131
15935
12946
10180
8129
6470
3745
403
-993
-2582
-4145
-6510
-6254
-6314
-7137
-7547
-6244
-5234
-5582
-5326
-3861
-2922
-3388
-3009
-1408
-559
-943
277
1535
3152
2698
4986
6752
8438
8829
10863
12717
13107
13542
13679
15077
13006
12629
11081
10557
7602
5138
3142
923
-2342
-5174
-6704
-9432
-11983
-14131
-15169
-16711
-18963
-19648
-20076
-21322
-23045
-24141
-24329
-25171
-26766
-26117
-26247
-25049
-25231
-22818
-20484
-18093
-15721
-12518
-8402
-5118
-1618
884
5185
6759
9454
10546
12368
13529
14084
14894
16125
16908
17884
18088
19011
20133
20347
20042
20427
20088
19151
17916
16274
15568
12178
10142
7584
5946
2909
154
-1547
-2888
-4773
-6585
-6089
-6812
-6950
-7444
-5823
-4855
-4890
-4078
-2716
-1801
-2083
-1084
141
1016
885
2086
3585
4581
5220
7026
9095
10353
11388
13343
14935
15283
15382
15620
15743
13822
12693
11352
9860
7071
4581
2742
120
-3150
-5608
-7671
-10264
-12778
-14892
-16363
-18384
-20463
-21163
-21948
-23183
-24279
-25154
-25102
-26162
-27253
-26694
-26783
-25290
-25432
-22538
-20462
-17579
-15050
-11482
-7805
-4020
-589
2185
6352
8157
11120
12030
14058
15601
16059
16854
17970
19194
19985
19984
21107
21886
21790
21056
21628
20720
19404
17417
16120
14965
11003
9015
6545
4732
1043
-1490
-3001
-4517
-6697
-7872
-7100
-7791
-8035
-7983
-6071
-5789
-5799
-4983
-3759
-3310
-3776
-2321
-1246
-528
-457
1069
3062
3969
5032
6799
9520
10371
11458
13425
14956
15149
15209
15894
15866
14362
13040
12017
9812
6985
4521
2466
-349
-3642
-6054
-7860
-10579
-13242
-15276
-16625
-18849
-20730
-21232
-22351
-23985
-25183
-25760
-26495
-27137
-28129
-27090
-28395
-26466
-25789
-23347
-21047
-18023
-14381
-11699
-7714
-3853
585
2016
6304
8347
11795
11902
13413
15773
16056
16210
17096
18942
19731
19222
20224
22066
22103
20760
21214
21545
19775
17445
15815
15438
11128
8285
5810
4443
666
-2619
-3532
-4780
-6651
-8651
-7545
-7548
-8135
-8423
-6402
-5307
-6071
-5490
-3849
-2938
-3378
-2749
-684
-358
-199
1043
3708
4626
5809
7714
10797
12249
12846
15208
16855
17319
16985
17280
17193
15170
13423
12261
10099
7070
4523
2534
-131
-3433
-6122
-7744
-10778
-13225
-15093
-16752
-18888
-21183
-22158
-23350
-24929
-26463
-27134
-28637
-28529
-29498
-28153
-28737
-27224
-25010
-23697
-20331
-17844
-13162
-11172
-7234
-3161
2082
3173
6861
9571
12551
13234
13816
16709
17908
17486
18616
21037
22162
21945
21990
24745
24743
23297
22603
23318
21119
18509
15622
15389
11493
7112
4923
3206
410
-3859
-4936
-5578
-7053
-9792
-8754
-7806
-8217
-8966
-7108
-4809
-5853
-5901
-4170
-2829
-3383
-3977
-848
45
-34
826
3926
6244
6196
8299
11552
13980
13219
15941
17107
18518
16501
17066
17569
15327
12897
11252
10226
7039
3923
1498
10
-3934
-7079
-8847
-11047
-13848
-16785
-18187
-19378
-22372
-23609
-24785
-25519
-27755
-28703
-29493
-28693
-30254
-29787
-29026
-28014
-25478
-25098
-20103
-17662
-13298
-10896
-6129
-2028
2358
4186
7692
10799
12621
14360
14976
17618
18474
18515
19768
21853
22600
23006
23026
25576
25430
24418
23549
23779
21459
19028
16179
14888
11450
6911
5014
2509
36
-4124
-5239
-6089
-7588
-9713
-9116
-8458
-8839
-9502
-8057
-6410
-7102
-7404
-5789
-4788
-4792
-5122
-2042
-1164
-948
424
3246
5971
5987
8694
11692
13986
13633
16233
17182
18595
16248
16546
16716
14689
12008
10138
8995
5965
2532
342
-1153
-5016
-8062
-10289
-12002
-14805
-18013
-19014
-19940
-22622
-24359
-25340
-25890
-28001
-29963
-30144
-30686
-30933
-31498
-29543
-28926
-26818
-24765
-21286
-17594
-14796
-10057
-7027
-2445
363
5001
6264
9187
11361
13611
14557
15366
17634
18848
19159
20655
22679
23956
23909
24838
26019
25670
23838
22445
21970
18683
15761
12362
10773
6239
2376
-476
-2170
-5099
-8231
-8521
-9308
-9763
-11363
-10035
-9232
-9931
-10164
-8832
-7448
-8410
-8134
-6726
-5281
-6114
-4672
-1830
-639
420
1877
6491
7457
9193
11696
15533
16229
16790
18276
19928
18841
16813
17292
15869
13629
10041
9142
7158
3572
520
-489
-3000
-6349
-9217
-10427
-12088
-15823
-17529
-18225
-20084
-22916
-24215
-24589
-26016
-28734
-29259
-29320
-30182
-30388
-29789
-27308
-27036
-24232
-21458
-17287
-14568
-10850
-5940
-2462
808
4238
8292
9031
11427
13121
15749
15578
16082
19014
20135
20310
21796
24186
25590
24960
25666
27115
26196
23306
22233
20948
17594
13356
10342
9052
4484
813
-1152
-2164
-5491
-8145
-7833
-7798
-9188
-10242
-7965
-7403
-8034
-8044
-6163
-5245
-6751
-5829
-4334
-3539
-4415
-2559
317
1224
2390
5201
9132
10125
12526
15137
18272
18146
18907
20461
20691
19033
17561
17189
15198
12131
9198
8122
5073
1678
-697
-2289
-5067
-8332
-10174
-11374
-14264
-16982
-18265
-19277
-21511
-23588
-24270
-24943
-27428
-29181
-29312
-29831
-30356
-30031
-28150
-25869
-25397
-21364
-18202
-14777
-12169
-7272
-2862
-617
2233
6014
8948
8457
11122
12869
14724
13696
15281
18524
18984
19367
21224
24070
24282
23248
24384
25279
23213
20191
19706
18200
14407
10235
8149
6339
1281
-1604
-3148
-4122
-7601
-9056
-8234
-8458
-9683
-9928
-7322
-7315
-7915
-7761
-5611
-5714
-7011
-5682
-4709
-3833
-4937
-1786
201
1441
2437
6375
9559
10651
12986
15900
18544
17689
19201
19832
19712
16997
15789
14876
12200
8465
5918
4484
1248
-2020
-4003
-5349
-8017
-10875
-11849
-13277
-15721
-18225
-18704
-19963
-22195
-23978
-24525
-25943
-28270
-29652
-29695
-30321
-30838
-29797
-27872
-26264
-25072
-20523
-17452
-13761
-10973
-5494
-2117
401
3055
7022
8442
8216
10618
12462
13554
12471
15128
17585
18002
18397
20973
23099
22729
22098
23348
23628
21100
18404
17805
15233
11011
7256
5604
3391
-1405
-3525
-4578
-5403
-8901
-9114
-8324
-8478
-9760
-9304
-6944
-7336
-7922
-7101
-5143
-6055
-6877
-5574
-4088
-4234
-4732
-1357
535
1393
2697
6483
9657
10092
12755
15881
17869
16965
18480
19111
18770
15885
14951
14098
11019
7954
5627
4362
1141
-1989
-3668
-5004
-8208
-10491
-11535
-12764
-15035
-17105
-17341
-18746
-20947
-22729
-23263
-24825
-27235
-28541
-28736
-29376
-29507
-28098
-26309
-24749
-22923
-18189
-15291
-11444
-7947
-2841
-65
2130
4782
8464
9101
9267
11504
13182
13765
13282
16188
18742
19010
19619
22452
24002
23444
22946
24410
23877
21187
18686
18245
15594
11416
8366
6829
3982
-536
-2370
-3198
-4723
-7699
-7582
-6762
-6894
-7976
-6788
-4920
-5225
-5620
-4508
-2931
-4044
-4535
-3298
-2255
-2702
-2698
143
2341
2378
4793
7926
11220
11555
14525
17528
19556
18528
20135
20797
19739
17205
15714
15237
11666
8780
6607
5161
1450
-1213
-2777
-3844
-6572
-8810
-9413
-10734
-12904
-14541
-15137
-16161
-18854
-20116
-20830
-22217
-24811
-26080
-26359
-27368
-27533
-26427
-24141
-22600
-21000
-16334
-13524
-9671
-6607
-1696
1127
3168
5782
8774
9948
9976
12102
13262
14170
13611
15983
18251
18357
18985
20926
22818
21999
21239
22168
21615
19040
16382
15781
12908
9057
5751
4200
1594
-2452
-4079
-5144
-5988
-8585
-8441
-7545
-7858
-8441
-7629
-5794
-6195
-6387
-5703
-4080
-5051
-5134
-3770
-3108
-2991
-2840
-2
1576
2245
4647
7915
10353
11412
14294
16728
18312
17689
19082
19386
17735
15875
14244
13334
9660
6873
4561
2855
-712
-3095
-4573
-6355
-9093
-11152
-11653
-13456
-15644
-17027
-17499
-18964
-21336
-22732
-23851
-25777
-27887
-28588
-28516
-28804
-28119
-26873
-24270
-23036
-20101
-16411
-12880
-9031
-5799
-1204
892
3486
5954
8641
8833
10052
11688
13050
13636
14124
17104
18138
18531
19947
21778
22312
21347
21278
21669
19953
17319
15596
14300
10653
7332
4558
3135
-454
-3605
-4795
-5788
-7433
-9265
-8101
-8108
-8328
-8548
-6950
-5935
-6566
-6164
-4986
-4207
-5595
-4693
-4023
-3040
-3712
-2054
505
1531
2928
5603
9195
10525
12389
14777
17581
17137
17894
18303
18423
16010
14560
13237
11294
7647
5166
3188
763
-2532
-4710
-5868
-8225
-10391
-11823
-12634
-14511
-16537
-17341
-18040
-20120
-21715
-22744
-23645
-25798
-27181
-27513
-27339
-27837
-26319
-24816
-22401
-21291
-17619
-13929
-10742
-7589
-3845
-6
1574
4125
6869
9410
8864
10806
12572
14334
14142
15217
17939
18682
18444
19876
21487
21218
20151
19996
20263
18051
15395
14006
12656
8960
6092
3631
2248
-1601
-4127
-4970
-5871
-7910
-9079
-7881
-7638
-7960
-7993
-5904
-5491
-5642
-5429
-3575
-3300
-3858
-2830
-1594
-786
-630
1275
3728
4893
6020
9174
11722
13633
14937
17487
19293
19111
19146
19827
19182
17303
15548
14430
12397
8816
6751
4814
2395
-754
-2672
-4309
-6489
-9240
-10510
-11723
-13725
-15649
-16735
-17598
-19603
-21446
-21889
-22912
-24667
-26016
-26031
-25762
-26037
-24500
-22559
-20544
-18988
-15421
-12026
-8948
-5931
-2031
1695
3374
5919
8696
10792
10783
12351
14148
15386
15161
16515
18832
19405
19196
20296
21635
21260
19775
19544
19487
17067
14339
12830
11378
7633
4497
2555
1182
-2297
-4474
-5042
-5896
-7965
-8804
-7701
-7515
-7921
-7726
-5892
-5453
-5883
-5443
-4091
-4063
-4560
-3700
-2044
-1845
-1251
755
3031
4425
5512
9009
11166
12664
13757
16586
17502
17756
17347
18372
17400
15059
13831
11825
10026
6071
4221
2164
22
-3507
-4987
-6685
-8884
-11446
-12893
-13666
-15934
-17891
-18662
-19822
-21788
-23434
-23755
-24663
-26181
-26974
-26755
-26553
-26387
-24395
-22370
-20126
-18707
-14718
-11392
-9053
-5874
-2523
1002
2058
4318
7328
9013
8771
10525
12722
13794
13575
14988
17651
17926
17538
19204
20414
19980
18478
18566
18787
15980
13542
12172
10927
7119
4057
2456
848
-2840
-5196
-5567
-6545
-8433
-9450
-8156
-8079
-8871
-8397
-6963
-6148
-6812
-6153
-4364
-4158
-4584
-3382
-1618
-1206
-397
1047
4350
4945
6507
9550
11888
13274
14274
16389
17814
17714
16951
18104
16464
14905
12749
11572
9431
6203
3811
2391
-241
-3042
-4744
-6171
-8125
-10736
-12181
-13114
-15310
-17009
-18023
-18599
-20225
-21905
-22280
-23207
-24429
-25359
-24880
-24867
-24470
-23324
-21383
-19711
-17868
-14322
-11232
-8627
-5424
-1815
1410
2838
5450
8162
9579
9895
11616
13276
14137
14387
15498
17739
17811
17935
18883
20037
19319
18105
17952
17624
15671
12765
11519
9493
6139
3121
994
-760
-3719
-6003
-6415
-7252
-8641
-9276
-8231
-7964
-8147
-8116
-6466
-5823
-6180
-5443
-4293
-3571
-3950
-2483
-1132
-40
562
2682
5029
6321
7572
10584
12415
13679
14932
16868
17720
17665
16991
17638
16048
14243
12580
10978
8833
5808
3816
2170
-51
-3055
-4506
-6366
-8428
-10998
-12279
-13640
-15540
-17914
-18512
-19724
-21002
-22337
-22575
-23386
-24263
-24645
-24140
-23682
-23411
-21736
-20014
-18199
-16589
-13516
-10215
-7785
-4409
-1189
2301
3715
5923
8631
10611
10767
11986
13844
14735
14823
15424
17510
18085
17590
18495
19438
18996
17638
17369
17248
15321
12538
11126
9948
6418
3451
1398
262
-2499
-4926
-5206
-5662
-6835
-7633
-6500
-6097
-6550
-6451
-5219
-4436
-4956
-4746
-3657
-2669
-3220
-2263
-584
256
1735
2550
5773
6757
8532
10501
13048
14330
15841
16847
17746
18028
16363
17036
14842
13913
11316
9842
7766
5410
2673
1424
-1163
-3839
-5749
-7955
-9605
-11965
-13874
-14867
-17121
-18800
-20181
-21235
-22087
-23223
-23346
-23742
-24131
-24819
-24381
-24122
-23058
-21940
-19994
-18117
-16140
-13060
-10533
-7900
-4771
-1726
1301
3082
5455
8068
9412
10022
11554
12911
13531
14033
14972
17005
17061
17336
18345
18943
18461
17235
17011
16224
14068
11332
10169
8137
5134
2231
745
-733
-3444
-5225
-5815
-6511
-7803
-8460
-7663
-7730
-8019
-7612
-6456
-5981
-6143
-5679
-4109
-3672
-3446
-2208
-630
842
1478
3756
6011
7852
8941
11470
13256
14508
14793
16544
17131
17025
16400
16113
15191
13081
11280
9706
8001
5184
3068
959
-894
-3640
-5434
-7003
-9196
-11265
-13005
-14350
-15949
-18067
-18951
-19758
-20977
-22065
-22316
-22636
-23057
-23383
-22821
-22072
-20986
-19628
-17737
-15730
-13510
-10584
-8260
-5031
-2196
799
3124
5608
7879
10136
11003
12346
14125
14979
15600
15948
17408
18216
18341
18425
19712
19524
18807
17892
17362
16030
13447
11478
10004
7397
4217
1821
131
-1611
-4178
-4963
-5581
-6277
-7415
-7208
-6770
-7010
-7378
-6511
-5757
-5456
-5527
-4567
-3296
-3365
-2674
-1214
563
1328
2988
4963
7468
8456
10279
12221
14021
14506
15608
16603
17117
16296
15840
15620
14372
12483
10534
9175
6740
4153
1915
337
-2163
-4744
-6905
-8420
-10892
-12832
-14404
-15594
-17577
-19073
-20128
-20699
-22031
-22601
-22768
-23288
-23722
-23738
-22690
-21524
-20513
-19067
-16765
-14458
-11556
-9417
-5952
-2875
-338
2320
4797
7519
9328
10106
11899
13500
14060
14875
15465
16943
17498
17439
18467
19168
18692
18025
17528
16882
15061
12812
11201
9311
6430
3747
1768
47
-2364
-4444
-5373
-6423
-7534
-8291
-8053
-8132
-8444
-8337
-7553
-7029
-6984
-6597
-5589
-4535
-4266
-3246
-1425
-282
910
2125
4464
6339
7498
9485
11514
13025
13910
15062
16089
16573
15777
15790
15324
14062
12587
11025
9550
7413
4954
3061
937
-1671
-3936
-6093
-8129
-10638
-12979
-14823
-16526
-18510
-20143
-21134
-22124
-23226
-23679
-23953
-24415
-24776
-24826
-23606
-22653
-21936
-20110
-18255
-15570
-13368
-10956
-7658
-4544
-2017
877
3656
6361
8085
9353
11634
12928
13431
14122
15187
16455
16787
16911
17847
18288
17949
17394
17204
16468
14607
12583
11232
9100
6320
3795
1781
1
-2945
-4562
-5609
-6797
-7997
-8652
-8333
-8516
-8832
-8048
-7103
-6824
-6505
-5985
-4629
-4197
-4010
-2546
-1152
-158
913
2647
4906
6304
7743
10129
11796
12631
13842
14861
16075
15526
15182
15536
14707
13115
11721
10538
8938
6475
4357
2566
85
-2816
-5232
-7125
-9630
-12226
-14176
-15724
-17642
-19310
-20498
-21093
-22410
-23215
-23426
-23813
-24351
-24469
-23467
-22573
-21992
-21199
-19025
-16447
-14929
-12236
-9052
-5336
-3201
-329
3176
6503
7819
9587
12651
14326
14802
14955
16679
17863
17368
17574
19088
19509
18698
18630
19214
18689
16641
15239
14744
12423
9526
6944
5503
3218
-47
-1781
-2920
-4587
-6696
-6952
-6981
-7564
-8209
-7406
-6322
-6392
-6367
-5407
-4199
-4052
-3749
-1773
-616
656
1254
3523
5209
6153
7446
9853
11745
12349
13673
14583
16124
15204
16039
16124
15953
14445
13631
12828
11080
8801
6702
5311
2539
-331
-2634
-4729
-7527
-10513
-12402
-14139
-16290
-18302
-19368
-20219
-21778
-22328
-22857
-22759
-23843
-23512
-22822
-22706
-22278
-21711
-18565
-17688
-15726
-13204
-8921
-6635
-4393
-1172
2790
4946
5853
9263
11570
12751
12996
14909
16753
16316
15947
17637
18415
17775
17087
18320
18418
16952
15138
15410
13797
10913
8499
7325
5814
1898
8
-1228
-2834
-6008
-7042
-7009
-7849
-9340
-9200
-8075
-8167
-8503
-7638
-5706
-5347
-5511
-3481
-1769
-992
-632
946
3473
3477
4664
6723
9039
8954
10272
11905
13654
13065
13097
14751
14446
13626
12347
12719
11396
9095
7127
6157
3753
595
-1884
-3766
-6516
-9933
-12048
-13287
-15677
-17928
-19079
-19395
-21018
-22398
-22718
-22709
-23981
-24545
-23797
-23525
-23592
-23559
-20713
-19852
-18332
-16788
-13049
-10412
-8527
-5474
-1063
1322
2853
6000
8941
10755
10634
12371
14993
15079
14373
15547
16896
16809
15601
16524
17224
16154
14237
14601
14137
11762
9379
8623
7812
4436
2352
1177
-18
-3168
-4679
-4883
-6039
-7914
-8451
-7804
-7846
-8780
-8345
-6561
-6296
-6226
-4863
-3206
-1755
-1897
145
1824
2849
3355
4972
6928
7813
8108
9462
11130
10798
11555
11413
12705
11486
11339
11258
10869
9230
8077
6829
5401
2784
199
-1418
-4417
-7120
-9767
-11694
-13824
-16389
-17745
-18542
-19999
-20894
-21409
-21219
-21905
-22460
-21606
-21485
-21465
-21410
-19579
-18381
-17556
-16073
-13157
-10837
-9423
-6655
-3534
-502
558
3476
6308
8443
9349
10918
13275
14440
14512
15657
17260
17244
16811
17108
17683
17135
15540
15416
15172
13446
11849
10741
10009
7757
5503
4339
3160
902
-985
-1987
-2754
-4115
-5190
-4931
-5338
-5769
-6213
-5266
-4654
-4100
-3523
-2181
-1159
-131
929
2415
4138
4954
6434
7631
8788
9065
10029
10448
11229
11023
11523
11923
11970
11653
11541
11034
10200
9123
7785
6302
4259
2273
304
-1779
-4286
-6617
-8856
-10657
-12729
-14545
-15685
-16886
-18064
-18544
-18884
-19223
-19498
-19091
-19006
-18570
-18916
-17578
-16768
-16056
-14650
-12642
-10574
-9142
-6835
-4311
-1594
-667
1955
4464
6582
7843
9359
11723
13045
13258
14246
15625
15863
15501
15552
16282
15650
14114
13757
13774
12254
10618
9564
9351
7282
5408
4202
3388
1682
-6
-739
-1453
-2875
-4085
-4036
-4393
-5086
-5560
-4804
-3883
-4228
-3642
-2261
-1120
-301
512
2384
3371
4028
4834
6646
6892
7781
7781
9273
9674
9538
9872
10352
10584
9998
9468
8848
8172
6158
5225
3801
2158
147
-1632
-3213
-5047
-7128
-8799
-10180
-11762
-13582
-14764
-15632
-16553
-17614
-17969
-18202
-18427
-18518
-18122
-17652
-17675
-16436
-15804
-14376
-13131
-11657
-9828
-8285
-6682
-4500
-2627
-1232
795
2475
4489
5624
6880
8547
9499
10341
11264
12175
12739
12787
13140
13488
13339
12503
12214
11827
10989
9538
8518
7820
6329
4992
3770
2793
1582
468
-357
-1122
-1970
-2636
-2952
-3161
-3483
-3362
-2940
-2480
-2187
-1334
-897
88
649
1537
2467
3186
4019
5013
5830
6303
6977
7388
8077
7829
8094
8107
7793
7213
6599
5877
4988
3769
2778
1571
-22
-1816
-3141
-4451
-6128
-7518
-8730
-9927
-11379
-12645
-13687
-14561
-15943
-16689
-17493
-18043
-18422
-18889
-18563
-18502
-17664
-16868
-15506
-14151
-12352
-10784
-9065
-7159
-5391
-3597
-2363
-575
904
2298
3401
4644
6020
6998
7729
8799
9604
10401
10945
11525
11995
12039
11951
12260
11962
11326
10603
9892
9152
7686
6487
5464
4446
3091
2119
1405
750
-112
-737
-460
-785
-980
-1243
-624
-413
-540
-149
511
1228
1207
2094
2822
3823
3340
4668
5474
6299
6523
7223
8461
8483
8486
8667
9180
8373
7811
7097
6573
5034
3334
2383
877
-870
-2459
-3589
-4529
-6072
-7349
-8096
-8979
-10466
-11261
-11925
-12603
-13802
-14603
-15192
-15504
-16247
-16438
-16084
-15774
-15351
-14550
-13151
-11980
-10576
-9279
-7290
-5877
-4153
-3035
-1204
-4
1299
2432
3601
4699
5460
6420
7087
7775
8364
9117
9573
10025
10274
10640
10653
10719
10332
10101
9246
8522
7563
6623
5697
4694
3866
3012
2500
1931
1793
1177
1320
1031
1184
1049
1148
1371
1652
2024
2313
2737
3044
3687
3794
4561
5110
5823
6157
6770
7356
8033
8163
8546
8865
8788
8450
7955
7481
6666
5349
4295
3031
1512
-78
-1604
-2872
-4393
-6061
-7339
-8102
-9171
-10300
-11062
-11531
-12460
-13218
-13594
-13983
-14431
-15127
-14974
-14498
-14781
-14384
-13508
-12414
-11820
-10926
-9300
-7650
-6700
-5145
-3039
-1460
-266
913
2851
4065
4572
5434
6817
7047
7276
7763
8201
8108
7734
8136
8593
8072
7378
7395
7290
6411
5606
5196
4700
3769
2940
2891
2261
1503
1203
1500
1124
769
907
1287
1271
905
1140
1651
1707
1731
2181
2975
3312
3455
4249
5024
5360
5649
6102
6726
6506
6325
6404
6396
5794
5039
4681
3985
2973
1879
1147
230
-1011
-2237
-2962
-4179
-5486
-6878
-7740
-8801
-10151
-11073
-11783
-12484
-13197
-13616
-13808
-13692
-14067
-13274
-12903
-12331
-11876
-10977
-10069
-9361
-8610
-7344
-6234
-5647
-4288
-3107
-1812
-1116
-55
1527
2433
3023
4200
5307
6067
6411
7119
7505
7560
7092
7460
7285
6781
6307
6060
5864
4764
4232
3596
3323
2398
2174
1770
1775
1280
1149
1323
1354
1374
1678
2304
2441
2806
2919
3672
3879
4197
4295
4825
5054
5165
5637
5891
6436
6374
6815
7135
7309
7131
6961
6794
6125
5533
4703
4189
2909
1834
725
-100
-1392
-2792
-3569
-4584
-5408
-6477
-7054
-7753
-8790
-9802
-10653
-11311
-11944
-12422
-12472
-12594
-12178
-12013
-11164
-10338
-9354
-8464
-7619
-6596
-5534
-4614
-3867
-2834
-2123
-1182
-725
312
1026
1933
2586
3323
4278
4702
5281
5639
6108
6052
5854
5842
5603
5266
4443
3954
3536
2816
2264
1786
1418
985
565
301
187
-225
-171
-70
18
54
271
946
1034
1380
1720
2350
3148
3787
4559
5451
5970
6555
7273
7730
8249
8099
8283
8302
7837
7563
7072
6547
5840
5175
4635
3904
2989
2259
1523
607
-344
-1556
-2230
-3102
-4245
-5310
-6378
-7487
-8471
-9359
-9960
-10225
-10758
-10726
-11001
-10709
-10349
-10083
-9488
-8946
-8062
-7525
-6629
-5814
-4843
-4247
-3274
-2497
-1769
-1119
-369
721
1402
1932
2798
3557
4153
4462
4927
5478
5535
5285
5190
4994
4378
3613
2864
2265
1126
416
-319
-670
-1200
-1623
-1566
-1258
-1096
-1047
-434
-132
57
-82
495
561
535
619
872
1154
1376
1807
2605
3338
3784
4478
5551
6355
6850
7322
7799
7938
7718
7472
7180
6408
5489
4554
3791
2625
1551
839
177
-681
-1583
-2233
-2763
-3320
-4221
-4679
-5389
-6183
-7201
-7722
-8213
-8783
-9229
-9402
-9065
-9292
-9027
-8571
-7658
-7136
-6203
-5344
-4253
-3642
-2860
-1665
-797
29
417
1252
1832
2178
2406
3087
3385
3552
3711
4021
4252
4373
4270
4323
4099
3626
3146
2526
1924
839
35
-845
-1480
-2175
-2587
-2744
-2966
-3036
-3114
-2761
-2459
-1996
-1568
-845
-409
-56
486
899
1391
1874
2249
2650
3030
3582
4245
4757
5335
5737
6208
6698
7001
7339
7388
7396
7196
6738
6162
5447
4741
3746
2802
1830
679
-202
-1122
-2047
-2692
-3464
-4157
-4699
-5440
-6080
-6442
-6775
-7025
-7232
-7276
-7169
-7070
-6699
-6276
-5871
-5308
-4673
-3986
-3096
-2412
-1737
-895
4
723
1217
1911
2709
3349
3757
4268
4681
4945
4771
4693
4581
4139
3796
3258
3056
2491
1924
1502
974
519
-129
-602
-1020
-1429
-1999
-2169
-2253
-2271
-2579
-2457
-2195
-2242
-2061
-1678
-1267
-840
-509
116
810
1406
1940
2748
3568
4093
4765
5464
6037
6015
6225
6339
6501
6140
5911
5683
5329
4817
4020
3654
2960
2219
1440
948
352
-370
-1098
-1445
-2195
-2997
-3758
-4480
-5075
-5623
-6014
-6191
-6577
-6827
-7056
-6701
-6457
-6071
-5396
-4713
-4134
-3543
-2485
-1824
-1245
-909
-30
404
818
1254
2062
2530
2908
3232
3673
4229
4345
4557
4699
4593
4198
3638
3353
2782
1759
1054
511
-110
-1125
-1780
-2208
-2486
-3247
-3430
-3537
-3518
-3790
-3637
-3169
-3082
-2960
-2781
-2287
-2062
-1994
-1617
-1107
-705
-365
280
946
1401
1874
2442
3165
3209
3364
3711
4062
4010
3661
3562
3494
3011
2468
2057
1530
767
3
-510
-1042
-1758
-2568
-2839
-3407
-4030
-4631
-4920
-5477
-5694
-5903
-6045
-6282
-6466
-6574
-6253
-6038
-5544
-4907
-4198
-3488
-3058
-2386
-1989
-1294
-726
-52
444
954
1394
2117
2610
2886
3013
3381
3501
3620
3695
3616
3564
3224
3038
2816
2322
1616
1294
967
518
66
-202
-755
-863
-1343
-1371
-1566
-1996
-2074
-2294
-2330
-2505
-2255
-2141
-1805
-1865
-1331
-791
-340
183
605
1184
1547
1919
2297
2554
2624
2585
2588
2578
2622
2367
2462
2380
2042
1955
1754
1357
878
550
148
-168
-884
-1476
-1929
-2488
-3116
-3869
-4227
-4813
-5148
-5286
-5334
-5344
-5403
-5010
-4869
-4665
-4336
-3635
-3061
-2523
-1995
-1206
-659
-180
514
1227
1747
2146
2657
3249
3735
3866
4245
4432
4691
4807
4665
4861
4796
4510
4142
3934
3593
3107
2682
2228
1790
1229
599
209
-202
-768
-1114
-1401
-1591
-1677
-1732
-1710
-1614
-1331
-1180
-1065
-937
-973
-591
-203
-11
344
783
1196
1567
1726
2177
2385
2443
2551
2934
3078
2863
3055
3073
3030
2829
2658
2314
1967
1471
941
677
125
-438
-767
-1212
-1632
-1998
-2261
-2581
-2987
-3404
-3319
-3553
-3774
-3922
-3751
-3553
-3540
-3217
-2810
-2421
-2178
-1789
-1459
-1072
-764
-194
405
576
1033
1324
1810
2196
2429
2812
3303
3592
3766
4208
4257
4311
4263
4217
4106
3485
3446
3045
2862
2231
2007
1242
690
59
-461
-667
-1252
-1273
-1595
-1422
-1865
-1934
-1847
-1674
-1743
-1704
-1247
-1059
-923
-769
-521
-177
17
339
592
827
887
1104
1334
1397
1439
1655
1779
1779
1860
1842
1763
1722
1521
1129
814
359
-81
-439
-876
-1304
-1821
-2255
-2691
-3101
-3560
-3723
-3893
-4159
-4076
-4265
-4023
-4083
-3960
-3715
-3589
-3341
-3249
-2909
-2746
-2391
-2218
-1809
-1465
-1056
-607
-196
372
916
1502
2004
2686
3477
3667
4131
4265
4460
4507
4425
4329
4234
4106
3584
3309
2987
2679
2052
1715
1175
938
309
199
-263
-721
-1207
-1484
-1627
-2073
-2375
-2614
-2593
-2907
-3275
-3640
-3592
-3827
-3611
-3326
-2948
-2639
-2300
-1972
-1596
-1170
-983
-740
-433
-342
-254
-183
-20
97
-60
30
-99
-256
-374
-471
-440
-530
-551
-555
-681
-721
-840
-813
-1000
-1490
-2145
-2289
-2740
-3105
-3449
-3602
-3680
-3698
-3821
-3844
-3664
-3645
-3505
-3081
-2710
-2402
-2118
-1792
-1358
-1120
-635
-169
398
802
1212
1763
2203
2552
3160
3632
3953
4188
4542
4554
4475
4465
4466
4463
4164
4008
3595
3224
2840
2484
2015
1613
1053
600
196
-318
-830
-1301
-1760
-2051
-2318
-2559
-2873
-3180
-3265
-3471
-3439
-3480
-3564
-3261
-2955
-2722
-2371
-2139
-1892
-1524
-1167
-790
-247
225
302
625
795
1116
1250
1292
1579
1833
1812
1766
1785
1461
1308
1116
894
786
788
680
460
366
73
-305
-586
-826
-1015
-1343
-1395
-1598
-1680
-1939
-1754
-1699
-1660
-1441
-1377
-1108
-912
-443
-6
649
996
1602
2194
2659
3250
3584
3909
4411
4900
5307
5736
5879
5787
5975
5872
5794
5761
5391
5231
4835
4810
4121
3585
3269
2794
2529
2052
1866
1518
1114
888
559
82
-307
-558
-891
-1098
-1566
-1741
-1740
-1782
-1857
-1679
-1623
-1820
-2004
-2004
-1881
-1927
-1918
-1648
-1416
-1404
-1066
-743
-554
-623
-373
-42
315
508
546
768
743
989
876
802
534
448
217
145
125
-246
-352
-619
-702
-706
-752
-678
-662
-522
-473
-410
-616
-662
-543
-716
-648
-924
-891
-976
-1029
-1182
-757
-543
-233
166
517
935
1173
1493
1934
2213
2170
2352
2405
2502
2409
2590
2711
2586
2545
2460
2496
2473
2409
2397
2781
2760
2587
2572
2445
2325
1966
1956
1524
1291
1016
799
517
-41
-230
-745
-1036
-1359
-1552
-1573
-1898
-1890
-1977
-2173
-2251
-2176
-2358
-2682
-2626
-2711
-2764
-2603
-2540
-2469
-2411
-2327
-2231
-2036
-1843
-1480
-1050
-695
-501
-383
47
126
152
139
170
65
-21
3
-71
-30
-144
-98
-76
-45
7
8
-12
-123
-424
-590
-1055
-1261
-1431
-1717
-1766
-1659
-1663
-1705
-1650
-1529
-1469
-1266
-1091
-1063
-960
-854
-597
-482
-275
-145
-20
426
613
667
709
1006
1321
1612
1806
2041
2457
2648
2933
2844
2821
3106
3039
3091
3143
2757
2394
2179
1627
1013
478
-16
-402
-721
-1096
-1384
-1691
-1944
-2347
-2673
-2867
-3337
-3660
-3871
-4029
-4502
-4786
-4991
-4952
-4816
-4762
-4398
-4209
-3676
-3087
-2746
-2181
-1911
-1535
-807
-369
-139
289
540
668
846
954
1066
1438
1335
1439
1501
1373
1148
801
708
333
315
-231
-595
-735
-882
-1045
-1451
-1849
-2112
-2196
-2416
-2426
-2498
-2610
-2633
-2721
-2758
-2586
-2255
-2138
-1691
-1156
-855
-647
-228
321
564
992
1355
1763
2153
2425
2602
2774
3091
3442
3774
3979
4041
4036
4004
3829
3761
3385
2962
2723
2276
1960
1604
1037
318
-145
-693
-1102
-1463
-1800
-2041
-2394
-2567
-2897
-3187
-3191
-3166
-2956
-2975
-2894
-2560
-2215
-2008
-1676
-1343
-1080
-594
-151
374
718
1219
1426
1638
2104
2231
2521
2818
3014
3111
3326
3410
3234
3117
3031
2878
2790
2829
2377
2135
1853
1519
1389
838
475
140
-121
-309
-471
-731
-965
-1158
-1328
-1544
-1467
-1446
-1590
-1669
-1504
-1220
-1106
-916
-500
-108
253
724
1221
1801
2385
2710
2789
2917
2999
3066
3337
3612
3565
3599
3468
3301
3146
3019
2771
2273
1995
1660
1373
892
610
57
-593
-969
-1357
-2021
-2442
-2570
-2876
-3197
-3414
-3785
-4015
-4080
-4021
-3732
-3555
-3319
-3307
-3318
-3244
-3083
-2853
-2429
-2208
-1771
-1355
-1078
-805
-498
-77
175
550
855
1371
1663
1835
1901
1813
1894
2065
1937
1950
2122
2137
2194
2092
1852
1576
1267
1007
710
696
334
5
-164
-368
-430
-636
-838
-969
-1096
-1112
-1178
-1048
-989
-742
-643
-412
-122
72
248
428
684
722
768
890
1323
1354
1551
1667
1708
1635
1787
2059
1904
1830
1780
1639
1264
880
616
144
-448
-746
-1169
-1402
-1652
-1863
-2193
-2405
-2793
-3088
-3232
-3332
-3565
-3711
-3421
-3470
-3609
-3515
-3425
-3410
-3296
-3301
-3083
-2806
-2782
-2553
-2206
-1874
-1519
-1065
-750
-452
-27
428
646
1071
1439
1870
1984
2133
2186
2047
2090
2017
1910
1813
1808
1588
1641
1656
1593
1547
1277
1100
918
595
480
439
488
218
84
-51
-94
-387
-612
-688
-735
-766
-883
-741
-543
-260
-71
281
573
721
870
1089
1273
1408
1582
1656
1657
1634
1430
1284
1405
1488
1531
1590
1467
1305
965
678
434
162
-165
-518
-616
-816
-1138
-1557
-2035
-2385
-2911
-3216
-3494
-3683
-4054
-4330
-4212
-4353
-4421
-4217
-4194
-4090
-4159
-4119
-4005
-4042
-4109
-3831
-3633
-3269
-2811
-2430
-2061
-1696
-1131
-560
-70
486
1065
1446
1660
1876
2249
2762
2945
3114
3403
3617
3652
3307
3425
3435
3455
3231
3226
3171
3403
3157
2774
2573
2389
2104
1858
1727
1585
1665
1600
1383
1195
1039
1059
1291
1344
1452
1354
1340
1215
1089
838
923
595
390
435
339
451
310
294
396
445
392
609
569
709
636
614
408
58
-244
-301
-503
-720
-728
-979
-1325
-1756
-1927
-2210
-2665
-3116
-3142
-3427
-3375
-3373
-3271
-3371
-3294
-3120
-2788
-2468
-2431
-2167
-2042
-2089
-2018
-1712
-1551
-1014
-654
-163
467
1022
1371
1845
2342
2658
2996
3312
3442
3484
3688
3910
3953
3988
3877
3842
3949
3888
3898
3798
3579
3515
3370
3286
3052
2741
2656
2574
2337
2216
2126
1818
1512
829
543
357
112
130
-203
-421
-534
-519
-473
-590
-542
-508
-390
-361
-124
-79
-146
-115
-5
32
240
332
337
485
616
549
470
140
-85
-233
-501
-900
-1118
-1335
-1564
-1619
-1987
-2424
-2762
-2724
-2744
-2992
-3182
-3176
-2984
-3259
-3191
-3334
-3406
-3245
-3253
-3141
-3169
-2950
-2754
-2568
-2322
-1997
-1611
-1237
-805
-243
112
501
821
1041
1342
1822
2200
2652
2864
2980
3448
3295
3298
3439
3638
3813
3632
3746
3644
3420
3392
3508
3483
3398
3374
3151
2890
2416
2160
1890
1480
1083
835
649
272
74
-243
-889
-1115
-1411
-1393
-1333
-1485
-1115
-1311
-1156
-1190
-1106
-938
-978
-947
-968
-718
-656
-581
-407
-541
-757
-988
-965
-1079
-1155
-1287
-1001
-1066
-1227
-1296
-1137
-999
-1034
-1010
-894
-848
-947
-876
-875
-664
-723
-612
-591
-918
-1005
-1181
-1141
-1122
-1113
-718
-608
-387
-206
-163
-83
67
345
559
596
716
810
801
1002
1217
1300
1232
1284
1169
1334
1421
1594
1760
1850
2207
2277
2422
2583
2451
2249
1908
1792
1804
1745
1778
1529
1515
1274
1098
913
565
261
15
-324
-783
-1210
-1415
-1442
-1440
-1525
-1616
-1556
-1526
-1296
-1202
-1096
-943
-743
-556
-527
-394
-274
-473
-351
-457
-349
-207
-94
-52
36
66
-80
18
89
0
-204
-488
-660
-902
-1248
-1303
-1273
-1528
-1854
-1905
-1781
-1899
-1891
-1946
-1846
-1757
-1460
-1325
-1216
-994
-1217
-1196
-1266
-1316
-1349
-1162
-822
-720
-616
-466
-250
-143
129
355
449
516
734
964
1246
1555
1580
1914
2006
2355
2713
2779
2830
2685
2574
2477
2357
2344
2360
2173
2059
1793
1706
1469
1137
1012
805
290
-5
-157
-416
-407
-521
-528
-812
-815
-752
-810
-697
-975
-916
-1081
-1109
-1075
-1075
-1128
-1061
-1099
-1119
-1072
-948
-664
-848
-766
-1025
-1044
-988
-974
-1053
-1219
-1360
-1460
-1263
-1146
-1113
-1420
-1405
-1150
-994
-738
-777
-713
-493
-373
-339
-259
-236
-287
-268
-430
-422
-734
-860
-737
-793
-501
-452
-411
-359
-338
-315
22
-4
-231
-166
-177
-171
-126
158
361
560
614
508
568
772
973
822
641
666
523
381
295
287
131
382
272
238
84
-180
120
-88
-59
-147
-279
-425
-626
-800
-820
-845
-899
-1069
-1177
-993
-1276
-1501
-1511
-1644
-1679
-1583
-1585
-1437
-1570
-1372
-1276
-1238
-1149
-1074
-1044
-1050
-771
-802
-467
-410
-221
81
130
236
303
261
225
248
-176
-416
-370
-390
-541
-706
-571
-359
-182
-154
-195
-278
-190
-224
-271
-311
-203
88
289
341
301
339
324
365
326
303
373
533
732
606
636
768
746
1004
1510
1687
1889
2159
2544
2510
2415
2312
2331
2580
2503
2580
2599
2707
2601
2861
2722
2685
2671
2734
2862
2711
2463
2448
2291
1974
1716
1489
1526
1263
1161
957
708
626
293
238
210
206
210
217
338
143
31
-219
-40
-276
-572
-661
-1067
-942
-889
-1009
-945
-882
-956
-937
-854
-666
-786
-624
-565
-572
-256
-52
237
391
514
559
793
719
756
801
953
794
637
464
562
810
480
648
727
1066
1416
1408
1300
1081
1016
793
857
1016
643
637
499
675
865
820
959
794
610
400
135
-218
-401
-330
-431
-430
-474
-449
-259
-392
-470
-597
-696
-696
-716
-932
-992
-952
-932
-824
-706
-900
-988
-975
-1028
-1089
-1058
-1316
-1443
-1219
-1387
-1407
-1292
-1416
-1533
-1849
-2171
-2518
-2620
-2468
-2471
-2628
-2757
-2583
-2526
-2437
-2170
-1957
-1780
-1807
-1881
-1923
-1963
-1982
-2101
-2032
-2038
-1909
-1698
-1448
-1310
-1090
-752
-486
-250
-134
22
376
735
897
977
1075
1175
1105
1004
977
1197
1286
1365
1369
1074
925
824
537
369
43
45
52
-3
-386
-491
-417
-794
-1108
-1366
-1279
-1248
-1440
-1696
-1708
-1639
-1535
-1394
-1113
-748
-945
-877
-445
-366
-157
-132
-308
-673
-542
-661
-701
-1003
-950
-854
-884
-541
-367
-127
-416
-386
-415
-655
-516
-521
-693
-656
-593
-623
-652
-741
-830
-1057
-962
-961
-1005
-765
-961
-1003
-898
-752
-815
-957
-968
-1163
-1331
-1399
-1383
-1242
-1126
-828
-623
-408
-301
-404
-240
3
-61
177
567
652
786
935
848
726
657
663
499
362
311
174
43
-234
-65
-129
-439
-563
-689
-656
-848
-994
-1001
-1238
-1360
-1249
-1248
-1024
-977
-828
-891
-801
-702
-562
-244
-201
53
182
363
262
84
-9
-60
-299
-224
-68
19
256
271
605
782
1049
992
1301
1186
1139
1288
1109
1089
1076
1205
1121
1243
1574
1721
1572
1444
1190
1060
1028
913
881
1020
969
725
843
820
1016
1254
1364
1598
1753
1887
1946
2040
1941
1986
2270
2534
2505
2817
3037
3185
3156
3190
3334
3531
3851
3938
3856
3763
3930
3900
3823
3744
3451
3560
3429
3070
2771
2440
2108
1573
934
534
370
127
-102
-382
-433
-439
-319
-164
-169
-283
-270
-399
-509
-618
-484
-601
-574
-719
-504
-251
-327
-170
-162
-329
-454
-570
-501
-379
-235
-403
-559
-559
-696
-691
-590
-329
-173
-7
-49
9
-136
-302
-316
-411
-359
-605
-679
-886
-1073
-903
-1013
-1155
-1132
-1035
-923
-844
-954
-868
-990
-870
-805
-687
-682
-853
-711
-684
-607
-603
-332
-2
-26
1
248
319
536
570
618
732
491
599
439
251
221
-14
-210
-354
-377
-693
-818
-1027
-1284
-1574
-1896
-2034
-1984
-1957
-1937
-1960
-1970
-2185
-2229
-2311
-2173
-2384
-2376
-2244
-2429
-2538
-2629
-2626
-2854
-2894
-2928
-3098
-3164
-3161
-2831
-2636
-2448
-2182
-2228
-2171
-2194
-2021
-1921
-1651
-1505
-1470
-1662
-1451
-1394
-1344
-1535
-1595
-1405
-1469
-1368
-1430
-1319
-1122
-839
-773
-685
-667
-372
-439
-307
-279
-182
-88
-339
-323
-137
-170
161
286
400
560
602
634
466
488
441
569
657
545
622
507
419
284
200
-43
17
119
-99
-71
-345
-507
-524
-695
-755
-893
-909
-1143
-1255
-1066
-1091
-1180
-967
-769
-689
-655
-567
-707
-912
-1097
-1420
-1513
-1617
-1630
-1330
-1032
-1068
-905
-591
-609
-497
-327
-309
-312
-373
-412
-309
-260
-166
-106
-235
-215
-284
-148
-227
-348
-596
-648
-597
-624
-344
-407
-423
-269
-234
-84
-55
72
94
-35
-92
93
274
320
507
794
848
982
1074
1154
1220
1445
1526
1371
1157
1169
1413
1488
1487
1433
1507
1365
1414
1404
1408
1228
1370
1332
1110
1158
1127
1352
1111
1264
1188
1119
1109
977
735
779
961
1040
1118
1276
1459
1546
1676
1489
1333
1316
964
459
652
670
442
671
849
798
1064
1023
1201
1356
1559
1742
1793
1857
1650
1666
1538
1507
1622
1751
1965
2001
1833
1838
1781
1713
1571
1394
1172
1164
1209
1116
1167
1250
1372
1461
1797
1738
1946
1775
1703
1808
1845
2237
2332
2414
2676
2764
2650
2603
2577
2651
2717
2451
2297
2322
2264
2195
2206
2223
2174
2164
1934
1884
1532
1159
1084
839
555
453
598
541
305
144
104
45
-267
-162
-236
-234
-148
-22
13
-47
-44
-53
-14
-91
15
-75
-111
-45
-57
-186
-329
-366
-476
-744
-914
-1020
-1185
-1359
-1356
-1288
-1170
-1009
-1068
-966
-1085
-1053
-1030
-1093
-1009
-847
-894
-1144
-1141
-1276
-1408
-1256
-1418
-1588
-1520
-1550
-1547
-1676
-1682
-1810
-1633
-1629
-1698
-1760
-1623
-1738
-1945
-1821
-1598
-1645
-1346
-1036
-863
-671
-741
-470
-657
-585
-556
-561
-462
-506
-718
-767
-510
-550
-530
-690
-743
-764
-884
-1026
-1108
-1055
-1075
-1122
-1229
-1146
-979
-805
-752
-761
-639
-549
-540
-635
-550
-654
-436
-639
-725
-426
-378
-273
-244
-152
-49
-28
-90
161
168
332
534
623
439
341
538
352
389
447
340
378
158
66
214
219
266
206
-65
-106
-463
-417
-427
-413
-580
-712
-795
-1187
-1367
-1419
-1524
-1459
-1381
-1340
-1192
-1117
-905
-698
-461
-461
-335
-453
-456
-365
-379
4
-120
-10
153
339
425
521
603
650
600
564
619
466
412
424
244
359
459
388
442
618
626
578
579
759
821
987
1017
1173
1207
1200
1274
1086
1070
1137
1076
892
1098
1120
1084
960
766
778
438
383
782
620
755
795
571
727
800
687
690
341
101
-91
-93
-105
69
110
-22
79
86
441
471
590
492
356
117
-45
-28
57
-15
-135
-32
77
43
255
150
-38
110
49
-62
78
387
540
572
695
860
1021
948
1078
1222
1243
1341
1240
1310
1242
1425
1278
1403
1569
1948
2235
2199
2232
2220
2446
2299
2252
1927
1985
1920
2013
1899
1966
1788
1444
1604
1424
1489
1410
1689
1636
1547
1571
1695
1671
1505
1664
1511
1772
1457
1397
1335
1028
1120
966
938
699
732
620
259
336
206
-3
-226
-311
-367
-503
-552
-460
-521
-559
-473
-307
-58
-400
-635
-879
-1020
-1145
-1118
-1254
-1297
-1074
-1020
-828
-687
-613
-440
-343
-531
-363
-412
-272
15
79
171
260
384
544
536
617
757
776
764
596
574
314
309
333
333
446
389
417
439
223
67
23
309
341
204
416
298
348
242
318
327
159
74
-40
-120
-171
-294
-500
-446
-689
-915
-861
-761
-848
-842
-825
-1199
-1203
-1258
-1227
-1263
-1241
-1348
-1361
-904
-806
-610
-528
-497
-431
-645
-554
-663
-891
-1108
-1154
-1282
-1418
-1515
-1934
-2241
-2220
-2363
-2653
-2607
-2594
-2966
-2626
-2329
-2297
-2171
-2008
-1949
-1815
-1828
-1542
-1141
-1135
-795
-803
-671
-555
-442
-102
165
264
365
411
448
356
656
500
654
714
619
393
330
323
434
628
558
736
564
558
270
98
197
-134
-432
-476
-630
-556
-715
-838
-763
-654
-761
-716
-414
-447
-429
-406
-485
-295
-353
-456
-294
-208
-185
-160
-67
-204
-11
1
-55
198
47
347
562
518
734
742
619
940
855
708
454
488
505
349
413
374
478
318
81
147
213
383
582
555
805
959
1270
1231
1213
1099
1133
1164
1217
1190
1062
1006
873
607
545
351
288
453
358
745
876
926
1115
1077
1005
1045
578
242
92
136
100
139
-79
-379
-490
-566
-733
-835
-602
-641
-501
-568
-650
-547
-587
-746
-757
-761
-647
-730
-685
-457
-483
-425
-336
-462
-320
95
143
229
585
519
783
828
860
960
946
1017
858
754
789
692
819
792
866
905
600
739
572
343
88
-107
-303
-522
-670
-785
-767
-866
-981
-1043
-962
-901
-1000
-862
-914
-939
-756
-480
-557
-601
-759
-1002
-1126
-1208
-1294
-1393
-1430
-1150
-1044
-924
-654
-648
-246
-214
-155
-29
-31
-41
-124
-502
-488
-657
-776
-557
-692
-801
-879
-804
-889
-892
-1133
-1020
-935
-1081
-950
-1045
-1095
-1246
-1363
-1478
-1707
-2038
-1879
-1779
-1623
-1716
-1736
-1680
-1693
-1391
-1296
-978
-948
-806
-482
-68
-85
66
95
71
70
-16
222
15
-21
39
147
121
135
-18
109
-169
-209
-150
-458
-518
-424
-527
-750
-743
-1011
-1184
-992
-712
-496
-369
-380
-109
-42
27
74
129
317
234
362
87
96
67
-571
-529
-537
-437
-569
-535
-438
-740
-716
-863
-846
-1065
-1268
-1122
-1082
-946
-1023
-1019
-876
-717
-922
-1136
-996
-982
-691
-736
-917
-667
-982
-871
-917
-948
-954
-833
-807
-715
-834
-891
-585
-631
-612
-484
-190
-139
-54
200
389
351
314
508
491
652
766
1034
827
1024
1212
948
861
579
744
792
738
666
572
539
456
151
-92
-173
-294
-450
-757
-881
-866
-554
-318
-350
-199
-19
-43
-93
-214
-372
-592
-752
-699
-428
-472
-467
-639
-837
-688
-822
-829
-913
-545
-354
-422
-51
-44
152
372
800
1029
1429
1548
1316
1501
1020
993
1040
910
617
636
660
597
738
796
908
789
685
693
622
692
754
903
1215
1201
1102
1224
1320
1000
863
689
596
621
544
521
530
697
609
421
376
384
10
-423
-493
-510
-348
-144
-293
-449
-429
-218
-150
-324
-55
121
-17
-122
-87
80
79
72
-159
-414
-296
-314
-448
-595
-684
-641
-649
-375
-209
-26
-247
-567
-607
-708
-839
-968
-875
-814
-937
-642
-410
-372
-233
-306
-436
-540
-409
-402
-443
-335
-511
-429
-734
-723
-684
-823
-673
-782
-660
-692
-570
-800
-885
-784
-840
-696
-871
-910
-701
-494
-574
-377
-337
-432
-252
-148
0
86
103
36
-49
208
659
733
876
633
384
474
356
384
378
426
697
850
741
810
863
987
975
1059
1085
770
259
-117
-229
-551
-626
-697
-881
-669
-685
-569
-583
-597
-332
-731
-763
-636
-676
-701
-641
-629
-657
-478
-339
-499
-728
-971
-1015
-1096
-1079
-838
-828
-928
-870
-596
-613
-613
-878
-900
-883
-752
-933
-1047
-750
-713
-571
-371
-149
-80
-106
-238
-148
-332
-466
-405
-342
-365
-500
-472
-312
-552
-418
-473
-548
-548
-544
-266
-77
166
209
126
63
72
-97
-342
-502
-436
-338
-429
-228
-405
-183
143
156
286
393
538
601
499
689
1046
1264
1323
1348
906
532
653
625
848
872
928
1009
1057
1244
1614
1691
1530
1420
1205
1070
968
845
826
890
753
790
875
1148
1044
987
1045
839
738
507
497
556
462
377
442
372
168
128
17
-231
-415
-507
-712
-826
-795
-840
-700
-425
-199
-172
-76
-60
-53
-430
-510
-412
-254
-207
-268
34
80
264
580
682
1075
957
883
842
808
798
1072
1467
1582
1752
1640
1501
1199
1425
1292
1215
1320
1223
1308
1261
1180
1349
1317
1476
1653
1499
1508
1422
1423
1296
1432
1211
1236
1212
1049
1142
1130
1134
1024
957
821
934
585
570
725
761
921
996
1216
1273
1477
1334
1333
1143
1047
786
655
603
731
488
623
