0
-1
0
0
0
0
0
0
1
0
0
0
0
0
0
-1
-1
0
-1
0
0
0
0
0
0
0
0
0
0
0
0
0
0
-1
0
0
0
0
1
0
0
0
0
0
0
0
0
0
0
-1
1
-1
0
0
0
0
0
0
0
0
1
0
1
0
0
0
1
-1
0
0
0
0
0
0
0
0
0
0
-1
0
0
0
0
1
1
0
1
0
0
0
0
0
0
0
0
0
0
-1
-1
-1
-1
0
0
0
0
0
-1
0
0
0
0
0
-1
0
-1
0
1
0
0
1
0
0
-1
0
-1
0
0
0
-1
0
1
-1
0
0
0
0
-1
0
1
0
-1
1
1
0
1
-1
0
0
1
0
0
-1
1
0
0
1
0
0
0
0
1
0
0
0
0
1
0
-1
0
-1
0
1
0
1
-1
0
1
0
0
0
0
0
-1
0
0
0
0
0
0
0
0
0
0
-1
0
1
0
1
0
-1
0
0
1
0
0
0
0
0
0
-1
0
-1
0
0
0
0
0
0
0
1
0
1
0
0
0
0
0
-1
0
0
0
0
0
-1
0
0
0
0
0
0
1
0
0
0
0
1
0
0
0
0
0
0
0
0
0
-1
0
1
0
0
0
0
0
0
0
0
0
0
0
0
0
0
0
-1
1
0
0
0
-1
0
0
0
1
0
0
0
-1
0
0
0
0
1
1
0
1
0
0
-1
0
-1
0
0
0
0
0
0
0
0
0
0
0
0
0
1
0
0
0
0
0
0
0
0
0
0
0
0
0
0
0
0
0
0
1
0
0
0
1
0
0
0
0
0
0
0
0
1
1
0
0
1
0
0
0
0
1
1
0
0
0
0
1
-2
1
-2
2
-3
4
-4
6
-7
9
-13
21
-79
-349
-303
-251
-222
-165
-229
-291
-223
-368
-490
-591
-636
-570
-574
-499
-451
-381
-409
-395
-514
-500
-405
-354
-254
-395
-419
-315
-302
-370
-333
-211
-128
-161
-149
-59
-134
-115
-13
-74
-35
-98
-109
-20
84
329
428
543
553
641
680
680
725
614
547
579
433
317
294
152
92
62
125
178
202
309
386
369
333
324
235
221
179
285
391
465
373
405
364
457
359
293
211
248
279
154
239
312
405
445
580
485
348
389
371
229
310
305
202
279
269
208
224
190
314
355
241
186
131
95
220
338
248
264
250
194
246
409
468
485
601
714
855
700
782
725
890
904
972
984
1056
974
1002
1053
915
919
816
816
817
779
779
703
524
544
461
570
662
722
758
736
784
782
781
780
560
605
660
586
461
440
265
-46
24
-14
10
-6
4
-4
1
-2
1
0
0
1
-1
1
0
0
0
1
1
0
-1
1
0
0
0
0
0
0
0
-1
0
0
0
0
0
0
0
0
0
0
0
0
0
0
0
0
0
0
0
0
0
0
1
0
1
0
0
0
1
0
0
-1
1
0
-1
0
0
-1
0
0
0
0
-1
0
0
0
0
1
0
0
0
1
0
0
1
-1
0
0
0
0
0
0
-1
0
1
0
0
0
1
-1
0
0
0
-1
0
0
0
-1
0
1
0
-1
0
0
-1
-1
0
0
0
0
-1
-1
-1
0
0
0
0
0
0
0
0
0
1
0
-1
0
1
0
1
0
0
0
-1
0
0
0
0
0
0
-1
1
0
0
0
0
1
0
0
0
-1
0
1
0
0
0
0
0
0
0
0
0
0
-1
1
-1
0
1
0
0
0
0
0
0
0
0
0
0
0
0
0
0
0
1
0
0
0
0
-1
1
0
0
0
0
0
0
0
0
0
0
0
0
-1
0
0
0
-1
0
0
1
1
0
0
0
0
-1
0
1
0
-1
0
0
0
0
-1
0
0
0
0
0
-1
-1
0
0
0
0
1
0
0
0
0
-1
0
0
0
0
0
0
0
0
1
0
-1
0
0
-1
0
0
0
0
0
0
0
0
0
0
0
1
0
0
0
0
-1
-1
0
-1
0
0
0
-1
0
0
0
0
1
1
-1
1
0
-1
-1
0
0
-1
1
-2
3
-4
6
-9
11
-14
17
-22
28
-37
49
-71
124
-449
-1483
-1344
-1468
-1477
-1391
-994
-849
-548
-442
-481
-593
-486
-838
-988
-1037
-911
-1039
-1406
-1760
-2503
-2698
-2890
-2626
-2988
-2577
-2649
-2977
-2664
-2509
-2404
-2389
-2480
-2450
-2188
-2275
-2125
-1903
-1894
-1857
-1880
-2032
-1793
-1893
-1860
-1716
-1968
-2086
-2048
-2321
-2709
-2793
-3285
-3340
-3457
-3540
-3452
-3287
-3641
-3299
-3137
-2840
-2176
-2294
-2108
-2383
-2728
-2805
-2904
-2923
-3302
-3278
-3617
-4136
-4163
-4332
-4492
-4694
-4496
-4909
-5353
-5441
-5364
-5069
-4959
-4560
-4079
-3975
-3863
-4046
-3976
-3939
-3725
-3527
-3278
-3123
-2636
-2165
-2091
-1623
-1243
-1250
-1456
-1675
-2035
-1883
-2100
-2068
-2565
-2792
-2837
-2980
-2599
-2292
-2063
-1594
-785
-190
192
508
780
433
511
403
-34
-108
-262
-177
-405
-281
-350
-675
-961
-1259
-801
-596
-499
-447
-646
-843
-583
-723
-827
-526
-443
-475
-317
-316
-694
-1065
-692
-801
-776
-503
-551
-261
53
94
21
176
407
796
791
450
566
464
275
809
402
205
677
811
1010
741
866
1236
1382
1661
2218
2436
2308
2325
2205
1978
1523
1504
1520
1549
1320
1072
948
892
902
67
30
83
-192
-625
-965
-598
-941
-1110
-910
-304
-388
-404
-112
-148
-401
-554
-283
-531
-184
-200
-263
-315
-378
-572
-778
-479
-557
-423
-158
69
-251
82
435
1230
1682
1623
1752
2118
2388
2078
2474
2477
2891
3421
3296
3402
3500
3807
4002
4013
4184
4022
4193
4433
4466
4584
4659
4343
3980
3966
3813
3919
3758
3707
3932
3981
4262
4001
3840
3320
2693
2115
1875
1728
1375
1296
989
648
543
411
439
-23
256
39
-399
-373
-507
-368
-844
-1076
-756
-797
-887
-409
-211
-299
-477
-513
130
669
1174
1488
1901
1983
2150
2071
1957
1690
1953
2007
1211
1390
1941
2169
2241
2029
2255
2130
2199
2203
1950
1924
1685
2065
2333
2400
2593
2684
2655
2713
2651
2214
2446
2277
2183
2022
1800
1634
1287
1020
739
896
799
806
707
746
628
692
747
617
557
290
-30
-286
-928
-1337
-1856
-2067
-2401
-2533
-2429
-2576
-2631
-2503
-2622
-2881
-2570
-2434
-2656
-2777
-2914
-3119
-3109
-2823
-2702
-2442
-2151
-1775
-1314
-1661
-1702
-1624
-1395
-1054
-936
-783
-836
-547
-428
-413
-469
-17
-312
-407
-673
-556
-682
-889
-880
-764
-601
-935
-865
-951
-540
-275
-348
-546
-673
-486
270
430
457
587
330
615
599
526
243
78
-507
-751
-713
-862
-829
-510
-282
-91
297
294
542
337
170
143
-61
-209
-604
-930
-1064
-878
-406
-720
-795
-547
-437
-303
154
49
-539
-545
-846
-871
-531
-492
-199
272
85
272
654
240
469
607
279
205
-199
-330
-603
-670
-683
-798
-689
-845
-1219
-1270
-1431
-1449
-1431
-1679
-1488
-1051
-940
-849
-465
-197
-332
78
572
581
983
1173
974
1088
1025
1045
1063
1096
1096
1164
1002
715
741
591
371
521
852
1319
1806
2090
2142
2732
2726
2514
2713
2702
2701
3025
3045
3353
3378
3326
3691
3559
3317
3264
3499
3289
2834
2877
3014
2587
2587
2564
2504
2445
2309
2153
2474
2232
2729
2942
2738
3121
3314
3212
2890
3330
3246
3200
3125
3161
3496
3334
3163
3368
3173
3472
3147
2843
3093
2434
2294
2415
2225
2526
2569
2621
2624
2468
2906
2717
2428
2425
2544
2503
2906
3103
3121
3419
3399
3098
2844
2354
2094
1927
1846
1936
2119
2266
2173
2145
1873
1517
943
639
633
711
519
176
-179
-209
-188
-528
-659
-861
-870
-990
-1085
-756
-777
-763
-552
-635
-532
-445
-10
126
33
-422
-168
-292
62
371
527
943
1407
1726
1710
2053
1838
1700
1439
1169
927
1023
748
728
767
989
983
852
824
601
517
331
396
777
918
733
985
982
918
639
551
454
240
407
118
-57
-323
-746
-670
-549
-150
-19
740
1210
1609
1782
1526
802
151
-460
-721
-993
-1173
-496
-262
97
446
830
1208
1329
1660
2125
1680
1548
1529
1279
1361
892
813
825
693
688
390
318
370
456
495
585
498
645
964
1214
1748
2150
2265
2342
2020
1938
1565
1449
1096
495
447
230
343
184
162
13
-174
-474
-624
-991
-1370
-1678
-2086
-2105
-1808
-1827
-1835
-1566
-1131
-1273
-1207
-993
-1138
-1219
-1611
-1660
-1730
-1885
-1212
-1104
-1094
-952
-924
-1042
-1297
-1260
-1508
-1339
-1347
-1181
-734
-351
115
282
126
34
-137
-508
-526
-480
-467
-201
-524
-473
-213
-392
-979
-698
-188
-191
299
561
377
304
159
-10
-21
-515
-583
-372
-128
-76
25
-198
-259
-280
-400
-182
-167
-87
-20
270
-134
-211
-694
-890
-697
-807
-1144
-1449
-1408
-1628
-1272
-1302
-1112
-1275
-1378
-955
-945
-916
-829
-628
-565
-483
-53
336
890
1265
1425
1194
1226
1148
1437
1511
1341
1239
1068
1170
1669
1995
2490
3060
3198
3287
3451
3563
3231
2806
2213
1891
1812
1631
1528
1739
2119
2270
2722
2453
2041
1961
1406
658
78
-563
-1010
-1085
-1513
-1383
-1235
-744
-465
-294
-380
66
61
-255
-214
-453
-814
-806
-909
-961
-1381
-1398
-894
-893
-458
-85
114
189
367
192
336
307
198
59
-551
-455
-602
-635
-685
-551
-286
58
544
545
490
752
1355
1631
1725
1788
1828
1983
2115
1768
1264
1246
1267
603
371
347
564
863
675
309
-182
-282
-180
39
152
277
896
1176
1440
1522
1418
1474
1287
1167
1155
1025
1006
1288
1416
1654
1695
1635
1338
753
396
357
377
439
318
748
820
815
1185
1543
1424
1433
1677
1542
1277
1106
919
777
580
620
1096
1193
1457
1698
1357
1044
528
152
81
-231
-537
-349
-584
-317
-299
-561
-707
-883
-503
-601
-157
182
81
371
496
390
34
365
214
-30
348
536
555
567
941
771
403
137
133
79
258
411
291
647
563
841
883
464
727
924
1058
1229
1120
1235
1088
839
751
429
138
236
87
57
341
276
449
182
359
87
19
290
404
712
676
284
-31
-7
-46
-238
-587
-620
-522
-794
-949
-813
-950
-1033
-1074
-869
-807
-471
-420
-411
-207
-1
332
769
1460
1680
2138
2231
2432
2641
2810
2969
3010
2781
2327
2185
1947
2295
2307
1874
1946
1813
1600
1690
1896
2039
1959
1881
1712
1895
2146
2031
2090
1552
1206
1074
864
1243
1225
973
1630
2080
2242
2142
1752
1887
1084
685
556
-98
-524
-819
-1149
-966
-921
-1180
-1109
-886
-907
-1006
-925
-643
-698
-818
-950
-1004
-1098
-1464
-1357
-1231
-1307
-1339
-1198
-1314
-865
-1029
-1017
-1021
-1312
-1507
-1684
-1578
-1576
-1164
-1091
-681
-376
169
626
334
307
388
280
489
581
692
877
1075
1398
1217
1309
1276
1446
1655
1096
383
-84
-626
-634
-733
-1147
-830
-735
-800
-730
-634
-402
7
185
-6
137
-22
106
132
-197
-84
-586
-926
-1149
-1202
-1353
-1627
-1338
-1627
-1803
-1702
-1928
-1919
-2124
-2112
-2117
-2191
-2223
-2032
-1909
-1422
-1046
-649
-470
-263
-531
-307
-467
-314
-347
-538
-271
-260
-10
253
55
94
518
553
728
823
934
554
238
462
257
660
459
460
529
390
582
347
379
212
596
274
-52
-159
-614
-642
-939
-959
-714
-695
-774
-510
-403
-547
-415
-428
-281
-925
-780
-698
-1024
-880
-843
-707
-551
-414
-278
-161
65
250
231
243
135
-195
-363
-237
-78
63
65
302
-72
-115
140
254
316
104
504
41
-431
-594
-925
-944
-1162
-1294
-1270
-1207
-757
-404
-504
-477
-590
-491
27
320
58
-61
-318
-171
-6
-232
-224
-542
-525
-420
-493
34
289
350
750
771
1092
1433
1479
1751
2095
1841
1879
1763
2092
2292
2002
2600
2602
2347
2474
2555
2297
2104
1909
1895
2040
1905
1560
1619
1921
1910
1884
2084
2250
2507
2301
2235
2329
2101
2293
2200
2198
2024
1910
1822
2177
2250
2332
2399
2446
2644
2398
2242
1778
1965
2001
2429
2322
2449
2535
2427
2355
1813
1407
858
369
243
126
-177
47
-373
-172
-48
-180
-55
505
419
138
409
266
475
744
1052
783
711
715
783
879
889
829
854
888
1270
1560
1843
1868
1491
1320
930
548
471
364
-37
-57
-241
-65
292
466
833
1026
941
837
968
928
1273
1551
1758
2356
2314
2294
2526
2043
1782
1923
1822
1577
1422
1366
923
696
451
-234
-380
-410
-696
-796
-609
-344
-212
-605
-965
-1196
-1550
-1489
-1402
-1412
-994
-941
-530
-131
-191
298
132
-63
-407
-716
-980
-1163
-1204
-1124
-1152
-848
-663
-730
51
448
849
977
1266
823
560
492
326
239
-75
-132
-314
-240
-221
-166
-155
-35
127
627
802
922
1087
948
891
462
122
-73
130
-285
-606
-610
-78
227
58
410
448
469
408
113
-277
-415
-665
-736
-1106
-1267
-1266
-1122
-1315
-1587
-1528
-1916
-2198
-2463
-2789
-2468
-2372
-2635
-2239
-1962
-2228
-2044
-1793
-1582
-1347
-1367
-1921
-2112
-1783
-2057
-2199
-2517
-2196
-2060
-1935
-2253
-2108
-2324
-2916
-2831
-3452
-3295
-3093
-2743
-2491
-2275
-1664
-1539
-1132
-1222
-1084
-598
-554
73
340
497
780
655
495
306
-93
-366
-649
-772
-856
-901
-934
-1099
-1282
-1047
-1023
-798
-943
-703
-723
-537
-422
-313
235
102
244
267
135
169
399
498
369
281
-335
-344
-496
-684
-607
-565
-621
-920
-863
-807
-722
-1007
-1311
-1345
-1118
-926
-910
-696
-470
121
468
928
981
1199
1579
1635
1740
1456
1497
1780
1551
1753
1663
1272
1314
1141
1034
926
951
512
396
384
187
204
-56
-33
-109
-559
-552
-519
-707
-922
-945
-1084
-992
-662
-565
86
219
-139
215
336
699
1380
1334
1716
1864
1953
2380
1703
1486
1207
1360
1439
1567
1811
1797
1599
1336
1131
667
198
-551
-473
-308
-431
-329
-187
-40
128
526
876
869
1513
1719
2047
2598
2492
2751
2534
2106
1897
1372
1336
1741
1418
1273
1258
1504
1559
1499
1729
1481
1514
1503
1496
1709
1800
2132
2462
2649
2995
2933
2781
2706
2742
2552
2605
2853
2690
2497
2063
2354
2695
2327
2264
2408
2456
2627
2429
2206
1996
1897
1714
2026
2391
2579
2470
2261
2326
2491
2659
2133
2093
1950
1790
1720
1610
1488
1543
1435
1156
731
400
4
-97
-83
75
168
-91
-210
-591
-402
-267
-589
-965
-849
-924
-835
-530
-377
-358
-591
-279
-229
46
-203
-110
42
-70
-13
-158
14
78
-140
-668
-802
-504
-817
-245
-7
-31
346
173
145
318
712
750
512
484
969
924
800
431
426
343
103
-245
-133
-137
-165
52
270
217
180
363
-38
-556
-234
-562
-483
-561
-1001
-1012
-1034
-766
-789
-622
-724
-813
-539
-247
-52
-208
-117
3
40
48
93
269
-102
-472
-684
-920
-691
-580
-692
-332
-407
-448
-538
-778
-452
-635
-380
-359
-87
452
559
625
580
686
617
782
1022
976
229
277
16
-376
-623
-882
-1084
-886
-875
-521
-274
-173
-365
-439
-747
-719
-787
-1219
-1209
-1311
-1252
-1319
-968
-1086
-1010
-692
-745
-803
-111
347
365
240
149
-61
-325
-743
-756
-798
-655
-585
-912
-495
-584
-533
-418
-748
-725
-592
-715
-604
-283
-98
-78
381
316
312
348
292
-352
-242
-193
-890
-821
-995
-956
-1240
-1458
-1235
-1438
-1604
-1780
-2058
-1906
-2176
-2421
-2670
-2970
-3192
-3417
-3256
-3020
-2662
-2357
-2153
-2074
-2092
-2191
-2077
-1973
-1850
-1834
-1949
-1384
-1140
-1087
-880
-1240
-888
-1016
-816
-341
-52
343
772
807
895
1107
1570
1568
1690
2135
1992
2281
2784
3259
3097
3119
3236
3522
3893
4102
4634
4654
5110
5462
5242
5094
4917
4919
4846
4739
4521
4088
3869
3201
2910
2696
1930
1820
1407
1301
798
951
684
-186
-729
-1208
-1382
-2191
-2323
-2251
-2084
-2146
-1793
-1696
-1418
-826
-721
-255
-259
-389
-443
-664
-891
-663
-194
-74
-25
-55
143
454
367
254
623
768
1133
1642
2053
2321
2468
2690
2631
2616
2638
2567
2680
2602
2570
2546
2492
2618
2441
2449
2501
2544
2289
2270
1896
1673
1827
1951
2281
1901
1838
1972
1841
1959
1846
1584
1491
1579
1500
1342
1473
869
704
458
-38
-23
-146
-195
349
629
529
469
352
-37
-228
-88
-123
-485
-643
-590
-796
-862
-686
-1241
-1488
-1552
-1576
-1526
-2205
-2353
-2463
-2459
-2163
-2357
-2430
-2086
-1449
-1188
-1193
-1058
-498
-245
-393
191
-255
557
935
1065
1344
1316
1610
1811
2039
1960
2193
2537
2517
2774
2548
2264
2072
1775
1505
1284
1213
1016
1161
1071
1022
722
910
902
1273
1158
584
519
141
182
153
229
668
550
603
665
1023
1269
1202
742
953
815
654
317
14
-17
-222
-359
-601
-895
-559
-1282
-1515
-1650
-1859
-2178
-1880
-1676
-1414
-971
-893
-789
-733
-618
-417
-510
-731
-366
-653
-822
-1204
-1396
-1359
-1594
-1861
-2346
-2088
-2821
-2319
-2293
-2245
-2264
-1918
-1843
-1914
-2066
-1844
-2334
-1418
-1122
-145
-269
684
498
460
346
536
637
350
710
184
288
683
882
457
1164
1379
1711
1657
1719
2078
2240
1981
2253
1746
1827
1310
1604
1218
1264
904
585
902
864
1267
602
1317
1235
1579
1140
766
688
522
109
493
-281
-34
-730
-28
-681
-374
-821
-264
-466
-145
-694
-463
-1238
-1024
-1056
-1089
-804
-1264
-714
-169
-434
357
-81
402
-298
-365
-477
-599
-430
-584
-528
-473
-60
-51
203
294
647
919
1190
578
633
262
615
423
888
968
573
957
1028
730
984
502
1052
823
1076
1240
1591
1199
1415
1123
988
620
925
684
772
73
121
23
234
35
324
-142
55
-575
-372
-949
-947
-1534
-1477
-2049
-1926
-1991
-2004
-2521
-2405
-2440
-2023
-1961
-1892
-2397
-2240
-2587
-3215
-2630
-3059
-2658
-3505
-3929
-4227
-4222
-4402
-4524
-5239
-4667
-4998
-4081
-3911
-3495
-2759
-2099
-1548
-902
-768
123
927
1512
1746
2764
2930
3353
3066
2693
3107
3483
4104
3771
4312
4355
4737
4395
4495
4589
3926
3987
4144
4136
4432
4758
4474
4081
3798
3447
2599
2090
2407
1864
1495
1258
892
953
608
100
-213
-733
-910
-997
-1005
-1508
-1971
-1975
-2752
-2607
-3521
-3091
-3546
-3250
-3016
-3127
-2379
-2632
-2191
-3123
-2919
-3147
-4062
-3755
-5669
-4611
-6120
-4798
-5179
-4750
-3473
-4402
-3668
-4421
-3374
-3721
-3543
-2644
-3288
-2624
-2361
-1253
-1592
-841
-236
-52
836
566
1156
916
1056
1171
1261
1951
3093
3428
3580
4553
5199
5746
5776
6567
6727
6918
7710
7394
8021
7560
7915
7873
7889
7897
7758
7808
7719
7586
7429
6453
6524
6112
6167
5675
5138
4976
3875
3550
2684
1883
1088
-106
-1131
-2429
-3092
-4359
-4992
-5669
-5992
-6733
-7568
-8228
-8810
-9595
-9137
-9549
-10149
-10554
-11317
-10524
-11603
-11848
-11847
-11668
-11700
-11956
-11198
-11225
-10384
-10247
-10901
-9979
-8840
-7384
-6660
-7608
-5324
-3994
-864
-2123
-2500
140
2112
4651
3410
4961
7469
9283
11055
10402
12276
12628
14433
13758
13833
15432
15561
16468
15214
16471
16849
15994
16799
15673
15788
14613
15364
15804
14405
14210
13316
12519
11515
10439
9982
8572
7225
6347
6085
5313
4200
3973
2081
1523
268
-913
-1437
-2197
-2892
-3834
-4397
-4527
-5859
-6390
-7800
-9130
-9841
-10226
-10755
-12262
-12799
-13428
-14163
-14836
-15528
-14957
-15505
-16590
-17426
-17539
-15868
-13606
-12892
-18336
-18165
-15064
-6379
-9567
-14987
-11225
-5366
-1065
-5780
-6464
-1198
2148
5143
2365
5069
7277
11040
9250
9158
12810
14101
15285
12546
15292
16424
15497
17469
17350
16605
14146
14109
17100
14936
12116
11992
13123
11626
9204
9355
10317
8118
5272
5775
7694
4298
1797
2525
2560
-47
-3669
-894
-322
-2278
-2468
-2992
-3297
-4368
-2093
-2844
-6207
-5694
-3614
-3075
-5366
-4196
-3694
-4532
-4710
-4854
-4205
-5475
-5270
-5495
-6344
-5257
-5745
-5787
-5795
-6907
-8172
-8836
-7844
-8817
-10531
-10491
-11298
-12382
-13315
-11652
-12979
-14891
-14875
-15773
-15053
-15130
-11782
-12687
-17601
-16366
-14719
-7785
-13563
-15808
-13611
-9230
-5621
-10642
-9256
-7082
-3167
-1898
-3555
-378
1410
6194
3664
5106
7709
9946
10777
8334
11388
11628
11045
12240
12281
11982
9217
10129
12665
10590
8851
9071
10168
8519
6643
8054
9145
8086
4525
5866
7269
5848
4656
4090
4902
3008
2432
4813
4296
2307
2442
4170
2756
1290
3072
5366
3187
1599
3355
3470
2323
2370
2360
1792
564
777
1535
488
-406
-1402
-1808
-1746
-3302
-3796
-3756
-4104
-6226
-6816
-5862
-6976
-7993
-10545
-10636
-13927
-14476
-13830
-15066
-17403
-17736
-14047
-18774
-20028
-21814
-12286
-15111
-20247
-17507
-15707
-8242
-14309
-14971
-12274
-8786
-3103
-7843
-4494
-3009
2988
162
1269
5474
7551
9014
4752
10322
11649
10782
12147
13312
14712
11997
12077
15660
15280
12883
12994
14867
14343
12216
13163
15811
14057
10543
11503
15105
13186
10945
9791
11853
10529
8841
11272
9016
8168
7232
9113
8785
4785
7389
8783
8112
5548
6396
8476
7658
7766
6915
8085
6843
7416
8103
7545
6887
4834
5152
4993
3008
1759
952
659
-1968
-4163
-3029
-3896
-5763
-8175
-9081
-10686
-11866
-12816
-13951
-17109
-17389
-20093
-19056
-20948
-16647
-19444
-26125
-22625
-23398
-13607
-22338
-23059
-20103
-18199
-11683
-18740
-15783
-15022
-9609
-6660
-10039
-4758
-4945
3593
-1584
1825
4126
6655
9796
6433
10946
11178
12614
16263
14687
16044
14313
16299
18237
17179
16589
17730
17821
17205
16990
19074
19601
18408
15515
18209
18513
16933
16478
16272
17080
12879
11482
14067
12380
12274
9884
10524
10354
9155
10533
9130
7171
6052
7389
7664
5718
4128
3754
3822
1592
932
-173
-1137
-1820
-4459
-5299
-5797
-7429
-8333
-10484
-11396
-11671
-13645
-12607
-15160
-12262
-17536
-20083
-22511
-19770
-16899
-24162
-24594
-26249
-23754
-20558
-20210
-27019
-28231
-25144
-14586
-18807
-26484
-22329
-18226
-14175
-17333
-17923
-13045
-12473
-6281
-8253
-5320
-5157
2696
497
266
3265
4552
10657
7493
10345
10562
9233
13425
12745
13893
11712
11869
14114
14329
12959
12440
14031
13821
12793
11039
12804
13425
11577
11740
14170
10508
10058
11076
12890
12600
4623
9542
9816
10521
9779
4889
7425
6420
9368
8263
6299
7527
8632
8568
5002
7762
7165
8283
5881
4517
7094
4156
4663
2557
406
193
-2612
-1026
-2662
-4736
-6896
-7245
-7765
-9492
-11108
-11661
-13052
-17048
-17710
-16942
-19118
-22111
-25170
-23711
-26292
-23850
-21995
-28527
-28793
-30665
-19007
-24127
-29477
-28787
-23087
-16214
-23362
-24001
-20081
-14715
-10902
-14699
-10222
-9761
-2187
-4374
-2655
601
2840
6900
3721
8817
10547
10931
13493
13552
15146
13780
16019
20140
19818
18332
18521
20723
21177
20835
20486
21221
20717
20200
21090
22465
20213
18713
19633
20752
18369
15565
16985
18196
15421
13592
12851
13668
11845
12356
11730
9645
8071
9653
10716
7481
5892
6068
5127
3081
2130
3807
2528
378
-944
-1178
-1520
-2486
-4603
-5495
-7099
-8292
-8960
-9321
-10480
-13854
-15316
-15549
-16760
-18814
-21251
-21108
-23848
-24814
-25875
-25103
-26921
-23373
-26457
-29140
-29680
-27265
-18541
-28516
-27306
-26355
-19376
-15313
-22306
-17705
-17754
-9646
-8578
-8754
-3204
-6067
1689
-4497
7002
6425
6728
8542
5966
16034
11745
13127
15686
15766
19983
13985
19343
20497
22244
18846
18172
22534
20946
20872
18192
20381
19684
16032
19370
17058
16746
14233
15332
15842
10390
11912
13876
12082
8313
7869
11770
8454
6502
6959
8282
6662
3897
6650
5081
4207
3621
4598
3689
1015
2104
2594
819
-1555
-1960
-445
-1275
-3147
-4187
-4073
-4588
-7657
-8443
-8404
-8499
-10954
-13698
-14095
-16073
-16782
-17758
-19199
-22275
-23977
-22489
-24248
-24119
-27867
-24012
-26858
-26397
-27036
-28312
-22649
-26638
-24000
-25719
-20746
-16409
-20054
-17375
-19038
-10616
-9823
-9179
-6726
-4307
1530
-1550
4315
5070
8545
8538
9714
14202
13647
16577
17786
18325
18837
20027
23287
23510
22331
22619
24489
24750
24214
24725
26018
23999
23488
23324
22080
21513
21412
23239
19773
16222
17256
18696
19530
13967
11070
12868
13441
13386
9796
10172
8260
7242
7283
8337
7040
3340
4289
4332
3754
2914
2699
2199
-1926
-1477
17
492
-2181
-4117
-4515
-5114
-5614
-6091
-7966
-10043
-12133
-12651
-13450
-13870
-15227
-19921
-20675
-22006
-21448
-23850
-25920
-27451
-27310
-26850
-23401
-28855
-28646
-31038
-25422
-24211
-26718
-25659
-21682
-18209
-22076
-24488
-18143
-7925
-9446
-14935
-13183
-5081
5182
-797
-5619
-528
8903
15156
7682
7748
11083
17066
16242
17779
18054
20205
20497
20063
22430
21361
23394
24119
21007
20095
20220
24364
23792
20293
18255
18391
18721
20273
18467
17749
13004
14295
15205
16728
13401
10973
10985
9909
12033
9971
9754
8673
7749
7624
5316
5503
4694
3798
2872
474
17
737
1447
-892
-4529
-3550
-1807
-2001
-4722
-6081
-5361
-7584
-8293
-9258
-7202
-10458
-13369
-14996
-13160
-13571
-16282
-17921
-19340
-19372
-19146
-21108
-22943
-25043
-24090
-25061
-25535
-23806
-29916
-27429
-29150
-23429
-26458
-29454
-24943
-24584
-18614
-21800
-22708
-17867
-16426
-10762
-13646
-8311
-9440
-6991
-1532
-2386
3471
-1108
5671
7476
8178
11334
7914
15764
15176
15780
16131
15525
20031
18615
19916
17806
19974
21690
21565
21852
20403
23415
21449
21716
22474
19931
20409
19287
20407
18916
15474
16296
16595
15333
13574
11197
11619
10685
11030
10302
7848
6390
6191
6725
5185
3875
1737
1276
1300
131
-445
-1223
-1525
-2450
-4948
-4787
-4331
-4764
-7725
-9095
-8028
-9866
-10136
-11246
-12841
-15367
-16452
-16284
-19584
-20594
-20603
-22830
-23704
-24757
-25895
-27496
-26714
-28921
-27502
-24422
-29826
-28121
-30252
-21831
-25455
-28081
-22536
-24293
-17010
-19433
-19295
-16913
-13738
-7715
-11685
-5965
-3758
1087
-402
1189
7452
8288
11957
9845
14461
17493
16782
20763
21452
22007
23709
25898
28410
27327
27771
28760
28628
28533
28505
30493
29710
29064
26585
26897
28514
26981
25116
21824
22121
22597
22297
20027
17210
16290
16373
17071
12826
11063
10929
11590
10485
7758
7269
6848
5948
5442
4621
3585
2250
1546
425
332
-918
-1383
-2358
-4303
-5133
-4697
-4615
-5934
-9038
-8884
-7703
-8237
-10372
-12502
-12881
-14634
-14830
-14826
-16845
-18068
-19937
-19720
-21027
-21975
-23680
-23222
-24336
-18633
-23927
-25390
-26676
-21909
-17056
-24833
-21892
-20730
-15402
-13296
-15853
-14115
-14404
-4723
-4357
-4649
-4895
-1471
4181
2122
7027
6854
10555
12026
13236
16925
14803
18648
21848
21683
20272
20916
25709
26158
24462
23509
25654
26110
26466
26272
26055
26007
25297
24557
24813
23477
22382
22741
21761
18260
17034
18454
20385
14247
11916
12246
14405
14145
9145
6829
6148
8734
7809
4806
2477
3255
3707
1281
124
-1183
-1798
-3076
-4763
-4787
-5858
-6901
-7827
-8835
-9867
-10364
-10788
-11510
-13571
-13715
-14846
-14556
-16795
-18494
-17802
-20988
-19839
-23010
-23946
-23516
-28141
-24919
-28370
-27450
-29254
-24231
-25774
-31653
-28988
-28235
-20568
-29039
-26316
-25186
-22848
-14410
-20695
-18423
-17057
-10849
-7237
-8185
-4513
-4327
2513
2639
9889
5670
8877
9217
13780
21790
13386
13727
16800
22508
22595
17731
17934
19352
25755
24651
22109
17934
20259
22212
19392
19270
17067
17018
15441
15000
15886
13158
11983
13141
10267
8840
10499
11255
9073
5605
5897
5906
4542
4295
4542
3051
749
1501
2185
1947
-186
-1680
-1871
-2128
-1711
-1937
-3361
-4073
-5013
-5534
-5801
-6433
-6363
-7348
-9426
-10163
-9627
-10108
-13376
-13917
-16372
-16804
-17454
-20902
-19151
-24006
-22974
-24939
-26739
-24333
-28299
-27559
-30713
-24897
-27452
-31194
-29771
-26397
-20939
-29043
-25328
-22752
-19149
-15709
-19595
-14781
-12973
-8534
-6756
-6502
-2370
717
3601
1806
4479
8767
11801
12907
11736
15264
17606
19973
24001
20300
20934
22680
25612
26455
22670
23602
25026
24685
25220
25124
24482
24266
24040
23004
22920
21267
21825
21417
18890
17474
17644
18561
18953
16068
14356
13621
12898
15168
13076
11087
8780
8567
8998
7528
5841
2795
1446
491
1321
321
-1956
-3223
-5097
-3573
-3521
-5621
-7325
-9908
-9780
-8727
-10043
-10558
-12283
-13079
-13627
-13378
-13040
-14523
-16376
-16946
-17433
-17296
-19028
-19621
-22558
-22397
-22263
-22757
-25079
-24753
-19129
-27521
-25046
-25399
-18305
-19271
-24114
-18711
-21457
-11329
-14042
-14649
-12075
-10286
-636
-6034
48
668
5629
6838
5987
12120
9258
16821
15998
16326
16314
16801
23154
21943
21413
20503
21940
25451
23533
24654
24080
24379
24616
24478
25033
22982
22715
22462
21351
19908
17808
19441
18253
16299
13748
12813
14145
13715
11330
9926
7830
7696
7943
9010
5837
2265
2465
4246
3917
908
-757
-1520
-1770
-2780
-3190
-2910
-4534
-5062
-5890
-6476
-7055
-8563
-8670
-9704
-10988
-11513
-11114
-11446
-13462
-14196
-13174
-14425
-16497
-15284
-16585
-18697
-17402
-20311
-20220
-20046
-20111
-22351
-25188
-22728
-23811
-18978
-24808
-25615
-25772
-19329
-18415
-25980
-19987
-22706
-15416
-12353
-15657
-14543
-13737
-4731
-6126
-4373
-2741
1461
4489
3731
8131
7189
12376
12732
14673
16242
14938
19894
21367
19143
18690
19268
22123
21995
19309
19907
20937
19512
19354
18177
18543
17569
15593
15588
15277
14248
13824
12311
10887
10796
9031
9467
8750
6391
5512
3390
3397
2552
1324
-290
-1835
-2161
-1788
-3881
-6236
-6020
-6894
-7198
-8485
-9170
-8642
-10381
-10009
-10431
-10323
-10332
-9755
-9834
-10340
-10145
-10070
-9527
-10847
-12079
-12663
-10678
-12667
-14960
-15404
-15378
-15596
-17731
-18097
-19927
-20972
-19642
-21400
-23013
-25330
-22212
-22991
-21014
-20562
-24210
-19935
-23337
-14616
-19625
-18896
-14515
-15432
-7804
-12619
-10632
-9515
-4977
-193
-5001
1029
2036
7547
4970
6913
10397
11362
15339
10898
14832
17551
17080
19877
18679
20375
19450
21664
23450
21415
21005
22665
22994
21724
20856
21441
20739
19259
17808
18463
18172
16359
15955
14296
14332
13376
12385
12998
9912
7405
7175
7934
6551
3238
1877
2827
2554
1344
36
-1399
-1301
-529
-386
-1610
-3344
-2643
-1248
-2531
-3453
-4815
-3917
-3393
-3911
-4863
-5089
-4591
-4213
-6050
-8337
-5593
-5924
-8543
-9647
-10829
-12221
-12636
-14054
-16198
-17291
-16276
-18277
-18983
-18991
-22902
-20403
-19972
-18304
-17566
-22077
-20713
-23407
-13777
-17688
-19404
-14600
-15442
-8354
-8988
-8633
-8941
-4816
3173
-101
2867
3550
8075
8698
9344
11422
12270
16434
16499
17730
19662
19094
22879
23852
22773
21386
22995
26063
24753
23273
23544
22937
22900
23094
22969
21057
20290
20807
19812
18717
16253
16186
15549
12730
11802
9825
10399
9991
6245
5396
4638
4464
4109
997
171
655
-585
8
-2851
-4055
-4310
-4380
-4186
-6641
-5733
-5174
-5649
-5867
-5438
-3552
-3774
-3449
-3729
-2930
-4244
-5032
-4516
-6772
-7405
-6418
-5478
-10284
-9873
-10035
-9577
-12386
-14743
-14421
-15798
-12385
-17707
-17929
-17063
-19007
-18117
-20356
-14794
-20917
-18793
-19266
-16391
-10563
-18113
-15601
-15732
-8296
-7685
-11164
-9081
-8260
-1346
-2420
-3415
-1387
1284
4461
4547
7369
6504
8753
11269
12410
11939
12417
14999
17237
14772
14253
14844
16363
16940
15350
14699
15050
15330
14995
13869
14716
12957
12496
12306
12841
11745
10703
10552
9747
8650
7805
6746
6290
3825
3720
4457
1483
160
1034
1196
321
-1853
-2406
-973
-2167
-1911
-3981
-4587
-2721
-3733
-3628
-3597
-3478
-4596
-3374
-1891
-3238
-3913
-4223
-2447
-5251
-3813
-4874
-7255
-4824
-6575
-10335
-8932
-8434
-11845
-12377
-12222
-12534
-16852
-14276
-14829
-17626
-17659
-17517
-18267
-17225
-15294
-20072
-17323
-18897
-11673
-12439
-17134
-12842
-12660
-6171
-10335
-8874
-6823
-4945
1079
-2056
450
246
5663
5491
5958
7768
7787
12153
11362
10686
11578
13149
14980
14517
13842
14265
16541
18296
17459
15677
17004
17819
16555
16257
17528
16478
15434
15242
15482
14443
12873
12331
11368
9776
8672
8166
8642
8942
6871
5571
6993
7428
5126
4046
2136
2723
3083
1771
1186
-1463
1252
-647
-2528
-828
-1680
-1311
-3325
-2963
-2962
-2746
-2328
-4062
-4636
-3742
-3189
-4871
-5882
-4117
-4963
-6070
-5366
-8739
-7373
-7965
-8647
-11315
-11645
-10806
-11735
-11275
-14196
-14820
-14421
-12385
-15360
-12629
-14456
-15077
-13282
-15496
-9505
-13727
-12140
-13502
-10359
-5219
-9078
-5942
-7472
-3476
-735
-850
1297
2151
4120
3061
6679
9566
9400
8725
10224
12331
12072
11063
12458
12488
12501
11402
12182
14855
12996
12313
12716
13092
12814
12831
14249
12895
11853
13002
11925
12400
11358
10335
10197
8850
8675
6916
7592
6942
5997
5232
4133
4152
3267
2905
2413
504
1274
1515
1500
-249
-1524
-2100
-1138
455
-432
-3816
-4019
-2288
-1392
-3054
-5196
-5259
-5602
-4600
-4930
-6567
-7689
-7613
-6680
-8409
-7894
-10558
-11222
-11406
-13588
-11735
-13574
-13637
-15821
-15918
-15743
-18224
-16649
-17184
-14775
-18356
-19999
-20839
-15334
-14179
-19371
-16397
-15129
-10590
-10477
-10983
-9327
-8737
-4015
-3889
-1592
-1274
-252
720
2557
4426
5547
6121
5830
7079
7716
8457
8162
9496
8409
8498
9831
10069
11524
9840
10219
9867
10282
11188
11166
11968
10863
10468
11500
11734
11409
10384
10426
9861
8871
8282
8169
8083
6660
6135
4768
5182
5034
4464
2454
1073
1176
2345
1845
421
-419
-1760
-685
759
801
-101
-1185
-769
-920
419
250
-1572
-2983
-3200
-1785
-3712
-4393
-3962
-7341
-6784
-7321
-6527
-7784
-9894
-10432
-12717
-11689
-11114
-14218
-14640
-17591
-16020
-17950
-15843
-15233
-21358
-17477
-21237
-12895
-13253
-16514
-14274
-17665
-6880
-11420
-10664
-9330
-9160
-3175
-5564
-34
-3289
277
1482
1782
3844
2212
6191
4640
7180
7131
5391
8788
10827
10670
10082
10101
13726
15410
14327
14127
13240
15415
14581
14618
14259
11829
11482
11542
12353
10561
8952
8888
9149
9051
8683
7668
6731
5841
6438
6300
5138
4654
4338
4942
5059
3271
2741
3617
3703
3766
1941
1265
2251
2215
2139
1377
2405
1951
939
761
166
644
-927
-1191
-1255
-714
-2504
-1715
-2177
-3964
-5945
-6209
-7412
-8350
-8983
-11879
-12076
-15290
-13792
-14445
-15914
-16421
-20960
-13424
-20813
-17958
-20661
-21237
-11856
-18699
-14713
-18735
-13145
-8945
-13624
-8729
-11149
-4061
-3587
-3207
-343
-1214
1951
2125
7558
5689
6585
9425
10017
11463
10766
12401
13478
13420
14550
13439
13474
14730
14027
13276
12903
14046
12315
13136
14286
13579
14055
11354
12971
12287
12989
12044
9450
9656
8648
10254
9673
7672
5699
5558
5754
5410
5188
2738
1586
1199
2881
3480
975
708
751
-373
752
468
341
-1061
-1887
-745
-1822
-2686
-2670
-3106
-3839
-5126
-4602
-3524
-4842
-5241
-5611
-6269
-8033
-9947
-8372
-11594
-13529
-14717
-14972
-15927
-18344
-17446
-21948
-20560
-22409
-21284
-19861
-25998
-22543
-26681
-18570
-20043
-23668
-19225
-22172
-12827
-16091
-14490
-12514
-11219
-4392
-6163
-1622
-2279
1243
2428
4290
7280
6294
9888
9260
12314
12256
12007
14637
14613
14016
13872
14959
16312
16746
15173
14112
14687
15600
17477
14162
13344
12864
13282
14366
11776
10669
10138
10607
10243
8555
9119
8594
7432
5052
5610
6401
4952
2497
1870
2388
4156
2329
1519
563
930
2943
628
402
-1666
-1276
307
-2
-396
-1587
-227
-1322
-755
365
8
-772
-810
-676
-2174
-3162
-3741
-5223
-8154
-7458
-8928
-8564
-11465
-11228
-14485
-16350
-13820
-16995
-17387
-18870
-20423
-18685
-18732
-21194
-21778
-23772
-16611
-16537
-19402
-18570
-19067
-12302
-13145
-13277
-10967
-10875
-3762
-4050
-1486
-1787
2099
3053
5996
9541
9520
12141
11521
14150
16241
16083
18001
17174
18931
18201
17831
19503
19729
17945
17078
17311
18306
18354
17171
16703
15899
16030
17030
15599
14767
13130
13502
13195
11064
9795
9836
10435
7817
5844
7318
8455
7450
4515
4370
6458
5690
3459
2176
2661
5048
3204
1292
1340
2560
4056
1559
1345
765
1512
1112
-535
-1319
-1684
-1579
-2573
-2397
-2121
-3262
-4578
-4725
-4977
-4494
-6254
-7508
-9772
-10853
-10660
-13864
-14085
-16387
-17827
-18103
-18215
-15996
-23444
-22171
-24683
-19731
-15507
-22690
-21057
-21448
-14125
-12993
-14689
-13310
-13132
-3747
-3036
-1391
-961
1102
3537
6343
10668
7554
10627
12231
15085
16049
15653
18434
19071
19805
18308
18277
18771
20244
19523
18138
17191
17073
18117
17809
16744
13446
12889
12446
14251
12028
8951
8590
8538
10434
7443
6129
5650
5935
6328
3956
3410
3177
3719
3017
2309
1092
630
1620
1501
987
-1608
-2114
-1055
-178
-446
-2243
-2164
-1375
-565
-1729
-3800
-3647
-2903
-3330
-4440
-4760
-5121
-5101
-7363
-7602
-8988
-9146
-9936
-11594
-13423
-14704
-15170
-17619
-19563
-21888
-21628
-21868
-23899
-18924
-27094
-25481
-25483
-23247
-19231
-27342
-22533
-23844
-18755
-16046
-19651
-15703
-15909
-6811
-6439
-4393
-2259
-1132
2816
3142
9974
9316
9671
12396
13817
16181
15840
16865
17780
17024
17152
16279
18066
18391
16017
15179
14589
15846
16850
16672
14960
12191
12983
14248
13684
13009
10626
9831
8596
9113
8535
7123
7620
5000
3581
3616
4208
3941
1017
-304
586
1936
1721
-1026
-2411
-980
66
-1488
-2115
-1680
-1145
-2210
-3219
-2511
-2601
-2793
-4665
-4875
-3161
-2710
-3484
-4089
-4348
-4233
-5064
-5748
-7877
-10224
-9813
-11475
-12879
-14622
-16708
-16144
-18567
-21357
-21252
-23049
-19074
-23229
-28506
-26693
-26066
-17118
-23958
-25231
-23717
-22112
-11943
-16645
-16445
-16606
-11663
-5579
-5208
-979
-4523
-370
2144
7590
8571
8455
10447
10393
14948
16651
17750
19224
18604
19414
19829
22258
23973
22446
21681
20978
19457
21172
21468
21981
17709
16380
17684
18785
20217
15846
14762
13652
15260
15961
13974
13185
10382
9314
9724
10007
7834
6504
5842
4511
5060
5051
5237
3298
2555
3865
3285
3825
3739
3285
2147
1657
3687
4039
2599
505
593
1658
1627
-198
-2949
-3183
-3113
-2548
-5375
-8569
-9366
-9762
-10876
-11451
-14184
-15225
-17219
-17882
-17837
-21584
-21346
-24049
-18909
-23824
-29917
-26671
-26753
-17296
-25390
-27246
-26731
-20406
-11506
-20157
-18598
-16795
-7952
-3254
-4957
-2215
-1469
5182
7165
11075
13146
14456
16373
17468
20012
20080
20724
22692
20765
19043
19982
21179
23075
21275
19974
19275
20065
21419
20536
19151
15796
14547
14522
15311
15376
12658
9684
9859
9650
9037
7843
6796
5141
1295
2283
3733
3869
2246
-2036
-2128
549
2287
1354
-3758
-4400
-1846
324
269
-3945
-3826
-2923
-1042
-1291
-2202
-2024
-3750
-4081
-3859
-1907
-2392
-4149
-5177
-6392
-4200
-5803
-7912
-11445
-12756
-13141
-15306
-16585
-18520
-23568
-23628
-24519
-25316
-25331
-25722
-22690
-31966
-28797
-28016
-22606
-21097
-30487
-26774
-26167
-15082
-18580
-23923
-19299
-15696
-5336
-10186
-7019
-5885
-1237
1774
1784
7208
7822
10042
10592
13107
15388
15416
17641
18772
17737
17407
19175
22114
21840
17922
17353
17498
19517
18061
17163
15333
12481
12930
13813
14117
11812
7921
8581
8304
9437
6747
7485
7603
2017
2829
2165
6749
4567
528
-675
10
5393
3628
-724
-3307
-292
3491
2514
333
-2091
-1011
-234
1340
-110
-371
-615
-1646
-1839
-782
-684
-1952
-3608
-5202
-4116
-4533
-3941
-8453
-9561
-11357
-12631
-13962
-16056
-18758
-21959
-25049
-23548
-23883
-21895
-25240
-31894
-29860
-26562
-17887
-26560
-29282
-25392
-18378
-12347
-21829
-19890
-16594
-6927
-5260
-8503
-3919
-873
5817
3292
7485
9781
12679
13853
14932
18355
18653
20770
21999
22526
22106
21626
23227
25653
22857
20293
20383
21584
21908
19997
20353
17227
16680
16716
17292
16299
13475
11787
11168
11305
11601
9006
7592
7591
5756
6276
5106
4715
5244
4155
2992
1133
2688
5239
3347
363
-134
2787
3988
2971
742
96
1572
2598
3476
2497
268
-359
627
2761
833
-1692
-2559
-2262
-1926
-3624
-4737
-7611
-8732
-9751
-11690
-12442
-14134
-15997
-17575
-20391
-19997
-20491
-19148
-19511
-27332
-26520
-24611
-17043
-22908
-28488
-26108
-20289
-14026
-21104
-21202
-18078
-10042
-6294
-9494
-5294
-2677
3093
1818
5501
8894
10560
12203
13521
17377
18097
19203
20686
22955
22422
21335
23351
25934
24527
21356
21565
21881
22293
20115
19772
17794
15890
15198
15750
15960
13131
10833
10793
10553
10238
7908
7552
6008
7684
3897
4039
4349
2832
4252
-1064
1269
603
1199
1219
-3948
-1305
-282
111
-1506
-2255
-241
-1595
-2192
-1674
208
-1151
-2701
-2820
-3077
-1611
-3312
-4633
-4545
-6520
-6564
-8210
-8464
-10367
-11828
-12562
-15144
-17366
-19662
-19791
-23039
-25630
-25776
-24080
-24399
-30372
-31868
-28994
-21288
-25702
-31810
-30269
-19744
-15899
-23278
-25124
-19734
-11057
-9130
-13006
-10187
-5940
-139
-1478
1724
5616
7258
7784
9819
13896
14618
14447
16832
18491
17425
16899
20001
22158
20843
17341
17881
19821
20277
17996
17619
16327
13915
13485
14997
14315
10223
7870
7877
8159
7226
5534
4788
3669
3924
6594
2832
1965
1342
4177
4869
-335
678
1384
3679
2316
-1288
-269
-469
2382
1648
239
-737
-968
959
2483
2572
15
-747
1298
1173
1390
-738
-1416
-2169
-2748
-2598
-4744
-5481
-8599
-8793
-10716
-13908
-14979
-17310
-16510
-20141
-22994
-23233
-20985
-19352
-27436
-29321
-26657
-19053
-22422
-30698
-28104
-19388
-14377
-20623
-22571
-16323
-9002
-6692
-9642
-6629
-2720
2591
1969
5707
8321
9587
10506
13431
16617
16567
17339
19754
21486
19533
20237
22678
24584
22956
20533
22518
22841
23245
21439
21405
20166
17587
16365
17523
16865
13256
10774
12084
12461
10366
8081
8362
7256
6606
5622
1831
3837
3350
5989
47
-2205
821
4398
5505
-2279
-3280
-1164
4819
3401
-2913
-3237
-1356
1772
-1214
-2086
-2761
-3020
-1908
-1767
-1715
-2432
-3277
-2839
-3765
-3407
-4951
-5089
-6962
-9014
-9509
-11683
-10949
-16342
-16055
-17737
-20177
-19811
-23131
-18843
-27915
-26964
-26868
-19909
-21381
-29197
-26799
-21100
-12560
-20011
-23232
-18249
-9844
-5614
-11948
-7402
-3999
2793
1921
2722
6736
10910
12026
11876
15013
17545
18985
20048
22289
20742
21018
24194
26039
23988
20673
22980
23476
23584
20673
20562
19934
17695
16509
16328
16992
14811
11715
11719
11355
9586
7643
6749
6083
3318
4268
2289
2439
807
1442
2903
10
2017
937
2707
1507
1336
862
41
1334
437
1036
-462
-942
-1323
-430
-207
-2510
-3669
-2770
-2460
-2641
-4280
-4722
-3651
-4330
-4268
-7479
-6669
-7633
-7542
-10885
-14276
-16057
-17109
-16189
-19709
-23527
-25803
-23452
-20656
-26235
-31230
-31364
-23940
-21263
-29636
-32066
-26267
-17678
-18996
-24637
-20899
-14538
-6938
-9364
-9446
-6451
-542
2357
712
5257
6948
8886
8770
11645
13778
13265
14807
16854
17694
16834
17364
20323
21235
18773
17605
18607
20594
19476
17600
16751
14894
13931
13393
14627
12943
9777
9334
9608
9990
7450
6885
6668
6450
2875
1821
2988
4356
2899
-2016
-1713
350
3635
1863
-2892
-3738
-325
2801
356
-2755
-2063
507
563
-844
-443
-331
-665
-1788
-1105
-194
-1420
-2541
-3685
-3075
-3811
-4351
-5269
-7394
-8807
-9729
-10145
-12342
-15319
-15462
-17679
-18504
-20598
-20396
-18225
-24682
-26215
-27931
-21001
-19640
-28355
-28064
-26790
-14912
-17884
-23476
-21843
-15396
-4658
-10579
-10216
-7744
435
2934
240
4739
7474
12304
10047
11786
14069
15326
17662
17666
16886
16245
18429
22040
21798
18642
18599
20081
22361
20695
19629
19025
17214
16910
16060
17019
14271
11687
10958
10818
10257
8335
8229
7994
6560
4558
3879
4547
5253
4098
2867
1211
2044
4667
3853
381
-1551
-288
3030
996
-490
-693
97
603
-743
1044
520
440
-1222
-1146
256
443
-319
-2210
-2251
-2327
-1468
-2577
-4799
-6801
-8108
-7684
-9707
-11728
-14384
-14705
-17050
-17967
-19783
-19675
-19330
-20503
-20865
-25959
-23432
-22352
-18141
-21894
-25593
-22335
-17702
-12192
-18267
-18160
-14008
-6418
-3271
-6267
-2663
-744
5281
4921
6566
9518
12067
12376
12288
15336
16407
17399
18165
19367
18397
18205
20820
23208
21397
17602
17991
20953
21527
18389
16943
16453
16017
15143
15153
14637
11694
9699
10801
10380
9112
6360
8289
5391
3256
1904
4052
5534
1842
2486
-1016
2287
2201
3177
208
-3839
-1045
143
3226
-1337
-4438
-4056
-667
1205
-2230
-2908
-3289
-2052
-2283
-2617
-2820
-3916
-3946
-4493
-5460
-4792
-6425
-7107
-10454
-12445
-12944
-12914
-13759
-16702
-19599
-20279
-18315
-16881
-18771
-26884
-27381
-24388
-16834
-21905
-28235
-26305
-22936
-14837
-18838
-19247
-19003
-11094
-5448
-7532
-4917
-3649
3101
2757
6694
8269
11460
13660
14314
15593
15859
18955
19870
20379
18804
18483
20658
23163
21490
18672
18994
19892
20206
19356
19865
17435
15771
15368
16125
15795
13688
11202
10292
9652
9216
7533
7736
5018
2019
1435
2020
3677
618
-1608
-1713
-970
2073
606
-1533
-1874
-852
303
-971
-731
-1292
-2781
-2911
-2304
-2075
-1814
-2228
-3150
-3336
-2103
-2285
-2278
-3879
-4976
-4577
-4493
-4897
-7936
-9103
-8693
-10061
-11370
-14698
-15881
-17142
-18980
-19738
-22879
-23261
-21404
-22582
-27451
-28546
-27101
-19204
-22554
-27650
-27964
-22038
-13200
-19491
-20613
-18444
-9906
-4810
-7606
-5510
-4214
2853
3597
5323
7635
9739
12913
12627
16518
17490
17886
19794
20049
20680
19719
20956
22949
22011
19494
17867
19026
20692
18919
17313
15419
15568
15814
15963
16112
13596
11984
11353
12012
11691
9984
8221
6513
6077
6766
5817
5357
3245
2548
3518
2827
3775
479
1199
1520
1448
2512
485
1867
952
183
321
237
2093
817
-140
-743
-437
-348
-1493
-2593
-4195
-3644
-3915
-5145
-6291
-8714
-9279
-10696
-11957
-13089
-17038
-16636
-18400
-18877
-21804
-22456
-19522
-25360
-25625
-27662
-20533
-20780
-27696
-25609
-24264
-14958
-19206
-20941
-18157
-14399
-6029
-8731
-6547
-5095
102
2609
4076
7191
8625
11428
11187
14921
17683
18461
20192
21089
21941
22087
21941
25168
25074
22013
21808
21579
24006
22225
21256
19616
17375
17992
18101
18708
15393
12137
11313
11355
12561
8399
7081
6016
5831
5827
3131
3919
1598
2525
1733
-45
870
2433
3309
-419
-892
2056
3769
720
-1094
50
1537
32
-2331
-1658
274
234
-2963
-3508
-2095
-1257
-2753
-3713
-5052
-5583
-5781
-6741
-9619
-10631
-11541
-13849
-15258
-17709
-16912
-20562
-21241
-22605
-24427
-21804
-26160
-26113
-30715
-25833
-22294
-27176
-27556
-29062
-20362
-18776
-21878
-22385
-19409
-10688
-10396
-11165
-9727
-5454
-523
-78
3527
5701
7743
9164
11235
15457
16619
16807
17910
18922
20521
19989
21367
23426
21508
19966
19497
21504
21364
19928
19090
16577
16848
16377
17147
15919
12997
11243
10759
12133
10858
9480
7175
6463
5714
6721
6464
4669
2908
2828
3047
1195
1965
1139
-100
-1136
-1334
-443
-1442
-1279
-3097
-3296
-3495
-2699
-1813
-2136
-2955
-4153
-3139
-2091
-3448
-6141
-7510
-7759
-7479
-8859
-9791
-12100
-12923
-13792
-15368
-16575
-19542
-20776
-21396
-21224
-23457
-25769
-25050
-28670
-28013
-29962
-24605
-26338
-29376
-27828
-25957
-17015
-22614
-22890
-19626
-14039
-7938
-12745
-8725
-6341
924
1082
1847
5708
9111
11520
10086
13648
16107
18508
18920
19195
21075
21777
22428
24305
24145
21700
21575
22865
24640
22093
21108
19874
18844
18528
17748
17503
15199
13393
11678
11104
12046
10205
7305
5081
4852
6217
6238
3556
1129
2356
4241
3293
237
12
450
357
-110
-1219
-1017
-1248
-1031
-1555
-2064
-1476
-1873
-1441
-1633
-2375
-2520
-1669
-2412
-4169
-3882
-2413
-2910
-4319
-4629
-4843
-6441
-7161
-7751
-9267
-12832
-14322
-15308
-16235
-17479
-19541
-21728
-22133
-21415
-24315
-26209
-25962
-20269
-24452
-26385
-24842
-21076
-15388
-19889
-19505
-17975
-9077
-5869
-9799
-6201
-3069
2924
2406
6280
7355
9597
11404
11533
15675
16630
17484
17362
18320
19755
20075
21637
22886
20978
19992
20936
22769
23118
20768
20474
19339
19964
18593
17763
16825
16195
15741
13612
12891
12037
13112
13031
8019
6575
8529
10103
7780
3751
3864
5624
5313
3714
1512
698
2505
1936
997
41
6
952
-738
-1593
-2340
-2126
-1566
-3726
-5243
-4702
-3417
-4600
-6253
-6746
-5575
-6066
-6976
-8521
-8720
-9980
-11369
-12442
-14496
-16169
-19167
-19935
-19398
-21663
-21027
-22793
-27232
-25194
-27377
-21225
-22696
-28015
-26057
-25340
-15451
-20003
-23582
-20456
-14817
-6729
-10449
-9541
-7641
-1090
760
2093
4885
5293
11145
10578
12544
14795
16048
18363
17613
19639
19794
20943
24326
23787
20510
20311
22232
24226
21960
20129
19729
19135
19410
18166
18348
16059
14378
13017
12682
12742
9576
8732
7840
7190
5802
4668
3495
3739
2592
1967
650
1029
2086
816
-1536
-2459
-821
-702
-1803
-3877
-3782
-3528
-4288
-4567
-4440
-5266
-7128
-6945
-5579
-6013
-7816
-8534
-8334
-8100
-8386
-9129
-10171
-10459
-11162
-13106
-12704
-14551
-15784
-18590
-21009
-19232
-20692
-23416
-23348
-26902
-25888
-27586
-26979
-23643
-28875
-26532
-28411
-22989
-17795
-23114
-21836
-19299
-9761
-10089
-10337
-7217
-3773
1384
767
5475
6253
9315
11110
11915
16509
16350
17606
18732
19710
20369
19860
22652
24353
22723
20750
20984
23522
23135
21188
20199
19400
19702
18940
18951
17351
14787
14296
13298
13687
12433
9660
10845
8531
6571
7979
7106
7858
3727
3768
4512
3985
5285
1879
-263
764
2719
1497
-953
-309
157
-267
-942
-913
-876
-1710
-2716
-4116
-3406
-2373
-4580
-5269
-6014
-6053
-6548
-7366
-8251
-11457
-11947
-13237
-13667
-16393
-17525
-19555
-21744
-20887
-19494
-23775
-24044
-25421
-26061
-26300
-27630
-21799
-27552
-26239
-26370
-23240
-16946
-22422
-20479
-20297
-10146
-7490
-9268
-5979
-3412
3524
2824
7568
8412
11007
13566
14118
18745
20060
21376
20718
22826
25024
24032
24432
26549
25590
23850
23337
25629
25875
23407
22450
20764
21309
20851
20238
19075
16734
15118
13852
15787
14906
12023
9226
9290
10232
9173
8355
6122
5892
4470
4469
5276
4923
3401
644
1671
3210
4108
2335
-1045
-945
421
2036
-110
-1250
-839
-1221
-1046
-765
-652
-2304
-4314
-4151
-2894
-2731
-4637
-6746
-8669
-8514
-10211
-11802
-13447
-17024
-18300
-20781
-18885
-18513
-23398
-23180
-26630
-24971
-25671
-27736
-22453
-27660
-26107
-27056
-21244
-16405
-22994
-21092
-20177
-10474
-8151
-9910
-7923
-5695
2143
1036
4191
6153
8510
10199
9773
15744
16981
17952
18160
18766
21005
20897
23643
25052
23527
22722
22534
24841
25123
22054
21163
19706
20607
19956
19981
18614
14825
13884
12982
13705
11914
9103
9056
6297
6797
6919
6276
4351
2703
2824
1746
1708
2591
2583
12
-1562
-323
1826
1790
-923
-2919
-1429
544
-436
-2886
-3579
-3340
-3840
-4190
-4630
-5523
-6086
-7588
-7774
-8075
-7571
-9400
-11390
-12189
-13495
-14037
-15435
-16926
-20245
-22946
-21913
-20229
-23998
-24971
-28999
-29758
-27757
-27839
-24511
-31215
-30341
-28839
-23932
-19492
-25969
-25174
-20637
-11982
-11127
-12416
-8544
-4880
705
-571
3279
6469
10088
10450
10487
15067
18136
18659
18381
19240
20669
21561
22902
25062
23046
21000
22039
24474
24404
22055
21711
20064
19831
18686
19145
19120
16166
14281
13245
14139
13651
10260
9931
8303
7150
7111
5282
5303
2383
3444
2182
1153
2300
1928
1091
-539
-417
458
647
700
-748
-1589
-888
-1418
-2048
-2142
-2033
-3955
-4031
-2834
-4170
-4351
-5456
-5457
-6799
-5940
-8176
-9036
-9559
-10897
-12910
-15472
-15451
-17882
-19659
-20270
-20789
-22683
-21817
-25915
-26735
-27856
-24514
-22276
-29156
-26083
-26242
-18593
-19698
-23173
-19966
-16012
-7085
-10316
-9519
-6835
-765
1944
1929
7263
8614
10831
10312
13525
18422
18654
19427
19852
21509
23387
23313
26602
26242
23663
24306
26331
28028
24356
23569
23012
22240
21465
20178
20657
18017
15819
14589
14922
14536
11401
9748
10191
8772
7870
8366
6878
5739
2853
4839
4478
2336
2499
951
1170
2
-350
-216
-1370
-430
-1391
-1460
-1523
-973
-968
-2435
-2685
-3770
-1813
-2381
-4239
-4674
-4599
-4171
-5434
-6004
-7259
-9006
-9432
-9150
-11798
-14574
-15957
-17044
-17975
-20633
-19631
-22945
-22382
-23627
-28369
-27212
-27491
-21941
-28181
-29529
-26796
-22201
-17192
-23591
-22994
-19993
-10524
-8638
-11964
-9162
-6271
208
244
3984
5828
7701
9901
10852
14451
16436
17415
17833
18659
19820
20687
22365
24271
22585
20780
21088
23552
24112
21005
20102
19510
19915
19406
18554
18075
15277
13998
13120
13888
12987
9594
8519
8789
7657
6225
5843
3224
5033
3518
3359
2420
2473
4331
255
731
1019
1765
1691
208
586
-674
649
-278
-835
-885
-1344
-1427
-2560
-1285
-2836
-3878
-3809
-4718
-5484
-7084
-8133
-9925
-11123
-11545
-14752
-15665
-18379
-19753
-21352
-22370
-20640
-26060
-24493
-27896
-29249
-28209
-28022
-22819
-31106
-30135
-27829
-22061
-19975
-27416
-24987
-21247
-12317
-13308
-14733
-11609
-7127
-1829
-3027
1723
3302
5774
7040
8147
13120
14747
14665
14992
16757
19165
19167
21403
23620
20684
20201
21611
24671
23645
20669
20662
19154
19874
19238
19005
17338
14265
13550
12949
14040
12472
9278
9309
7692
9277
5988
6756
5752
3562
5720
1717
4691
2731
3534
2140
-1752
1744
1520
610
-906
-764
862
-1186
-1255
-599
-1015
-3659
-4370
-1896
-1429
-2579
-4902
-5201
-3498
-6181
-6632
-8550
-9683
-10992
-12709
-11280
-14463
-16981
-19428
-19469
-19399
-20868
-23352
-23085
-23819
-25410
-26810
-27662
-22305
-25397
-27940
-28084
-21313
-16643
-21195
-20886
-19105
-9582
-6390
-8852
-6850
-4817
3031
2519
6214
8743
9841
11951
12850
18114
18349
19164
19837
21437
23453
23254
24761
26088
25683
23190
22779
25448
25454
22378
21567
20949
20551
20006
20575
18678
15562
15045
14454
14392
12966
11283
10014
8050
7431
6389
6354
5415
3282
3080
2276
3561
3434
3272
1685
-438
2387
3004
2533
-146
-1041
260
-349
390
-1067
-2687
-3771
-4098
-3082
-3414
-4231
-6063
-6291
-5106
-5940
-7750
-8873
-10638
-11748
-12489
-13617
-14454
-16921
-17836
-20802
-21753
-19188
-22401
-21945
-25659
-28224
-26802
-26150
-20223
-28420
-29756
-27773
-19899
-16499
-23265
-22940
-20580
-10492
-9962
-12536
-10402
-6670
10
-1288
3486
6002
8121
10230
11227
15043
16267
17107
18753
18697
20176
19855
22354
24229
21727
19632
19916
22913
23016
20636
19842
18054
18528
19248
19358
17826
14205
13866
13415
12968
12439
9281
8241
6972
8803
7071
4761
3587
3705
5517
2644
1351
964
2684
2168
-1526
-1456
519
1732
-1310
-3211
-1721
-926
-1310
-2296
-2212
-2823
-3126
-3095
-4024
-5373
-6973
-6353
-6365
-8192
-10166
-10718
-10230
-12074
-14721
-15657
-15011
-17718
-21055
-22723
-19888
-21591
-22241
-26553
-29023
-25284
-25782
-21576
-29954
-28759
-27198
-22652
-17362
-25587
-22849
-20651
-10181
-8767
-11922
-9026
-6631
1226
69
3005
4346
8377
9826
9132
14199
16249
18185
18258
18766
20408
21138
23317
24781
22505
21107
22353
25021
24787
22004
21231
20571
20595
20054
20569
18348
14990
13225
14314
15515
12117
9781
10292
9949
8725
6519
6829
6687
5496
3991
2982
3907
4057
2879
195
217
1012
1245
359
-2032
-2338
-2443
-1771
-2341
-3586
-3611
-3968
-4684
-5242
-4872
-5521
-6884
-7433
-7079
-6704
-6923
-8295
-9351
-10694
-11959
-11300
-12910
-15574
-18229
-19718
-18978
-18543
-21362
-23426
-24413
-26489
-25160
-27251
-24276
-25801
-29320
-27004
-24366
-19082
-21901
-24299
-20552
-14841
-10158
-11705
-9594
-6384
-2055
-1074
2547
7534
8480
8949
9000
14262
19378
18941
18273
19034
20786
22854
23420
24247
22995
21361
22441
23591
24282
22800
22190
21745
19521
19802
21224
20798
17477
14561
14241
15191
15803
11697
9882
7981
8553
10125
7746
6485
3609
4721
5541
3735
3434
2285
2894
1458
1080
2095
1197
773
-645
-1105
-1715
-1463
-1101
-1304
-2593
-4248
-3295
-2743
-3453
-5601
-7513
-6622
-7314
-8349
-9895
-11370
-12060
-14723
-14600
-16986
-18003
-21139
-22366
-20113
-23062
-20200
-28133
-26730
-25896
-23851
-21832
-30318
-25614
-25442
-18574
-19356
-24549
-20648
-18870
-9983
-12814
-10913
-9657
-4570
431
-330
3486
5311
9506
9620
11087
15740
17935
18659
18644
19130
21933
23005
23972
24546
21846
23013
22814
25506
24669
22471
22024
20459
21197
19722
19800
18197
15106
14296
12717
13512
11914
9977
8834
6770
7363
6910
6051
4199
1846
2450
3638
2986
1608
-141
-3
208
-818
164
21
295
-1418
-1828
-1171
-1222
-1495
-2513
-2780
-3823
-3568
-3128
-3470
-5097
-7462
-6167
-7190
-7840
-10285
-11028
-12618
-14102
-15635
-17191
-19097
-21595
-22168
-22554
-24353
-23046
-27319
-30114
-29762
-29293
-25025
-30583
-30461
-29861
-25876
-20110
-26284
-24639
-22970
-15047
-11655
-13345
-11471
-9209
-1201
-1951
667
1979
6741
10186
8625
13029
14966
18702
19319
18422
21463
21691
24130
25199
24133
23219
22671
25208
25679
24344
23784
22886
22232
21562
22176
21286
18763
16902
15735
16144
14845
13416
12480
10222
8512
6816
8226
7815
5856
2745
2082
4267
5284
4248
811
386
1392
2839
2465
758
11
-654
916
1321
439
-894
-722
-1047
-1457
-1772
-1699
-2941
-4289
-5520
-6018
-5547
-7435
-9513
-11121
-9985
-12964
-13596
-16389
-17104
-18169
-20942
-19411
-24420
-22658
-22593
-26068
-26093
-30572
-23382
-24155
-26336
-27572
-28621
-20622
-19782
-21544
-22437
-19098
-10819
-10877
-9169
-9252
-4192
208
1463
4838
6187
10927
10655
12578
16883
17247
19850
19549
21420
22543
23176
26352
25744
24302
24148
24894
26868
25470
24980
22919
21834
22411
22325
22527
19762
17722
16691
16408
16704
14852
13281
11894
9951
10184
9526
9225
6926
4640
4882
5322
7146
4510
2206
1539
3404
4163
1074
116
-277
851
-79
-2137
-2088
-1086
-569
-3712
-4835
-4185
-3272
-4362
-6623
-8569
-7761
-7119
-9502
-12068
-13637
-13316
-14568
-16231
-19175
-20653
-20923
-22689
-23642
-26092
-25883
-28163
-28825
-30724
-30126
-25390
-29025
-27954
-30021
-25940
-20524
-23454
-21416
-21148
-14455
-10885
-9959
-8380
-7271
-1263
1960
4289
5849
9524
12084
12567
16617
18935
20683
21111
21063
23510
23243
25142
26788
25487
24932
24129
25967
27046
26698
24607
22574
22870
23434
23000
21440
19048
16536
15945
16769
15057
12839
10891
9512
9735
8306
8323
6252
4114
4466
3528
4762
3273
1185
-178
639
1622
1137
-145
-1138
-1242
-780
-1135
-3066
-3499
-2330
-3254
-4799
-5089
-5635
-6343
-7178
-7924
-8361
-9094
-9358
-11666
-12443
-12488
-14662
-16494
-17952
-18717
-21371
-23445
-22091
-25077
-25444
-26378
-28611
-27874
-31766
-26498
-27793
-28688
-27576
-29570
-23927
-24123
-21560
-22834
-20863
-14183
-12278
-10700
-10958
-5528
-3666
-80
3078
4836
8655
8475
11702
14579
17120
18240
17455
19031
20226
21782
23571
23850
23035
22231
23468
25225
25781
23547
21234
21247
21641
21529
20471
19543
18086
16583
16245
16049
15279
14420
11103
8495
8603
9396
8910
5218
2405
2344
4357
4157
1238
-1721
-1313
1422
1112
260
-1846
-1414
-473
144
-295
-1935
-1487
-497
-1290
-3064
-3345
-3708
-4361
-5579
-6372
-7032
-6874
-8183
-9884
-11772
-11793
-13457
-16002
-17186
-20257
-18809
-22046
-23276
-25512
-25096
-21753
-30418
-28812
-28269
-25399
-22182
-30679
-27259
-25483
-18667
-18121
-26317
-19443
-15158
-11451
-12356
-12755
-5861
-4615
-2573
622
4316
6458
6643
10733
11981
15479
17354
16917
23256
20373
20714
22408
23389
32483
22540
21865
22764
27144
31435
20261
20801
20628
24467
24264
20829
18519
13307
16171
17145
16902
11225
8129
10671
7378
9249
6549
5404
6721
3077
4878
3751
5226
4314
547
2326
2747
4041
3003
2263
2003
970
1434
1607
1274
811
-251
-1658
-2111
-1414
-2912
-4115
-4580
-6771
-6488
-7829
-8435
-10131
-12518
-13305
-15795
-15905
-18227
-20801
-22749
-22645
-23051
-26304
-25443
-27519
-27352
-29457
-28988
-25398
-27171
-26205
-28810
-25293
-22135
-23719
-21269
-20261
-15365
-13341
-11357
-9310
-6361
-2344
-489
2603
4613
8623
10155
10491
13569
17399
19114
19348
19508
21512
22114
23503
24381
22786
23657
23621
25098
25472
23648
22209
21416
22162
20361
18833
18043
17610
16155
14206
14075
12687
12575
11511
8883
9158
6748
6958
5911
4959
4880
1064
2640
3509
2457
1020
-1478
-128
1481
1815
-732
-1812
-243
348
-1151
-2351
-634
-238
-2324
-2827
-2976
-2309
-2724
-4769
-6427
-8324
-6739
-9440
-9588
-11092
-14588
-15721
-16355
-16878
-21159
-22031
-22029
-23760
-25212
-24483
-26363
-28650
-30795
-28619
-25492
-26787
-27270
-29816
-24801
-21615
-22827
-21921
-20190
-13762
-13814
-11482
-10159
-6584
-2545
-1943
1636
4529
9361
9405
10336
13901
15924
18729
19764
20567
21493
21542
23601
23962
23336
23785
23184
24844
23215
22602
21078
21162
20993
18179
18743
17973
18006
15615
13729
14475
12884
12655
10139
8511
7736
7104
7517
4879
4274
4732
4791
2800
1538
2039
2276
2700
-622
-1234
-553
187
754
-1991
-2743
-3194
-1286
-1099
-2866
-5622
-5753
-4612
-4361
-5331
-7068
-7869
-8361
-9792
-10363
-11937
-14185
-15528
-19079
-18788
-20805
-21433
-22323
-25888
-25038
-26284
-26728
-27896
-30749
-27294
-27796
-26918
-27519
-27625
-24548
-25683
-23012
-21074
-17904
-15440
-14476
-10822
-8948
-3459
-3612
-35
4753
8208
11392
8647
12669
15550
18507
20339
18963
20598
22234
24187
25119
23834
23424
24632
26247
26914
25057
23697
23575
24141
22291
21789
20799
20459
19457
17061
16798
15499
14530
12962
11108
9998
8774
7890
7891
5555
3534
2832
3505
4368
1487
-412
-292
2051
2960
1002
67
-92
1788
1920
173
-1169
-540
449
370
-1228
-2666
-3014
-2501
-2588
-4363
-5717
-6771
-6541
-8792
-9262
-11055
-12960
-14512
-16561
-16494
-18734
-17907
-22054
-20936
-22496
-24715
-24602
-28014
-22884
-26339
-24966
-25791
-26660
-20865
-23161
-19516
-21611
-17985
-13998
-11703
-8553
-9571
-5079
-3090
2771
4341
5279
7036
7948
13661
16162
17822
18763
18060
21013
23014
24403
24513
21860
22879
24224
25850
24691
22677
22990
22844
21964
20689
20738
20541
19229
16716
14703
14903
15162
13403
11141
8032
8269
8097
7944
6232
3487
3641
3760
4578
2408
1556
918
857
1424
149
676
84
-296
-736
-438
445
-685
-996
-1677
-1410
-2126
-3485
-4908
-5183
-5485
-7100
-8062
-8344
-8304
-10556
-11437
-13342
-13949
-16163
-18093
-20148
-20831
-20166
-23895
-24147
-24801
-26080
-27191
-29824
-25265
-27281
-27116
-27883
-27685
-23328
-23678
-21724
-22001
-17500
-14284
-13054
-10559
-8229
-4257
-4139
-554
2990
6262
8673
7851
11056
14071
16316
19086
19217
20108
19519
20877
24693
23811
22063
20947
22563
24940
23784
22742
20333
19842
19450
20055
19879
17298
15444
13572
13897
13024
12421
10791
8424
7448
7627
7690
6236
3855
3191
3669
3961
3599
1612
1538
2448
3131
2891
2469
2521
2102
2282
1783
390
902
1102
775
-799
-1500
-1279
-2088
-2731
-3561
-4804
-6004
-7400
-7501
-9257
-10815
-13016
-14632
-14781
-17930
-19426
-20876
-21345
-22785
-24245
-25126
-26542
-27702
-28949
-26209
-28011
-27468
-28340
-27437
-24306
-25444
-22770
-21779
-18450
-16066
-14336
-10717
-7721
-5573
-4712
-606
3741
8058
8125
7554
10847
14032
16257
17774
18444
19076
18842
21689
24769
22973
20797
20162
23042
24618
22843
21314
19491
19579
20534
20722
19525
17293
15334
14947
15689
14526
12428
11364
9860
9372
9107
9317
7997
5399
5072
5225
5305
4436
2637
2439
2250
2471
2098
1974
2007
483
525
324
-88
-313
-593
-838
-2085
-2458
-2074
-2254
-3852
-4471
-4817
-5272
-5859
-7586
-8999
-10283
-11989
-13363
-15438
-17405
-19466
-21096
-21155
-24997
-25541
-25516
-27638
-28468
-31801
-28967
-27644
-27709
-27234
-29837
-25945
-24166
-21420
-21103
-20792
-17706
-14958
-9958
-8789
-6181
-6541
-4096
2317
5534
8608
5237
8266
13311
16046
18184
17568
18637
18935
21006
25705
24434
21988
21381
23977
26471
25915
25210
23122
22525
22437
23437
23329
20665
18640
16737
17436
16254
13973
13191
10424
10733
8042
7101
6885
5729
5625
3224
3242
2470
4362
4153
1585
-927
-192
3458
2788
771
-2062
-1841
-332
149
679
-1717
-2985
-3421
-2080
-2002
-4050
-5661
-6613
-6141
-7847
-7811
-9776
-11107
-14079
-16015
-16051
-18031
-19178
-22746
-23538
-24993
-24501
-23600
-28158
-27817
-30614
-28090
-26174
-27233
-25564
-29327
-24190
-23552
-21897
-20530
-20107
-16566
-15021
-10971
-10095
-6335
-4660
-3876
241
2922
8389
7537
9299
12208
12962
17241
19331
20725
19271
19215
23398
25866
24730
22671
22091
24404
25780
25194
23050
20906
20129
20605
21379
19632
17170
14883
14735
14325
11509
10987
9160
7722
6345
4866
6113
4527
3208
2162
1383
2449
1422
1433
432
125
77
126
77
-502
-915
-978
-1338
-1276
-863
-707
-1444
-2310
-2821
-3060
-2896
-4138
-5374
-6824
-7350
-7920
-8901
-10614
-13241
-14191
-15253
-16414
-18091
-19460
-19566
-21624
-21996
-22220
-23660
-24318
-25919
-25922
-23982
-24938
-23647
-25174
-23562
-20314
-21091
-18321
-17386
-14778
-12928
-10932
-7388
-4969
-2885
-3439
1111
3048
7456
7968
8980
12792
12183
15859
18474
20239
20447
18452
21875
24444
24875
23773
21906
23053
24187
24779
23483
21929
20150
19995
20646
19108
18310
15448
15243
15127
12649
12200
10818
10325
8757
6776
7479
6779
6568
5543
3680
3791
3708
4045
3672
2410
2121
1769
1846
1488
1244
1582
869
-1369
-1650
-462
-488
-1732
-4329
-4961
-4298
-4553
-5180
-7305
-8981
-9425
-10163
-10297
-11644
-14461
-16866
-17253
-18083
-18866
-21102
-23279
-23322
-23707
-22761
-26281
-26549
-27601
-24659
-24697
-26071
-25422
-25377
-21495
-21890
-21151
-18602
-15626
-11911
-13125
-9696
-6145
-2741
-2253
-341
3349
6605
9181
10471
13250
14995
16336
18710
19999
21510
21088
21878
23222
23449
24099
23404
22332
21426
21914
22706
21173
19295
18573
17776
17587
16873
15291
14258
12212
11114
10149
9944
8708
6783
5023
5047
4317
4415
4193
3030
2955
1871
2180
2402
2844
1969
131
139
1571
2525
1855
382
-711
-877
-294
36
-1267
-4187
-5275
-4489
-3730
-5022
-8454
-9980
-10147
-10392
-11297
-13592
-14904
-17351
-17572
-18970
-19309
-21905
-23656
-23920
-23374
-23841
-27329
-26704
-26271
-24086
-26180
-25725
-24449
-23943
-20241
-22035
-19554
-18242
-13673
-11119
-11632
-8108
-6297
-2370
-1646
1322
2822
5014
8062
10242
13192
12668
14935
18116
19055
19833
19374
21857
22303
21682
22801
23079
23304
21680
22331
22467
21852
20611
20064
19725
18055
17839
16492
15890
14449
12520
12060
12056
11210
9596
7757
7500
6371
6137
5761
4161
3952
3805
4277
3621
3047
3163
2647
3068
3021
2382
1574
1317
1069
802
-125
-1146
-2251
-3075
-4067
-5130
-6055
-7041
-8866
-10332
-10463
-12343
-14362
-15822
-16399
-17169
-19999
-19056
-22015
-22822
-23924
-23049
-22489
-27797
-26510
-27024
-21216
-23419
-25201
-23648
-22290
-16788
-19286
-18193
-17783
-13202
-8473
-9226
-6819
-6046
-1114
-87
2562
4237
5609
8721
10352
13333
14124
15013
17643
18375
19861
20307
21452
23390
22166
23196
23226
23488
23175
22394
23674
21980
21398
20291
20921
20538
18176
16420
15322
15098
14047
12366
10831
9780
9637
8598
7724
7239
5504
5438
4493
5348
5450
5174
4369
3671
4475
5166
4941
3665
3284
3588
3557
3527
3604
2557
793
-319
287
-387
-2645
-5159
-6181
-6537
-7800
-9586
-11408
-12088
-14030
-15017
-16115
-17705
-17763
-20276
-21003
-22779
-21277
-20440
-23686
-24140
-24982
-21335
-21281
-22712
-22434
-22304
-18328
-17788
-17441
-16783
-14741
-11367
-10171
-7630
-6487
-4010
-1983
-34
3217
4185
7179
7887
11316
12497
13077
15953
16666
17960
18163
19691
21346
20954
21408
21575
21232
21602
21793
21680
19918
19192
19140
18562
17165
15944
15221
14516
14307
12866
11588
10770
10115
9419
8205
8407
7160
6638
6060
6127
5657
3578
3745
2886
3159
2176
1314
881
483
648
-226
38
-1393
-2016
-2654
-2774
-3396
-5086
-5672
-6890
-8015
-8645
-10242
-11808
-13170
-13874
-15384
-17135
-17715
-19481
-19297
-20512
-21723
-23935
-23454
-21456
-22738
-26142
-26527
-23930
-21473
-22397
-25477
-23697
-21218
-18271
-17829
-18634
-16258
-14382
-10073
-8625
-7236
-5848
-4005
-1839
344
3469
3904
6199
7296
10034
11046
11948
14486
14783
16101
16154
18227
19449
19300
19665
19396
19636
20285
20714
20521
18843
18724
18011
18099
17747
16505
15238
13998
14257
13513
12347
11025
10211
9871
9270
8647
7939
7098
6400
5390
5364
4842
4536
4400
3115
2195
2057
2245
2044
900
341
-159
-494
-1451
-1777
-2645
-3792
-4815
-6060
-6809
-7952
-8950
-10797
-12016
-13009
-14156
-15431
-16758
-18927
-19802
-20294
-21236
-21392
-23584
-23758
-24681
-23114
-24098
-24946
-24473
-22800
-20622
-23157
-21633
-21448
-17927
-17041
-17461
-15376
-14127
-9087
-9311
-7293
-5754
-2842
-984
-190
3171
4252
6934
7408
9653
10827
13033
14924
15355
16530
17178
18722
19603
19795
19755
19772
19674
20227
19374
19160
18138
17655
17780
17098
17378
15997
15983
15151
15130
13931
12771
11565
11887
11383
9940
8754
8688
8752
8194
7754
7525
7099
7062
7146
6375
6231
5243
4954
4391
3648
3371
2363
1876
808
532
3
-391
-1323
-2325
-2979
-4013
-5351
-6589
-7320
-8561
-10137
-11809
-13216
-14946
-16010
-17546
-17772
-19854
-20133
-21662
-21646
-21713
-21148
-21074
-22821
-21294
-20671
-17896
-18575
-19284
-17560
-15433
-11517
-11172
-11195
-10550
-7839
-3902
-2878
-1445
-378
1950
3368
5500
6618
7380
7956
9374
11699
12915
13331
14073
14966
15736
16261
17023
18258
17585
18438
17919
18187
18595
18445
18879
17288
16894
17018
16666
16134
14451
13667
12810
13239
12883
12162
11545
10625
11205
10011
10066
8849
8389
8530
7551
7074
6034
6347
5910
5515
4890
3771
3288
3058
2769
1261
130
-649
-1079
-1594
-2899
-4191
-5566
-6264
-7627
-8917
-10969
-12102
-13434
-14016
-15612
-17376
-17838
-18990
-19029
-20522
-21317
-22537
-23219
-22360
-22663
-24092
-24123
-22533
-21415
-20918
-22694
-21553
-20008
-18442
-16431
-17527
-16024
-14268
-12062
-10500
-10784
-8951
-7970
-5801
-2660
-832
-1737
-1179
2740
5730
6379
6148
8233
9860
11439
12925
12956
14412
14743
15919
16419
16101
17852
17228
16735
16560
16428
16352
15772
15030
14081
12994
12798
12879
11833
12007
11296
10633
10837
10225
9970
9082
8463
7997
7025
6774
6747
5730
5590
4915
4669
4780
3874
3012
1769
1523
823
-408
-700
-1607
-3229
-4438
-4844
-5511
-6887
-7694
-8618
-10314
-11573
-12054
-13429
-14575
-16217
-17275
-16836
-18045
-19402
-20285
-20428
-19920
-20889
-20554
-21113
-20466
-20026
-20107
-19777
-19149
-17991
-18780
-17333
-16439
-14732
-15251
-14230
-12093
-11712
-10328
-10443
-8464
-6270
-4666
-3712
-3902
-842
903
2449
3654
4920
6341
7802
10316
10288
10833
12871
14536
15339
15811
17075
16437
17058
17784
18289
18461
18037
18302
17258
18597
17843
17161
15816
14633
15405
13704
13786
12847
12208
12440
11634
10907
9443
9574
9273
8798
7560
7283
6899
6101
5983
4735
4598
3399
3327
3811
2369
1569
478
55
-556
-2467
-3646
-4739
-5080
-5866
-6659
-7590
-8579
-9566
-10693
-11254
-12544
-12461
-12619
-12886
-13222
-14185
-13868
-13417
-13466
-14083
-15237
-15473
-14697
-14060
-14360
-15052
-14979
-13999
-12905
-13003
-13074
-12755
-11959
-10429
-9621
-9541
-9118
-8671
-6685
-5662
-4778
-3810
-3191
-2234
-892
1060
2064
2786
3688
5288
6908
8449
9308
9573
10204
11548
12986
13904
13539
14682
15023
15881
16755
16246
16364
16037
16954
17804
17388
17336
16109
16588
16459
15602
15317
15193
15621
14216
12924
11789
11249
10657
9472
8532
7208
7632
6922
5181
3997
2925
2978
2342
1842
-192
-1452
-987
-1803
-1987
-3083
-3922
-4638
-4852
-5369
-6953
-7942
-7463
-8210
-9305
-9249
-10796
-11178
-11000
-10607
-11934
-13018
-12560
-12355
-11339
-11260
-13026
-13158
-11571
-11098
-11749
-10755
-10983
-9940
-8299
-7936
-9648
-10080
-8396
-8352
-8261
-7417
-7703
-7689
-6053
-5762
-6453
-6666
-4536
-2666
-2756
-2215
-1662
-1890
-379
2242
2682
1971
2426
3919
5445
5063
4546
4750
7352
8597
7631
7630
7975
9179
10715
11022
10486
9725
11117
12057
11356
10320
10135
10985
12079
12137
10436
9567
9488
10193
9746
8551
8162
8467
8659
8688
7054
5571
5281
5888
6790
5686
5162
4382
2707
224
-1424
-1811
-1308
-2720
-4390
-5012
-5369
-4740
-5316
-7662
-9435
-8965
-7530
-6982
-7639
-8801
-10169
-9466
-8614
-8953
-9708
-10377
-10566
-10121
-9733
-9768
-9601
-9175
-8941
-8705
-8817
-8892
-8957
-8707
-9223
-9425
-9310
-8905
-8631
-8345
-7686
-7805
-7610
-7535
-7199
-6555
-6439
-5999
-5581
-5078
-4958
-4281
-3588
-3301
-3000
-3208
-2534
-1768
-588
216
1006
1768
2491
3537
4126
4380
4572
4760
4716
4819
5445
6008
6164
6332
7220
7716
7193
7041
7284
7291
7063
6695
7064
6563
6169
5661
5417
5677
5045
4721
4496
4613
4261
4326
4071
3091
2572
1953
1797
940
492
462
259
-195
-592
-922
-1055
-758
-1220
-1534
-1394
-1440
-1590
-2244
-2408
-2643
-3022
-3028
-2907
-3325
-3246
-3177
-2729
-2857
-2833
-2335
-2146
-1780
-1685
-1877
-1750
-1621
-1583
-1437
-1745
-1721
-1793
-1758
-1985
-1642
-1397
-1342
-1269
-1081
-823
-526
-171
-90
703
936
1192
1494
2034
2642
2716
2814
2964
2952
3305
3657
3924
3864
3882
3883
3890
4104
4059
3608
3432
3367
3245
3071
2845
2664
2598
2858
2415
1707
1098
656
674
1256
1398
586
-55
-217
-454
-493
-1055
-838
-703
-382
-88
-453
-1027
-2232
-1928
-2576
-3002
-3021
-3541
-3437
-3053
-3053
-3352
-3366
-3311
-3236
-2992
-2836
-2523
-2635
-2127
-1769
-2286
-2218
-2226
-1699
-1678
-1913
-1882
-1238
-613
-500
-349
-443
-74
303
338
735
692
749
1238
1675
1764
1539
1886
2622
2871
2725
2836
2932
3252
3051
2579
2624
2611
2862
2825
2540
3090
3613
4100
4084
3719
3905
4512
5034
5257
5094
4949
5353
5274
5083
4187
4137
3953
3408
3198
3091
3071
2734
2128
2057
1807
1456
632
-490
-459
-302
-266
-1494
-2013
-1957
-1732
-1939
-2504
-2638
-2322
-2114
-2218
-2358
-2847
-2822
-3167
-2872
-2562
-3279
-3355
-3175
-3258
-3325
-3431
-3075
-2861
-2754
-2693
-2450
-2057
-1827
-1406
-1420
-1286
-1734
-1874
-1533
-1505
-1510
-1960
-1709
-1578
-1278
-1431
-1607
-1720
-1497
-1179
-1360
-1157
-984
-104
123
-4
-67
-335
-144
-64
-213
-135
-395
-401
-74
-388
-95
307
364
657
801
864
1448
1523
1631
1759
2205
2495
2307
2495
2095
2077
1893
1911
2032
2267
2355
2018
1933
1695
1340
1268
1343
903
241
159
104
-154
-940
-1794
-2550
-2634
-2645
-3171
-4222
-4769
-4438
-4230
-4677
-5053
-5131
-4885
-4524
-4464
-4591
-4602
-3685
-3355
-2852
-3021
-3128
-2987
-2482
-1744
-1355
-1273
-722
-614
-157
7
51
263
611
1162
661
565
1034
1622
1648
1546
1463
1569
1570
1973
2133
1693
1675
1904
2307
1941
1638
1358
1277
1830
2037
1820
1771
1642
1540
1797
1666
1469
1437
1870
1932
2076
2460
2692
3301
3577
3118
3058
3470
4268
4460
4478
4726
5380
6309
6525
6966
7015
7174
7285
7031
7190
6712
6175
6218
5832
5480
4910
4628
4419
4277
3640
2924
2598
1407
854
356
-557
-1060
-1721
-2115
-2777
-3382
-3754
-4085
-4091
-4763
-4857
-4759
-4854
-5368
-5386
-5257
-5688
-6054
-6512
-6550
-6927
-7406
-6855
-6933
-6974
-6844
-6348
-6361
-5732
-5183
-4983
-4560
-4139
-3315
-3157
-2554
-2049
-1523
-1273
-1224
-858
-357
-202
0
212
551
939
995
1089
832
569
673
912
1129
919
813
824
651
677
843
1199
1129
1448
1719
1961
2265
2389
2579
2722
2615
2505
2484
2564
2173
2135
2002
2388
2640
2608
2824
3132
3475
3826
4333
4312
4366
4248
4283
3993
3720
3139
2281
1591
1375
1028
443
-254
-746
-1482
-2544
-3371
-4167
-4811
-5377
-5760
-6320
-6672
-6579
-6844
-6766
-6943
-7154
-7084
-7120
-7205
-6975
-6754
-6388
-6478
-6558
-6467
-6105
-5344
-5034
-4545
-4414
-4152
-3443
-2878
-2510
-2231
-1771
-1412
-852
-252
268
1022
1034
1318
1798
2355
2574
2548
2223
2537
3216
2997
3137
3083
3013
3175
3235
3079
2714
2618
2602
2703
2651
2690
2669
2964
2851
2757
2855
2988
3496
3799
3877
3885
3918
4015
4162
3789
3957
4117
4612
4675
4926
4719
5184
5686
5789
5968
5651
5476
5001
4247
3479
2936
2416
1863
1226
950
641
338
40
-239
-807
-1420
-1878
-2134
-2344
-2769
-3133
-3741
-4095
-4299
-4364
-4510
-4586
-4753
-4925
-4618
-4605
-4815
-4862
-5238
-5682
-5413
-5217
-5256
-5354
-5244
-4830
-4357
-3529
-3125
-2567
-2457
-2572
-2262
-1935
-1736
-1324
-1136
-1176
-703
-667
-328
-457
-376
-467
-278
-80
-466
-641
-126
164
208
628
628
911
857
923
1064
1355
1489
1851
2136
2339
2560
2558
3014
3173
3206
3439
3441
3937
3878
3739
3699
4032
4538
4636
4968
4809
5252
5287
5395
5124
4892
4954
4976
4989
4865
4668
4442
4024
3441
3030
2617
2415
2009
1485
1230
1185
547
331
-215
-841
-951
-1196
-1328
-2004
-2541
-2657
-2869
-3255
-3260
-3322
-3168
-2834
-2759
-2560
-2503
-2218
-1888
-1458
-1184
-641
-149
195
803
1123
1257
1365
1712
2058
2072
1757
2173
2280
2170
2065
2048
2100
2008
1957
1694
1360
1524
1667
1819
1715
1931
1711
1659
1415
1097
1028
478
432
110
11
-84
-228
68
183
172
359
643
629
784
945
1120
1282
1343
1625
1690
1477
1211
1392
1574
1980
1785
1857
2449
2355
2324
1885
1198
622
69
-110
-775
-1385
-1763
-2297
-2604
-3089
-3384
-3448
-3645
-3817
-4353
-5020
-5244
-5310
-5656
-5984
-6440
-6293
-6219
-6316
-6044
-6445
-6099
-5845
-6139
-5969
-5985
-5912
-5422
-5106
-4780
-4368
-4170
-3891
-3806
-4010
-3967
-3868
-3524
-3415
-3712
-3913
-3736
-3648
-3898
-3620
-3762
-3985
-3709
-3635
-3666
-3654
-3785
-3723
-3570
-3460
-3217
-2761
-2412
-2403
-2164
-1658
-1407
-1132
-692
-835
-774
-985
-484
-346
-249
-76
266
746
936
1192
1273
1621
1972
2210
2831
3323
3585
4047
4238
4896
5139
5479
5968
6144
6243
6475
6511
6572
6053
5544
5328
4936
4956
4633
4198
3884
3412
3067
2574
2093
1305
558
84
-449
-888
-1346
-1510
-1438
-1308
-1277
-1509
-1589
-1482
-1487
-1662
-1440
-1250
-1096
-996
-1305
-1522
-1467
-1278
-1083
-916
-840
-469
-280
-392
-330
-111
-129
344
666
504
412
551
829
768
889
873
1069
1211
1014
945
936
938
449
-9
-293
-615
-900
-1397
-1582
-1933
-2079
-2046
-2064
-2148
-1833
-1470
-1364
-1059
-1001
-601
-193
343
887
1191
1350
1448
1904
2601
3060
3275
3502
3953
4180
4211
4538
4584
4526
4448
4425
4539
4519
4314
3898
3813
3527
3390
3352
3082
2848
2843
2810
2772
2946
2875
2780
2333
2260
2104
1894
1416
1047
838
517
119
98
-140
-119
-139
-489
-348
70
34
131
307
307
394
380
525
246
430
476
758
841
729
824
753
914
749
757
917
895
884
731
581
337
52
-125
-254
-372
-227
-383
-295
-206
-236
193
175
-16
278
382
275
162
184
145
32
-280
-405
-183
-183
-209
-58
295
258
439
619
402
412
81
24
-163
-402
-313
-207
-316
-267
-446
-838
-1148
-1317
-1736
-2424
-2747
-3025
-3361
-3044
-3056
-3217
-3439
-3386
-3366
-3531
-3351
-3027
-3079
-3128
-3352
-3500
-3410
-3785
-3672
-3695
-3742
-3603
-3387
-3341
-3024
-2941
-2676
-2591
-2263
-2140
-2145
-1887
-1832
-1740
-1546
-1358
-1341
-1117
-1289
-1451
-1369
-1170
-1073
-798
-748
-727
-697
-785
-775
-731
-1023
-1320
-1515
-1618
-1776
-1773
-1878
-2194
-2687
-2745
-2617
-2852
-2773
-2772
-2410
-2279
-2284
-2362
-2291
-2473
-2341
-2145
-2042
-1739
-1391
-988
-853
-755
-1084
-1100
-1256
-1205
-1285
-1639
-1773
-1893
-1846
-1512
-1505
-1644
-1644
-1559
-1277
-1192
-1610
-1442
-1278
-934
-902
-529
-356
-291
-14
-129
47
59
-199
-558
-757
-906
-819
-1058
-1000
-830
-880
-693
-621
-487
-600
-509
-245
-213
8
51
-111
-96
-5
318
673
1180
1576
1949
2509
2509
2812
3191
3463
3562
3530
3562
3570
3760
3814
3707
3320
3033
2836
2528
2222
1837
1503
1369
1604
1412
1331
1494
1479
1201
806
648
387
222
182
176
6
-222
-200
-306
-341
-571
-1011
-1197
-1391
-1659
-1819
-1897
-2031
-2254
-2421
-2683
-2669
-2781
-2989
-2755
-2598
-2137
-1986
-2013
-1911
-1774
-1622
-1327
-1155
-944
-1016
-1089
-1260
-1403
-1503
-1907
-2413
-2368
-2549
-2618
-2615
-2614
-2368
-2315
-1854
-1772
-1304
-754
-257
339
761
1160
1510
2344
2958
3018
3375
3641
4247
4501
5126
5358
5392
5483
5556
5584
5588
5644
5618
5690
5770
5688
5645
5914
5735
5605
5638
5191
4867
4966
4642
4255
3803
3526
3458
3277
3182
2967
2772
2442
2001
1567
1147
692
325
97
-86
-446
-897
-1172
-1653
-2105
-2280
-2193
-2172
-2086
-1610
-1346
-949
-657
-716
-139
-194
-457
-252
-247
-239
-148
19
142
258
-50
-187
-193
-176
-600
-660
-629
-1047
-1075
-1083
-1296
-1271
-1000
-888
-658
-608
-579
-314
-414
-334
-440
-619
-1039
-1179
-1396
-1297
-1030
-847
-929
-1181
-988
-840
-1072
-1309
-1158
-1225
-1177
-833
-748
-358
163
164
84
244
291
41
335
340
442
646
601
694
506
504
406
674
831
1133
1096
880
1147
636
211
180
209
225
131
-214
-493
-890
-934
-1236
-1774
-1906
-2153
-2287
-2234
-2352
-2698
-2883
-3184
-3266
-3248
-3591
-3655
-3638
-3567
-3595
-3550
-3160
-2983
-2928
-3195
-3271
-3248
-3314
-3262
-3183
-3150
-3387
-3492
-3699
-3824
-3957
-4163
-4032
-4059
-4033
-3856
-3534
-3304
-3462
-3285
-2783
-2470
-2505
-2426
-2178
-1858
-1626
-1521
-1372
-1571
-1585
-1487
-1457
-1293
-1325
-1239
-1330
-1183
-850
-528
-772
-747
-568
-300
172
67
203
471
574
907
1088
1290
1763
1792
2031
2340
2529
2731
2761
2909
2697
2668
2612
2824
2772
2545
2572
2341
2161
1726
1691
1566
1372
1282
1396
1650
1908
1943
1959
2020
2310
2364
2394
2488
2358
2379
2371
2419
2251
2115
2091
2078
2207
1954
1848
1710
1760
1815
1818
1652
1376
1331
1046
1073
1104
870
700
309
112
-37
-234
-280
-179
29
-385
-187
18
154
324
345
51
-123
-395
-529
-542
-522
-532
-624
-452
-952
-1258
-1321
-875
-766
-705
-798
-746
-477
-291
-41
121
78
-39
59
400
622
742
1228
1284
1503
1488
1473
1612
1349
958
850
406
227
74
-355
-585
-807
-1275
-1222
-982
-1086
-1077
-1254
-1033
-933
-822
-1053
-1160
-1059
-940
-846
-983
-761
-712
-511
-407
-254
-372
-301
-3
100
290
836
1121
1306
1661
1822
2042
2273
2521
2370
2438
2268
2130
2067
1948
1881
1986
1951
2073
2156
2415
2439
2595
2577
2524
2735
2380
2129
1746
1573
1396
1229
1170
852
756
457
533
863
482
310
381
571
568
430
438
359
247
522
539
666
1250
1624
2017
2203
2239
2025
2150
2484
2658
2671
2352
2726
2750
2768
2796
2575
2782
2882
2578
2390
2468
2307
2506
2487
2134
2102
1646
1628
1514
1288
1075
940
965
932
863
820
514
-95
-82
-45
123
242
216
167
45
-381
-596
-392
-893
-764
-912
-675
-683
-648
-515
-585
-484
-643
-606
-934
-1161
-1205
-1060
-1339
-1649
-2115
-2435
-2487
-2272
-1968
-2304
-2466
-2774
-3026
-3151
-3097
-3227
-3469
-3484
-3460
-3240
-3227
-3370
-3517
-3719
-3649
-3296
-3303
-2928
-2691
