-134
-339
-505
-453
-562
-785
-420
-476
-216
-626
-648
-1011
-1087
-957
-1523
-1488
-1883
-1615
-1791
-1552
-1390
-1124
-697
-950
-836
-752
-970
-956
-1017
-752
-811
-886
-1001
-813
-875
-748
-948
-649
-409
-278
269
425
591
753
485
330
345
-120
-191
-126
-211
-442
-210
33
447
552
776
831
749
746
698
723
429
631
898
1044
991
933
1003
1180
1360
1321
1527
1192
1028
891
118
258
122
-285
349
542
776
1162
1294
1360
1396
1393
1286
1085
1327
1277
1129
1506
1269
1489
1251
1438
1219
1316
1294
1252
1281
1258
1512
1584
1855
1482
1596
1322
932
449
341
-75
-318
-229
-137
318
363
642
413
393
501
823
859
910
958
1472
1418
1322
1514
1415
1366
1307
1220
872
1027
686
708
510
453
510
173
166
-177
-8
209
464
219
265
709
839
899
1027
1010
504
697
775
1228
1506
1549
1636
1580
1527
1616
1557
1407
1379
1055
849
883
1032
701
841
1063
983
859
835
878
721
285
375
105
-335
88
-49
-290
-163
-491
-512
-513
-373
-468
-959
-1153
-1409
-1703
-1609
-1473
-1607
-1636
-1698
-1475
-1687
-1658
-1467
-1252
-1210
-951
-912
-1039
-728
-363
-488
-574
-423
-585
-771
-610
-430
-366
-383
44
294
117
398
365
577
239
443
308
-227
-600
-699
-614
-753
-862
-653
-735
-507
-664
-375
-550
-457
-439
-332
-257
-570
-105
111
229
123
-45
-399
-405
-959
-1040
-792
-766
-934
-1025
-1610
-1921
-2241
-2501
-2409
-2114
-1848
-1728
-1658
-1601
-1690
-1831
-1376
-1263
-1473
-1193
-987
-1319
-1726
-1629
-1424
-1225
-1244
-1286
-1234
-1445
-1153
-1116
-1287
-1277
-1137
-1333
-1346
-872
-928
-640
-646
-717
-613
-725
-359
-486
-446
-238
-224
5
307
190
183
-223
-245
-176
-313
8
-160
-341
-484
-624
-427
-383
-289
400
432
532
523
754
532
806
575
313
528
359
763
811
688
600
438
367
385
299
517
231
265
68
-59
206
336
470
256
349
249
250
97
127
363
314
744
774
539
773
621
730
669
554
710
660
752
528
312
503
647
811
1199
1260
1300
1178
921
811
880
1185
1624
1545
1239
1196
1331
1424
1233
752
556
453
187
118
-107
-112
85
80
184
443
622
946
978
1148
1124
1066
1297
1145
1361
1580
2002
2348
2707
3088
2899
2896
2692
2539
2371
1951
1970
1780
1593
1304
1257
1178
1437
1239
1386
1931
1467
1737
1759
1936
1963
1792
1754
1568
1792
2071
1562
1344
1151
950
795
161
-313
-170
-134
-501
-449
-348
-466
-665
-621
-416
-302
108
165
77
651
495
561
692
805
1159
1406
1447
1393
1102
897
761
592
608
515
489
394
435
445
747
1020
966
881
833
949
564
399
410
277
417
666
705
1007
899
717
819
463
600
736
629
407
65
-597
-642
-820
-967
-1004
-877
-1039
-1119
-1355
-1727
-2140
-2461
-2896
-3255
-3330
-3592
-3490
-2878
-2656
-2508
-1997
-1943
-1770
-1624
-1600
-1395
-1650
-1998
-2328
-2704
-2870
-2858
-2758
-2960
-2778
-2367
-2199
-2287
-2546
-2517
-3096
-2982
-2494
-2480
-2345
-2075
-1849
-1625
-1007
-962
-742
-335
-408
-148
-81
-71
42
346
368
264
-245
-299
-48
-310
-163
-246
-173
-431
-489
-789
-815
-546
-451
-189
-53
198
304
656
414
490
394
4
-589
-992
-1042
-1119
-1157
-1501
-1563
-1388
-1458
-1266
-1191
-1124
-1001
-1017
-1272
-1400
-1090
-1466
-1162
-1250
-1403
-1084
-1082
-1154
-986
-1084
-1059
-622
-1153
-913
-181
-110
306
213
100
-128
8
21
-295
171
364
939
996
705
543
595
775
1171
1219
1363
1724
1682
1696
1891
2039
2146
2107
2153
2223
2003
1728
1313
1427
1475
1514
1389
1320
1479
1246
1163
973
664
619
607
862
825
892
836
820
680
745
911
994
1230
1470
1402
1370
1372
1321
1151
1060
1225
974
794
563
222
67
483
522
766
1122
1084
1102
1080
1059
957
716
675
530
336
704
207
81
39
-140
-421
-1014
-667
-528
-26
-153
-479
-917
-1196
-1208
-1313
-1262
-1127
-1132
-874
-893
-1075
-597
-378
7
-212
77
42
-80
416
439
739
965
1132
1271
1054
742
664
524
785
802
778
880
1402
1440
1403
1399
1515
1699
1616
2001
2022
1954
2090
1749
1877
1853
1676
1638
1346
1619
1662
1936
2272
2147
1731
1766
1480
1331
954
874
675
799
1187
1295
1544
1327
1154
806
455
305
147
49
-135
-797
-657
-615
-1158
-1257
-1013
-946
-784
-544
-580
-176
-145
91
-205
-330
-70
-216
-53
293
408
325
302
-80
-19
-80
-387
-241
96
-58
-349
-370
-43
-227
-453
-525
-410
-511
-6
238
142
713
897
784
697
693
416
397
464
530
409
148
307
59
-157
-160
-237
-334
58
15
-10
32
-120
-203
-428
-786
-1360
-1652
-1780
-1816
-2333
-2298
-2181
-2176
-2419
-2515
-2433
-2798
-2756
-2810
-2745
-3152
-3122
-3132
-3318
-3041
-2838
-2857
-2612
-2719
-3102
-3192
-3347
-3710
-3760
-3193
-3135
-2912
-2658
-2704
-2541
-2146
-1969
-1544
-1465
-1245
-1021
-814
-751
-839
-762
-739
-507
-190
-224
-574
-663
-760
-433
-187
-59
-401
-413
-204
50
164
9
-160
81
229
171
-29
-459
-579
-371
-139
-221
162
172
-417
-575
-683
-439
-618
-591
-533
-900
5
218
35
373
-60
-420
-555
-618
-708
-819
-525
-529
-291
-326
-289
-433
-394
-266
-749
-860
-1297
-1361
-1429
-1676
-1453
-1278
-957
-501
-325
-90
388
851
849
956
1149
1137
1365
1229
1394
1364
1443
1661
1572
1431
1557
1494
1774
2154
1946
2058
1650
1517
1215
831
473
499
541
478
721
1149
1345
1218
1608
1790
2236
2637
2447
2500
2693
2967
3214
3301
3284
3190
3329
3122
3708
3547
3168
3066
2862
2939
2675
2802
3045
2773
2790
2365
2098
2064
1507
1584
1102
896
826
936
1064
977
633
521
542
430
450
490
205
49
131
77
-219
-213
-204
-496
-713
-1190
-1350
-1627
-1181
-927
-771
-521
-407
-367
-461
-201
-342
-199
-35
-424
-408
-477
-544
-740
-484
-501
-678
-560
-117
-43
-298
275
152
488
466
468
656
109
-30
187
-32
-78
-85
-273
-51
17
131
-71
-4
230
16
-269
-211
-194
-158
-121
-430
-502
-793
-983
-753
-692
-323
-279
-305
-48
-169
-213
-549
-699
-621
-848
-1409
-1751
-1975
-2121
-2090
-1563
-1637
-1938
-1558
-1457
-1542
-1628
-1989
-2108
-1864
-1729
-1220
-1059
-657
-397
134
140
151
462
443
489
319
424
76
6
-154
-378
-689
-1193
-1491
-1435
-1404
-1534
-1481
-1209
-1015
-881
-863
-785
-685
-869
-1104
-1116
-949
-943
-1055
-799
-967
-919
-882
-1032
-762
-992
-991
-1411
-1925
-1761
-1543
-1570
-1553
-1176
-956
-697
-810
-1380
-1298
-1402
-1559
-1646
-1832
-1830
-1706
-1802
-2000
-2192
-2273
-2210
-1982
-1798
-1791
-1545
-1423
-1171
-1476
-1687
-1323
-1374
-1200
-1045
-800
-874
-760
-524
-801
-613
-296
-277
-342
-279
-146
-578
-738
-465
-712
-391
-469
-618
-407
-613
-185
76
261
522
744
835
880
790
586
589
292
468
439
112
-134
-247
-253
-25
236
363
351
616
989
822
751
641
439
268
17
175
118
203
348
-148
-96
-25
319
698
871
865
715
479
401
772
361
500
462
477
501
703
600
764
990
594
408
346
629
464
588
774
828
651
866
575
850
943
791
988
398
375
424
387
435
166
869
568
378
433
502
497
403
614
596
931
1214
1510
1825
1719
1985
1674
1660
2074
2261
2417
2057
2072
2129
2040
2498
2846
3071
3167
3188
2839
2529
2207
2147
2221
1997
1949
2253
2398
2548
2983
3235
2654
2662
2520
2198
2047
1871
1783
1644
1469
1089
1095
794
366
81
495
724
900
984
787
501
281
135
-82
-154
-309
-480
-706
-805
-747
-646
-950
-629
-793
-949
-503
-827
-918
-704
-616
-703
-719
-516
-165
-11
-179
-322
-354
-615
-506
-837
-553
-6
-57
346
220
689
683
1079
977
862
1155
866
774
1036
814
495
622
383
326
395
446
434
391
243
-3
-310
-409
-373
-368
-243
-460
-547
-846
-1221
-1045
-1211
-1375
-1525
-1688
-1434
-1642
-1599
-1523
-1618
-1122
-1265
-967
-1152
-1205
-1112
-1462
-1792
-2030
-1992
-2409
-2289
-2397
-2216
-2524
-2651
-2327
-2532
-2418
-2114
-2552
-2221
-2013
-2268
-2329
-2300
-1743
-1832
-1639
-1782
-1551
-1647
-1674
-1201
-1362
-1141
-1105
-1153
-1192
-1155
-1143
-1216
-1170
-974
-1068
-1012
-590
-841
-577
-739
-677
-590
-493
-46
-274
-287
-23
505
655
1205
1385
1214
1475
1298
1406
1261
1090
1130
970
931
1040
833
602
385
434
974
649
703
987
655
787
981
1182
1481
1692
1698
1323
1217
1108
1087
1094
760
246
355
292
106
647
477
441
205
166
-240
-427
-253
-160
-258
-7
261
238
313
561
457
404
548
775
875
1042
1204
554
591
368
356
402
401
107
207
367
159
86
148
-31
-352
-103
-393
-553
-559
-908
-658
-477
-211
194
332
578
935
879
954
675
203
209
23
-268
-518
-554
-932
-1102
-522
-355
-542
-392
-1025
-997
-1036
-1196
-1344
-1179
-892
-1018
-1025
-950
-654
-610
-341
48
262
206
512
94
-146
-315
-209
-328
-577
-731
-837
-924
-1110
-955
-768
-779
-891
-830
-496
-224
35
204
270
198
452
327
619
488
521
599
714
1263
1299
1568
1449
1179
1119
735
733
868
460
475
503
1145
1270
1296
831
774
848
1134
1138
1122
1434
1674
1656
1461
1323
1443
1327
1377
1768
1827
1751
1600
1531
1179
1003
259
56
76
-192
8
-188
-145
-482
-341
-733
-970
-905
-571
-328
-623
-304
-418
-219
-37
183
672
930
876
758
897
818
959
986
745
699
519
476
305
332
713
628
551
1007
1137
1222
1220
1165
981
912
823
444
191
16
-40
-324
-305
-187
-325
-439
-729
-577
-552
-905
-1021
-649
-483
-322
-495
-258
-295
-10
-19
6
61
341
460
431
764
327
192
-289
-734
-1271
-1340
-1301
-1252
-1245
-1432
-1579
-1886
-2040
-2357
-2267
-2346
-2548
-2685
-2789
-2756
-2583
-2268
-1831
-1894
-1704
-1714
-1864
-1933
-1978
-1551
-1701
-1758
-1654
-1516
-1425
-1484
-1398
-1188
-1234
-1119
-1122
-924
-1126
-1009
-809
-989
-1075
-1127
-1136
-1293
-1140
-891
-681
-450
-440
-550
-328
-532
-337
-434
-883
-832
-613
-570
-721
-601
-402
47
280
484
585
715
663
583
491
329
555
907
917
892
958
1084
1147
1102
1150
1024
927
835
377
587
977
957
952
483
78
238
120
97
-51
-319
-456
-311
-568
-676
-579
-581
-621
-373
-238
-235
-208
33
178
243
350
380
613
573
408
356
74
-78
137
46
40
616
1151
1189
1576
1515
1590
1466
1363
1131
989
940
765
1004
859
935
916
775
802
693
785
817
761
889
667
956
1381
1809
2135
2567
2717
2453
2236
1870
2026
1782
1424
1254
1363
1308
949
1285
1035
964
861
656
738
500
531
210
275
466
202
331
515
145
-232
-703
-541
-549
-459
63
156
305
134
-70
78
-30
-160
-116
-344
-243
-655
-769
-531
-782
-753
-762
-896
-819
-734
-515
-144
-340
-273
27
200
39
-126
64
101
194
358
757
666
342
622
1101
385
226
346
84
46
181
-56
-100
32
64
38
-34
-9
-73
-116
393
292
125
259
558
661
438
822
455
347
136
-126
-299
-507
-449
-471
-194
-37
72
33
408
581
593
763
731
859
500
339
78
50
40
-332
140
-40
-244
35
42
478
343
322
498
290
224
-50
-160
-56
96
54
-273
-214
7
-20
-179
-263
-498
-653
-374
-231
114
644
368
191
166
205
75
-10
-124
-426
-704
-1032
-1083
-990
-1026
-663
-501
-359
-228
-479
-339
-46
-453
-269
-18
-14
263
456
752
532
752
585
783
1110
683
375
-99
-442
-682
-597
-849
-1029
-671
-888
-866
-650
-478
-348
-319
-827
-1125
-938
-635
-514
-560
-350
-385
4
115
-182
-68
-330
-477
-572
-935
-815
-822
-628
-598
-1125
-970
-1029
-1266
-1346
-1456
-1232
-854
-841
-1284
-1080
-997
-792
-819
-675
-563
-587
-830
-1127
-1223
-1511
-1645
-1940
-2029
-2238
-1974
-2245
-2250
-1773
-1983
-1579
-1414
-1086
-1136
-1286
-964
-751
-657
-545
-404
-310
-50
227
616
554
584
760
1106
1295
945
842
877
450
326
378
658
824
203
475
372
256
160
111
-148
-107
192
235
154
208
695
746
846
1191
996
1035
972
520
798
753
784
857
875
913
808
1040
1181
1299
1200
882
815
772
807
997
1277
1510
1545
1176
1353
1317
1423
1855
1693
1766
1591
1416
1530
1282
1137
1297
1393
1408
1238
1137
858
640
824
584
650
1170
1483
1499
1640
1457
1544
1220
1507
1965
2139
2382
2297
2150
1959
2051
2100
1927
1797
1693
1308
1270
1416
1504
1226
1348
886
1062
1097
1079
1247
1095
1282
1524
1504
1761
2003
1473
1742
1212
841
808
651
498
431
199
-282
-491
-972
-1117
-1172
-1426
-1455
-1530
-1597
-1626
-1930
-2101
-2182
-2250
-2194
-1943
-2531
-2816
-3093
-3289
-2768
-2996
-2832
-2699
-2635
-2609
-2843
-2966
-3037
-2813
-2684
-2730
-2706
-3102
-3157
-3402
-3543
-3378
-3053
-2785
-2533
-2289
-2206
-2143
-2240
-2204
-1892
-2013
-1763
-1640
-1845
-1823
-1828
-1900
-1791
-1545
-1539
-1286
-1219
-1035
-1026
-1154
-1339
-1190
-1208
-1309
-1455
-1263
-1230
-1523
-1695
-1644
-1651
-1735
-1379
-1367
-959
-1334
-1467
-1087
-776
-456
-241
-482
-876
-740
-778
-657
-699
-465
-231
-58
-45
-26
69
-191
-423
-444
-425
-292
-422
-447
-760
-937
-549
-810
-578
-580
-823
-669
-659
-439
-310
-11
155
349
572
462
387
493
663
478
381
116
293
371
345
289
-135
32
-4
-347
-219
-134
-512
-874
-974
-1388
-1289
-1265
-1332
-927
-1029
-1180
-706
-825
-587
-381
-508
-469
-837
-744
-849
-1499
-1367
-1489
-1845
-2043
-1965
-1898
-2196
-2091
-1821
-2100
-1973
-2040
-1961
-2191
-1963
-1647
-1343
-1008
-1049
-757
-755
-198
-346
-270
-532
-139
-64
196
389
251
476
194
408
515
577
352
461
532
114
137
74
58
162
452
456
453
936
754
930
1469
1443
1678
2105
2176
2069
2081
1855
1884
1849
1695
1576
1564
1852
1879
1901
2010
1901
1641
1523
1060
533
381
5
427
194
228
513
248
287
114
286
247
481
149
62
225
298
371
251
716
1021
1261
1211
1116
1673
1995
1919
1945
1955
1936
2157
1916
2067
2212
2058
2277
2252
2533
2297
2041
2263
2482
2702
2898
2870
2686
2473
2468
2342
2203
2067
2392
2309
2686
2632
2750
3053
2940
3407
3365
3415
3158
2752
2488
2693
2405
2290
2192
2269
2566
2499
2878
2912
3025
2854
2457
1816
1538
1553
1390
1150
530
495
570
513
1140
1225
1216
1301
1229
1227
1081
853
576
640
438
346
752
830
780
631
322
63
-333
-908
-1110
-1234
-1183
-1371
-1610
-1554
-2106
-2252
-2181
-2553
-2235
-1892
-1722
-1346
-1145
-1003
-1535
-1639
-1919
-2079
-2556
-2427
-2417
-2219
-2274
-2141
-1817
-1887
-1799
-2201
-2571
-2596
-2109
-2246
-2311
-2311
-2378
-2302
-2098
-1593
-2063
-2205
-1923
-1924
-1439
-956
-709
-422
-395
-87
-252
-188
-288
-637
-654
-486
-510
-657
-656
-743
-711
-882
-1106
-1087
-1152
-1504
-1527
-1324
-1192
-1725
-1910
-1815
-2018
-1940
-1767
-1220
-675
-490
-171
-170
-275
-218
-240
-502
-492
-204
-334
-509
-680
-909
-804
-405
-281
-675
-780
-770
-1113
-1335
-1323
-1477
-1355
-795
-327
357
600
921
1233
1551
1786
2114
2383
2453
2371
2419
2290
2206
2186
2083
1999
1635
1845
1757
1360
1578
1303
1396
1307
1087
955
979
1112
1345
1633
1455
1435
1459
1362
1024
1007
657
872
672
282
239
78
236
86
124
165
64
-55
-18
97
342
427
468
442
672
738
678
605
273
194
-328
-647
-390
-519
-295
-63
358
693
958
1118
873
1282
1338
1414
1745
1553
1549
1628
1804
1379
1142
1161
538
707
668
554
699
537
310
171
-17
127
38
252
242
-52
-26
-55
62
239
565
671
816
1096
1489
1749
1803
2066
2110
2025
2182
2133
2574
2293
1980
1920
1351
1309
1049
691
475
395
229
404
549
614
648
818
915
1560
1594
1650
1819
1817
2210
1828
1909
2137
1880
1749
1930
1850
1971
1743
1603
1175
713
522
460
868
1015
1005
1424
1708
1768
1951
1931
2013
2405
2422
2624
3044
3106
3080
3175
3192
3243
3425
3279
2834
2734
2247
2035
1896
1603
1505
1267
1221
1425
1186
1332
1339
1254
1558
1182
1037
466
343
-51
-143
-37
-419
-474
-686
-216
189
340
318
457
283
70
271
304
675
279
97
100
-131
-484
-449
-293
-282
7
-327
-299
-706
-624
-770
-843
-1030
-1106
-1077
-1140
-947
-1283
-1348
-1490
-1819
-1960
-2003
-2238
-2244
-2315
-2279
-2277
-2525
-2513
-2446
-2380
-2253
-2446
-2521
-2101
-1984
-1846
-1609
-1455
-1265
-1132
-1158
-1481
-1533
-1772
-1753
-1299
-1188
-1004
-995
-1332
-1553
-1284
-1206
-1361
-1280
-1312
-1224
-1278
-1461
-1410
-1482
-2027
-2265
-2252
-2383
-2566
-2564
-2817
-2637
-2506
-2755
-2958
-2723
-2534
-2576
-2323
-1841
-1747
-1371
-1378
-1276
-1177
-1485
-1575
-1738
-1407
-1635
-1632
-1737
-1765
-1835
-1967
-1398
-1196
-1027
-1028
-826
-740
-731
-297
-307
-5
-121
-365
-180
-117
181
-280
63
342
185
263
183
439
387
483
587
612
374
507
183
-62
-120
-554
-578
-371
-478
-250
-111
-308
-228
120
340
413
589
431
343
301
296
448
482
251
73
126
-75
236
-37
199
609
761
638
382
144
-53
-170
-438
-534
-700
-877
-1006
-1029
-1278
-1292
-1199
-1082
-1222
-879
-346
-42
325
689
689
737
600
889
1201
1015
938
496
618
227
485
260
671
513
316
376
293
495
-164
4
-702
-634
-771
-1006
-544
-558
-745
-951
-598
-557
-383
-323
127
-2
160
466
550
483
115
67
80
288
413
299
726
650
582
900
1186
1724
1986
2041
2300
2683
2767
3495
3541
3065
3311
3052
2661
2712
2614
2334
2598
2328
1580
1480
1105
664
394
105
-205
18
59
-216
-536
-684
-752
-992
-731
-1163
-1351
-1054
-1272
-1011
-959
-426
-205
-213
359
403
479
432
526
99
-40
62
76
434
707
844
863
860
930
1236
1343
1321
1253
1218
1202
1332
1038
1067
1111
944
979
880
522
592
119
-330
-675
-1498
-2145
-2822
-3231
-3806
-4171
-4718
-5208
-5005
-5184
-5412
-5579
-5593
-5775
-5391
-5348
-5044
-4754
-4530
-3923
-3724
-2970
-2628
-2061
-1517
-1153
-857
-669
-386
255
940
1069
1795
2391
2593
2707
3093
3252
3095
2630
2372
2179
1694
1092
534
37
-127
-673
-1106
-1742
-2208
-2690
-2787
-3174
-3695
-3609
-3985
-4021
-4081
-3866
-4165
-4096
-3832
-3668
-3564
-3259
-3044
-2833
-2286
-1609
-1134
-837
-245
-48
243
374
736
858
1195
1424
1791
2052
1906
1895
2007
1873
1757
1492
1402
1035
531
680
269
12
-410
-777
-888
-1233
-1680
-1899
-2226
-2562
-2880
-3076
-3085
-3025
-3140
-3095
-3203
-3058
-3023
-3332
-2752
-2383
-1858
-1095
-459
-290
512
546
1644
1775
2834
2127
3153
2572
3099
4001
3757
4510
3451
4399
3208
3936
2358
3019
1640
1452
290
-728
-1131
-1988
-2161
-3147
-3208
-4356
-4543
-5149
-5804
-5934
-6271
-6341
-6324
-6373
-6340
-5603
-5008
-4378
-3728
-2215
-1936
-1055
-625
409
844
1818
2759
3790
4853
4979
6060
6408
7199
7053
7540
7314
7663
7372
7707
7542
6976
6349
5620
4965
4078
3758
3286
2905
2104
1101
855
-499
-1221
-1243
-1694
-1746
-1999
-2165
-2199
-2223
-2358
-2240
-1700
-2028
-1949
-1973
-1412
-1201
-656
-227
242
1217
1297
2393
2227
2729
3345
3920
3891
3731
4147
4207
4013
4444
4289
4459
4197
4676
4382
3722
3828
3843
3860
2551
3043
2174
2106
762
902
424
-711
-1488
-2908
-3777
-5338
-6269
-7471
-8515
-9770
-10678
-10974
-11324
-11605
-11844
-12229
-11232
-11256
-9542
-8718
-7025
-6385
-5721
-3544
-2753
-1467
-1360
664
985
2280
2917
4318
5643
5447
6702
7349
8543
8324
8407
8607
8990
8794
8340
8499
7638
6050
5158
4769
3923
2133
1399
716
134
-1132
-2151
-2556
-4016
-4398
-5199
-5011
-6025
-6178
-6047
-5935
-5784
-6131
-5154
-5016
-5139
-4711
-3549
-3059
-2883
-2543
-2159
-1163
-331
769
1481
2008
2315
2663
3245
3517
3705
3961
4358
4641
4410
4478
4207
4101
3416
3154
3216
2646
1794
1696
1278
1461
615
671
484
576
-283
-560
-692
-1086
-1390
-2491
-1784
-2979
-2974
-4260
-3912
-4526
-5087
-5518
-6048
-6539
-7709
-7772
-8985
-8714
-9788
-9495
-9622
-9584
-10148
-9891
-8228
-8664
-7075
-6711
-4583
-5013
-3407
-2238
-551
-62
448
2059
1996
2853
2830
4279
4624
5110
5454
6453
7287
6909
6960
7641
7471
6970
6407
6807
5967
4734
4659
4338
3714
1854
1943
1249
649
-300
-463
-427
-1172
-2043
-2114
-1430
-2477
-2141
-2210
-1807
-2306
-2313
-1829
-1849
-2132
-2102
-1034
-868
-908
-683
112
617
1375
2048
2768
3023
3120
3766
4707
4732
5096
5298
6033
6179
5932
6358
6439
6824
5904
6195
5127
6014
4631
4997
4318
4368
3948
4033
4012
2870
3012
2130
2581
1517
1780
1035
1111
798
26
-628
-1347
-2536
-3429
-4333
-4735
-5808
-6313
-7284
-7616
-9071
-10011
-10703
-11610
-11928
-12905
-12092
-12528
-11650
-12191
-9782
-9710
-7934
-7114
-4984
-4211
-3921
-1615
-492
982
1304
4087
4781
6773
7277
9529
10825
11430
12787
13728
15324
15199
15976
16211
16779
15918
15713
15461
14945
12997
12048
10630
9308
7191
5521
4339
2655
1047
-108
-381
-2803
-3063
-4219
-3057
-4566
-5344
-5340
-5497
-6310
-7128
-6217
-6098
-6162
-6422
-5085
-4667
-4578
-4090
-2908
-2076
-1394
-791
391
982
1528
2415
3780
4456
5032
5630
5991
7022
5628
6727
6003
7263
6165
6959
7433
7644
7482
7147
7855
7021
7291
4890
5869
4285
3955
2617
1999
751
-808
-1909
-3170
-4299
-6255
-7548
-8745
-10092
-11442
-12948
-13620
-15159
-16137
-16853
-17119
-17917
-18519
-19186
-18876
-18005
-17741
-17053
-16580
-14123
-15098
-12578
-10927
-7678
-7735
-6510
-3453
-712
784
1424
5716
6661
8283
7881
11294
13095
12663
13386
15474
17531
15966
15997
16919
17116
15219
14083
14252
13488
10220
9017
8597
7097
2902
1627
998
-874
-3824
-4861
-4258
-6618
-7933
-8611
-6485
-8503
-8796
-8668
-7001
-7760
-8345
-6496
-5719
-6095
-6041
-3956
-2934
-3124
-2746
-1222
577
765
1791
3932
4660
5642
6280
9528
9839
11695
11465
13893
14118
14067
15079
14182
14872
12609
13349
12273
12405
8965
9564
7998
6487
4290
2418
1740
-1493
-2834
-5321
-6178
-9531
-11184
-12923
-14986
-17726
-19613
-21315
-23395
-25626
-26809
-28084
-29535
-30274
-30096
-29258
-28883
-27592
-25890
-23036
-21180
-18137
-15072
-11794
-8445
-5583
-2134
614
3724
6488
9195
11862
14321
16501
18141
20228
21669
23086
24406
25413
26040
25414
25604
25038
24640
23331
21292
18978
15859
13428
10606
7594
4156
1434
-1199
-3642
-5934
-8421
-10095
-11323
-12621
-12952
-13440
-13356
-13633
-12782
-12093
-10573
-9671
-8557
-7031
-5739
-4067
-3547
-2029
-880
539
2151
3786
5804
8129
10826
13412
16254
19669
21786
24871
26684
28505
29159
29331
29182
28472
27517
25291
24220
21031
18864
15882
13537
10748
6795
3686
700
-2671
-6422
-9232
-12879
-16236
-20347
-22539
-24069
-25154
-26582
-27559
-29247
-30435
-31582
-32204
-32323
-31893
-30654
-29387
-26500
-23412
-20130
-16730
-12807
-8609
-5105
-1799
1944
5457
8035
9952
13251
16119
18055
19330
21853
24219
24852
25543
26931
27972
27224
26916
26895
26700
24932
22795
21593
19498
16579
13149
11083
8593
4695
1151
-1236
-3596
-7125
-9671
-10890
-12600
-14407
-15530
-15210
-15796
-16560
-16369
-15354
-14782
-14628
-13369
-11443
-10287
-9675
-8003
-5658
-3541
-2809
1105
2682
6501
7170
12183
14791
17238
20246
22004
25536
24530
26833
25592
28059
24150
24817
22147
21481
18072
14729
13946
9830
7655
3784
2748
-1392
-4497
-8192
-10985
-14425
-18615
-20819
-23043
-24950
-26685
-28095
-29383
-31269
-32299
-32207
-31970
-31921
-30570
-29014
-26258
-23577
-20876
-16832
-13504
-10161
-7418
-3525
287
3468
5431
8242
11223
13289
14570
16492
19089
19614
20525
21587
23285
22785
22119
22359
22756
21438
19669
18565
17528
14940
12063
10416
8699
5707
2233
525
-1656
-4382
-7862
-8235
-10051
-11598
-13288
-12559
-12953
-13859
-14166
-13226
-12425
-12741
-11959
-10765
-9507
-9857
-8686
-7767
-6039
-6302
-3316
-1796
1217
2186
5095
8896
10441
13908
14912
19719
18783
21637
20375
22906
20093
19835
18332
16841
15348
11472
11615
8145
7215
3669
3244
333
-1733
-5011
-6790
-9160
-12434
-15076
-17596
-20200
-23357
-25235
-26620
-28130
-30681
-31619
-32501
-32180
-32445
-31516
-30169
-28223
-25022
-22933
-18981
-15670
-11139
-8908
-5426
-1697
2010
3774
4908
8590
10713
12278
12450
15532
17852
18023
18783
21404
23029
22444
21969
23709
23700
21824
19777
20175
18542
15154
12375
11264
9071
4035
1544
495
-1580
-5185
-6878
-6081
-7460
-9086
-9788
-7862
-8906
-10023
-9509
-7124
-7475
-8768
-7462
-6254
-6121
-7290
-5516
-3745
-3643
-3121
-1081
2651
3124
5565
7748
12227
12761
15064
17145
18788
18680
18019
19375
18462
17373
14830
15263
12648
10781
8139
7939
5740
3421
2053
1034
-403
-3157
-4983
-6598
-8832
-12215
-14602
-16748
-19505
-22610
-24280
-26524
-28480
-30779
-31243
-31270
-30159
-29512
-28463
-26653
-23926
-20496
-19134
-14713
-10994
-6773
-6014
-2382
2026
4883
4803
6836
11135
12608
12205
12423
16758
17646
16556
17193
21511
22238
20563
20515
23982
23325
20147
19394
20718
18142
13720
12240
12403
9658
4141
3599
3424
1360
-3205
-2738
-1570
-3382
-6185
-4740
-2325
-4613
-6455
-4618
-2299
-4542
-6130
-4168
-2738
-4606
-5910
-3485
-2045
-3215
-3157
87
3285
1980
4454
6892
11273
9984
12286
14883
16372
14707
14368
16242
14344
12414
9128
11048
7438
5284
2797
3650
1715
-1216
-1974
-1888
-3390
-7142
-7803
-9012
-11412
-15320
-16866
-17910
-20708
-24050
-24757
-26006
-27807
-30415
-30581
-30360
-28372
-29272
-26629
-26223
-21640
-19879
-17886
-13636
-10029
-5707
-6824
-1951
1286
5070
2478
5141
8404
10291
8494
8270
13381
13808
11965
12552
17960
18942
16223
16407
21038
20400
16561
15295
18907
15930
11483
9524
12327
9223
2790
2646
3851
2805
-3905
-1641
220
-468
-5591
-2435
863
-1281
-4415
-2284
1461
-1790
-4243
-2245
600
-2983
-5125
-2095
289
-2390
-2798
1235
5245
3007
4170
8508
11534
9396
9913
14286
14543
11886
10290
13286
10994
7511
4939
6713
4701
470
-524
657
-361
-4476
-4089
-3249
-4756
-8566
-8973
-8701
-11507
-15030
-16250
-16204
-19530
-22675
-23560
-23954
-26715
-29055
-29372
-26944
-26510
-26482
-24584
-22507
-17056
-17560
-13100
-10047
-4327
-4553
-3323
448
4897
4742
1816
5762
7686
8672
4276
7512
11942
11448
9269
12542
18122
17165
14139
17144
21578
19371
14789
16431
18719
14321
9731
9916
13664
7325
3245
3890
6893
2401
-1834
1826
4517
2077
-2014
3549
4961
2137
-1526
3701
5252
801
-1702
1933
3320
-1503
-2851
1211
2701
-364
-359
5190
8048
5347
7714
12522
15543
11070
13273
15824
16493
10989
10831
12660
9551
5276
3189
5821
1646
-1352
-2723
274
-2273
-5934
-5284
-4233
-6252
-10676
-10227
-10213
-12729
-17450
-17228
-17255
-20388
-23807
-23764
-23777
-26512
-29921
-27260
-24931
-25014
-25476
-23233
-15828
-16767
-13723
-10845
-3029
-3578
-3945
-238
5482
5309
822
4421
7132
8245
2963
6108
11121
10976
8112
11224
17290
17176
13682
16046
20736
19469
14388
15608
18174
14968
10132
9149
12664
7788
3767
3109
6939
4258
-11
2313
5225
4713
361
4608
6617
5737
1203
4056
6416
3180
-222
1228
4098
563
-1702
98
3925
2291
1398
4956
9426
8185
8295
11587
15551
13185
11950
13576
14563
10817
7605
8397
6799
3613
-640
984
-129
-3198
-5920
-4448
-4105
-7398
-9075
-8115
-7881
-12300
-13815
-13732
-14312
-18499
-20902
-20269
-21727
-24768
-26804
-26048
-26876
-29755
-27959
-25621
-23128
-25017
-21476
-15640
-13964
-12538
-9880
-2238
-2697
-2451
-24
6501
4171
915
2720
6562
6088
1277
5039
9824
9393
7270
11467
17474
16468
13245
16759
20863
18310
13282
15907
16537
13049
7936
9239
10705
5270
2184
2368
5133
737
-348
1923
5532
3395
2309
5925
7377
5222
3410
6548
7117
4420
2337
4310
4811
2747
1286
4179
4976
4632
4000
7862
10070
9065
9728
11776
14363
10855
11672
10461
11479
6431
5079
4130
2377
-1163
-4341
-3771
-6394
-8502
-11298
-9468
-11615
-12897
-13846
-12633
-12977
-15147
-15581
-15006
-16220
-18729
-20302
-21371
-23478
-26152
-27437
-27762
-25742
-27790
-24967
-25001
-19160
-17796
-14599
-9091
-4270
418
-195
5316
7327
10465
6474
9214
9922
9891
6966
7353
10984
10487
8330
10082
14729
15142
13546
14768
18726
17655
15197
14455
17238
13293
9913
7640
9851
6134
974
1035
1344
892
-4331
-1352
163
781
-2294
1575
5397
4907
3287
5626
9679
7721
5582
7083
9072
6295
3711
6375
8339
6648
5486
8938
13255
11322
13048
15469
20093
16377
16485
18277
18340
13479
10236
11245
7900
3274
-1662
9
-4155
-7760
-10641
-9443
-10888
-14426
-14956
-13832
-14936
-18355
-18018
-17094
-18017
-20529
-20432
-19500
-21704
-24300
-25005
-25826
-27610
-29603
-26123
-25451
-23293
-24446
-17364
-14272
-11551
-7623
-1535
4128
2958
6417
10220
14500
9203
9729
11443
12541
7893
6229
10536
10975
7538
7602
12970
14392
11255
11110
16009
15661
11963
10289
13500
10231
6341
3235
5523
2306
-3794
-4915
-3975
-4159
-9161
-7086
-4685
-3065
-5859
-1608
2266
3191
1786
4654
8469
7954
6718
7543
9999
8485
6424
7804
9702
9096
8175
10636
14316
14030
15006
16657
21086
19304
19340
18943
20007
16488
12996
11418
9096
4817
-877
-1918
-5234
-8218
-12980
-13386
-13913
-16510
-18509
-18370
-18016
-20800
-21902
-21412
-20985
-22745
-24631
-24016
-25546
-28068
-30683
-30713
-31387
-31332
-30501
-28303
-25941
-24886
-18560
-15812
-9900
-6536
735
4207
6129
9155
14139
15380
12616
14078
14835
14912
10607
11393
13743
12394
9641
11861
15467
15304
12065
13325
16454
14610
10604
10783
11649
7085
2792
982
2939
-3242
-7204
-8288
-6481
-9667
-12500
-9687
-6820
-7019
-7859
-2228
692
222
-424
4683
7328
5704
4632
8281
9918
7424
7513
10839
12802
10751
12150
16277
19195
17788
19361
22884
24228
21645
21848
22679
20570
16150
13082
12818
8377
2925
-510
-1573
-5918
-10850
-13582
-13823
-16768
-20971
-21324
-21043
-23140
-25933
-25982
-25001
-26364
-28945
-28351
-27996
-30127
-32218
-32294
-31352
-30385
-32097
-28641
-27148
-21783
-20560
-15473
-9732
-3695
427
3161
9338
13151
16187
14778
18084
19146
19618
16690
17206
19602
17914
15283
15890
18912
18578
16009
16615
19093
17148
13952
13154
14350
10153
6307
3513
4799
-65
-4664
-6361
-6508
-8079
-12925
-11258
-9326
-8912
-11356
-7339
-3787
-3145
-4274
-777
3555
3301
2409
5064
8139
7083
6081
9361
11709
12339
11451
15767
19406
19566
21164
23800
27797
25817
26290
25858
26785
21726
19532
17347
14283
9871
4655
3308
-1315
-5249
-9554
-10586
-13708
-17071
-19594
-19972
-20970
-23798
-24496
-24532
-25134
-27349
-28151
-27625
-28985
-30878
-31821
-31743
-31676
-31128
-30124
-27790
-26133
-20340
-18383
-12853
-7902
-1514
2234
4160
9598
14457
15940
14321
18012
19136
19667
16239
17837
20815
18270
15722
17679
20195
18694
15413
16844
18997
15806
11785
12058
11716
6649
2464
606
1399
-4849
-9078
-9428
-8939
-11912
-15357
-12624
-11241
-11830
-13603
-8343
-5790
-6565
-6739
-2483
454
-1126
-1083
2357
4779
2844
4173
8057
10800
10391
11714
16214
19166
18643
20574
24330
25656
23947
23501
24492
22664
18439
15481
14365
9852
5366
1693
115
-3628
-7858
-10654
-11697
-15096
-18685
-20188
-21144
-23041
-26214
-27130
-27731
-28824
-30025
-29319
-29351
-30318
-31960
-31867
-31500
-29781
-29448
-26714
-25355
-21082
-17410
-15091
-9420
-4490
1038
2387
6397
10799
14810
13030
14310
17120
18050
16379
15844
19791
20520
17804
17570
21652
22046
18533
17298
19956
18454
13338
11226
12305
8468
2475
-144
440
-2756
-9074
-9940
-9305
-10308
-14703
-13355
-10716
-10257
-12713
-9873
-5524
-5766
-7596
-4994
-765
-1611
-2806
-419
3465
2285
1856
5216
9126
9591
10002
14178
18315
19222
20037
23046
26091
25113
23561
24620
23667
19752
16097
14064
12045
6454
2574
1026
-1533
-5269
-8505
-9899
-11361
-14637
-17688
-17785
-19354
-22655
-24885
-25519
-25902
-28527
-29532
-29173
-29593
-32129
-32042
-31025
-28149
-28476
-26510
-22781
-18112
-14868
-12723
-6315
-924
3114
4188
9217
13588
15622
13584
16235
18760
18856
16309
17382
21064
21340
18642
19856
23584
23232
20201
19324
22252
19322
14126
11599
12253
7396
1299
-1278
-1078
-4549
-11123
-11238
-10246
-11769
-15831
-13995
-10593
-10572
-12725
-9209
-4892
-5127
-6960
-3633
175
-1102
-2106
461
4322
2521
2219
6054
10348
10283
11186
16011
20739
21419
22055
26608
28935
27429
26135
27418
26531
21683
17453
16619
13486
7657
3811
2362
-63
-4699
-7430
-7485
-9367
-13476
-15252
-15421
-17124
-21065
-22739
-22261
-24192
-27742
-28538
-27743
-29748
-32132
-32165
-29796
-30033
-29057
-27479
-22361
-21222
-16805
-12524
-7398
-2619
1014
6527
9007
12661
14336
17356
16128
17723
18225
19351
18113
18107
20666
21037
20475
21473
23879
23763
22017
21191
21979
18889
14644
12087
10528
5238
415
-3093
-4514
-8545
-12973
-13069
-13150
-13965
-15900
-12826
-11322
-10585
-10885
-7221
-4746
-5104
-5227
-2561
-792
-2150
-2087
249
2157
1244
2154
5638
8148
8827
11181
15492
18486
19018
21881
24141
26426
24688
25177
24706
23037
18724
15797
12771
8843
4146
610
-775
-5256
-7963
-10044
-10735
-13276
-15757
-17356
-18386
-21216
-23885
-25359
-26973
-28455
-29733
-29881
-30378
-31943
-32385
-32387
-31772
-31472
-28664
-26582
-23318
-21244
-16086
-12214
-8383
-3762
668
5307
6285
10362
13080
15239
13889
15501
16706
17030
15967
16984
19694
19262
18758
20006
22155
21747
19829
19884
20078
16730
12987
10793
8673
3876
-521
-3012
-4672
-8517
-12034
-11652
-12099
-12823
-14202
-11325
-10016
-9440
-9318
-6110
-4558
-4873
-4263
-2239
-675
-1745
-846
989
2326
2055
3490
6535
8298
9925
12238
15983
17983
19278
21330
23238
24422
23397
23536
22212
20555
16892
14608
11316
7694
4211
987
-739
-4090
-6198
-8508
-9474
-11911
-13857
-15560
-17017
-18980
-21520
-22461
-23931
-25365
-27330
-28192
-28920
-30118
-30761
-30963
-29508
-29101
-25890
-24183
-20509
-18457
-13567
-9478
-5855
-944
2963
7555
8853
12667
14730
17082
15755
17182
18037
18969
18252
18433
20760
20847
20349
21279
22953
22821
21244
20545
20633
18067
14594
11605
9329
4892
654
-2396
-4301
-7393
-10966
-10989
-11383
-11252
-12880
-10866
-9605
-8640
-8620
-5954
-4178
-3907
-3646
-1730
-326
-707
-334
903
2634
2684
3834
6039
8391
9473
12632
15049
18252
18929
21408
23182
23709
23437
23029
22540
19611
17365
13586
11812
6685
4342
1101
-947
-3872
-6030
-7298
-9198
-10878
-12713
-13688
-16234
-17838
-19710
-21246
-23161
-25237
-25700
-27114
-27495
-28377
-27720
-28233
-27962
-27049
-24667
-22418
-20616
-17230
-14117
-8734
-6966
-1642
1808
6526
7980
10828
13689
16068
15757
15924
17380
17424
17611
16459
18435
19201
18908
19399
20816
21339
20193
18511
18165
17261
13491
10575
7853
5136
696
-2094
-4585
-5872
-9547
-10333
-10725
-10281
-11236
-10822
-9192
-7922
-7274
-6370
-3871
-3525
-3223
-2655
-514
-441
-2
558
2492
3194
4213
5843
8389
9193
12146
13862
16595
17715
19356
21574
21473
21896
21265
20950
17665
16461
12381
10909
5854
3288
558
-2330
-5054
-7749
-8901
-11044
-12540
-14705
-15365
-18092
-19269
-20840
-22272
-23467
-25570
-25987
-27646
-28318
-29437
-29058
-29470
-29123
-27743
-26038
-23044
-22144
-18119
-16089
-10093
-7876
-2779
1130
5468
8147
9709
13054
15115
15723
14732
16589
16887
17332
16067
17678
19286
18434
18231
19658
20592
19139
17030
16467
16075
12336
9303
6972
4782
-44
-3190
-5558
-6606
-10532
-12546
-12248
-11985
-12316
-13131
-10303
-9355
-8372
-8376
-4933
-4004
-3675
-3467
-838
229
151
329
2397
3824
4040
5491
8086
10064
11506
13700
15937
18351
18607
20806
21060
22078
20775
20296
18028
16127
12562
9768
6676
3062
587
-3131
-4819
-7506
-9138
-11275
-12158
-13999
-15366
-16977
-18135
-19235
-21353
-22181
-23092
-23751
-25070
-26448
-26398
-27195
-26978
-27453
-25460
-24755
-21823
-20199
-17105
-14195
-10983
-5819
-3748
1974
4501
9741
10007
13211
15117
17543
16198
16382
17967
18034
17604
16476
18773
19021
18336
18397
20020
19921
17932
16209
16668
14928
10882
8039
6280
3613
-1275
-3369
-5130
-6410
-11007
-10895
-10973
-10107
-12596
-11106
-8933
-7686
-7869
-6279
-2924
-2929
-2698
-1290
2097
1639
2125
3479
6264
6272
7097
9555
11631
12301
13517
16718
18309
19062
19644
22241
22141
21116
20300
19614
17308
13858
10754
8711
4969
649
-1595
-3904
-6373
-9633
-11217
-12226
-14069
-16547
-17195
-18217
-19872
-21776
-22879
-23254
-24381
-25457
-25610
-26082
-26938
-27801
-26958
-26806
-25626
-24894
-21210
-19046
-17251
-14178
-10539
-5096
-3762
2088
4997
10125
10170
12991
15436
17276
16115
15769
17332
17589
16712
15010
16971
17182
15997
15506
17226
17607
15298
13641
14685
13281
9278
6314
5075
2518
-2373
-4756
-6014
-7180
-11989
-11639
-11150
-10606
-12817
-10951
-7958
-6648
-6533
-4249
-460
-80
159
1544
4666
4152
3869
4781
7368
6722
7313
8807
10856
11527
12533
14845
17344
17486
18759
20394
21035
20423
18861
18151
15759
12647
9326
6857
2974
-311
-3605
-5629
-8260
-10855
-12635
-13888
-14973
-16653
-17281
-18309
-18988
-20826
-21721
-22190
-22996
-23984
-24548
-24662
-25448
-26422
-25851
-26272
-24549
-24591
-20697
-18941
-15536
-13791
-8853
-4096
-1627
3064
6355
11508
11215
14162
15674
18271
14863
15015
15985
16151
13591
12113
14553
14555
12562
12633
15516
15567
13016
12211
14272
12038
7871
5285
5489
1329
-3425
-5411
-5831
-8036
-12561
-11406
-10937
-10761
-13333
-9962
-7736
-6316
-6745
-3139
-232
-249
-325
2451
4703
3725
3490
5073
7057
5850
6150
8219
10512
10395
11635
14246
16234
16470
17354
19297
19512
18375
16789
16451
13752
10584
6816
4699
1075
-2726
-5738
-7522
-10033
-12544
-14160
-14645
-15279
-16825
-17121
-17538
-17967
-19203
-19886
-19819
-20228
-21272
-22104
-22243
-23238
-23809
-24188
-23345
-22870
-20715
-18091
-16083
-13262
-10207
-4195
-2180
2022
5678
10751
11307
12629
15416
18005
15870
13763
15577
16201
14096
11482
13871
15233
12773
11673
15071
16193
13632
11663
14015
14106
9025
6033
6220
3974
-2035
-4866
-4931
-6152
-11735
-12351
-10422
-9967
-12659
-11213
-7100
-5613
-6145
-4035
859
1624
780
2526
6198
5796
4460
5580
8432
7838
6823
8684
12307
12137
12833
14240
18595
18276
18579
20183
22031
20457
17818
17528
15794
13061
7159
6082
2649
-348
-5281
-6822
-8410
-11181
-14024
-14776
-14416
-17132
-18529
-19095
-18578
-20634
-21829
-21522
-21471
-23118
-24060
-24090
-24089
-26110
-26654
-25870
-22862
-22065
-20334
-16935
-13614
-8535
-6789
-834
2819
8064
8945
12708
15569
18064
17070
16679
18015
17706
16555
14647
16524
16489
14804
13925
16183
16862
15009
13564
15012
14183
10752
7867
7112
4816
-311
-3240
-4895
-6494
-11576
-12870
-13153
-12666
-14967
-14302
-11567
-9807
-9511
-7515
-3429
-1943
-1712
30
3115
3997
3431
4141
6571
6958
6760
7773
10828
11061
12621
13634
17643
18411
19637
21225
23332
23094
21391
21049
19561
17480
12261
10521
6312
3246
-2185
-4493
-7205
-10476
-13613
-15395
-16211
-19336
-20494
-21748
-21784
-23908
-24945
-24973
-25542
-26793
-27842
-27744
-28549
-29506
-29492
-28504
-26200
-26084
-22648
-20542
-14953
-12788
-7771
-2658
3107
6522
8809
13833
16999
18785
17625
20337
20861
20479
18343
19707
21034
19377
17389
18780
20389
18730
16478
17127
18044
14499
11499
10417
9287
3727
-247
-2558
-3979
-9800
-13190
-13514
-14218
-16703
-18194
-15799
-14887
-14946
-14324
-9736
-7644
-6797
-5536
-1523
107
436
1325
4403
5575
5807
7382
10120
11905
12314
14534
17339
19798
20489
22463
24550
25919
25520
25217
24869
23175
20066
16229
13719
9302
5027
385
-2537
-6078
-9652
-12828
-14508
-16833
-19547
-21244
-22451
-23738
-26325
-27747
-28375
-29294
-31106
-31994
-31897
-32186
-32276
-32321
-29068
-28564
-26247
-24853
-19116
-15233
-12382
-6971
-1287
4682
6293
11267
15928
20063
18809
21691
23972
25047
22518
22192
24785
24280
22022
22514
24558
23994
21354
20586
22355
19708
16089
13899
13078
8451
3231
-252
-2179
-6583
-11938
-13268
-14682
-16476
-19732
-18486
-17525
-16836
-17635
-14673
-11808
-10372
-9888
-6792
-4175
-2855
-2169
114
2997
3467
4936
7272
10581
11707
13697
16326
20241
21340
23605
25939
28461
28455
28401
28482
27986
24975
21344
19223
15435
11184
6029
2964
-1160
-5228
-9508
-11320
-14461
-17699
-20482
-22021
-23568
-26657
-27955
-28317
-28522
-29506
-30194
-30261
-31349
-32080
-32152
-30534
-29181
-28187
-25542
-22670
-17523
-15467
-9783
-5373
412
3221
7536
12296
16122
17213
18574
21631
22474
22417
21368
23436
23820
22643
22253
24243
24796
23321
22175
23266
22282
18720
16399
14925
12194
6517
3046
343
-2923
-8987
-11450
-13275
-15044
-18336
-19035
-17926
-17708
-18122
-16634
-13661
-12570
-12006
-9845
-6786
-5655
-5062
-3552
-1088
-166
711
3026
5523
7561
9110
12123
15268
17452
19553
21457
24471
25403
25630
25475
25955
23860
21719
18730
16542
13028
8535
5453
2043
-1377
-5418
-8319
-10925
-13555
-16790
-18367
-20209
-22491
-24779
-26449
-27438
-28761
-30056
-30421
-31066
-32271
-32468
-32250
-30044
-29735
-27001
-25156
-20131
-17390
-13608
-9090
-3890
191
2823
7302
11769
14747
14747
17918
19498
20639
19172
20407
22241
21978
20351
21864
23360
22727
21094
21218
22164
19482
16615
15037
13803
8984
5123
2028
83
-4968
-9137
-10810
-12573
-15288
-17715
-17225
-17085
-17198
-17589
-14928
-13258
-12525
-11879
-9045
-7351
-6579
-5883
-3570
-1831
-1228
664
3142
5704
6825
9674
12353
15687
17115
19990
22299
24238
24289
25208
25172
24486
22385
20260
18711
15402
12016
8281
5691
1953
-1126
-4828
-6571
-9664
-12448
-14612
-16435
-18314
-21174
-22897
-24063
-25595
-27777
-28949
-29629
-31028
-31862
-32099
-29866
-30094
-28234
-26508
-21996
-19425
-16502
-11253
-6671
-2124
373
5306
9564
12671
13114
16579
18787
19942
19425
20579
22671
22215
21182
22635
23920
23480
22261
22600
23763
21504
19012
17806
16807
12668
8755
5684
3589
-1176
-5593
-7517
-9919
-12689
-15741
-15394
-15617
-15891
-16562
-14096
-12918
-12174
-11423
-8513
-7023
-6413
-5626
-3308
-1624
-1185
169
3162
5202
6685
9229
12183
15257
16603
19239
22053
23854
24051
25113
25116
24990
22815
20680
19160
15642
12596
8986
6494
2732
-429
-4089
-5817
-9260
-12045
-14202
-16179
-17979
-20760
-22245
-23558
-25443
-27709
-28847
-29815
-31473
-32268
-32473
-30844
-30986
-29560
-27576
-24251
-20973
-18255
-13269
-8994
-3889
-1346
3574
7663
11566
12499
15226
17666
19344
19238
20030
22455
22852
22386
22917
24922
25043
24124
23776
24970
23261
20601
18744
17539
14239
9866
7098
4815
932
-3993
-5949
-8298
-10629
-13885
-14282
-14740
-15137
-16056
-14589
-13215
-12689
-12321
-10261
-8433
-7843
-7220
-5790
-3589
-3383
-1360
412
3290
4327
7114
9712
13098
14758
17159
19850
21640
22840
22969
24188
23012
22013
19313
18421
14967
12348
8703
6204
2984
-219
-3197
-5886
-8638
-11867
-13939
-16308
-18268
-21000
-22674
-24230
-26076
-27960
-29065
-29919
-31514
-32054
-32703
-31201
-30765
-29346
-27308
-24709
-20729
-18399
-13953
-10281
-5241
-2608
1712
5215
9414
10507
12666
15224
16933
17566
17967
20264
21658
21906
22386
24476
25110
24554
23692
24360
23494
20761
18445
16936
14115
9985
6751
4069
1252
-3382
-5535
-7649
-9173
-12346
-13011
-13321
-13154
-14339
-13575
-12519
-11890
-11698
-10339
-8832
-7977
-7532
-6273
-4618
-3267
-1881
331
2948
4936
7628
9993
13553
14985
18028
19426
22015
22339
23402
22811
22759
20967
18961
16987
13877
11457
7733
5437
1957
-254
-3458
-5667
-8262
-10644
-13135
-15502
-17212
-19780
-21734
-23928
-25601
-27462
-29041
-30036
-31380
-31994
-32758
-31273
-30934
-28813
-27452
-24022
-20303
-17772
-13237
-9377
-4550
-2053
2032
5190
8915
9399
11752
13922
15608
16091
16963
19731
20922
21429
22439
24795
25541
25203
24996
25553
24543
21770
19746
17921
14577
10620
7282
4595
1114
-3179
-5265
-7099
-8882
-11515
-11578
-12011
-11908
-12685
-11557
-10620
-10114
-10081
-8866
-7607
-7351
-7000
-5986
-4607
-3617
-2409
269
2521
4702
7184
10341
13696
15746
18338
20763
22165
22588
23564
23286
22667
20588
18670
16764
13469
10805
7797
5553
2481
-1
-2531
-4222
-7107
-9359
-11545
-13675
-15677
-18279
-19984
-22077
-24129
-26544
-28119
-29717
-31317
-32098
-32614
-30823
-30895
-28463
-26881
-23233
-20173
-16867
-12301
-8076
-3899
-1231
2866
5451
8551
9051
11401
12890
14329
15037
16382
18690
20140
20962
22465
24799
25846
25796
25986
26427
25392
22964
20846
18872
15164
11130
7643
4848
1077
-3103
-5250
-7153
-9040
-11447
-11291
-11209
-11327
-11533
-10254
-9497
-9297
-9601
-7994
-7478
-7420
-7804
-6273
-5396
-4814
-3212
-1097
1704
3331
6447
9575
12938
14926
17632
19767
21677
22053
22388
22539
21014
19401
17186
15241
12266
9109
6458
4133
1217
-1360
-3526
-5461
-7690
-10209
-11974
-13440
-15839
-18345
-20280
-22265
-24725
-27385
-28760
-30132
-31099
-32403
-30990
-31131
-29480
-28273
-24927
-21761
-18571
-14725
-10646
-6545
-4255
-121
2383
5551
6076
8473
10514
11832
12210
13796
16116
17387
18174
19996
22506
23346
23806
24636
25691
24733
22999
21472
20182
16575
12811
9758
6855
2673
-1462
-3343
-5474
-7698
-10181
-9867
-10220
-10669
-11195
-9687
-9081
-9156
-8921
-7549
-6790
-7354
-7016
-6070
-5377
-5372
-3822
-2002
-109
1282
3879
7178
9577
11715
14801
17108
18992
19432
20519
20758
19551
17984
16578
14605
11793
9205
6816
4879
1627
-503
-2508
-4309
-6561
-8648
-10217
-11883
-14119
-16291
-17876
-20176
-22848
-24911
-27243
-28569
-30564
-30399
-30511
-30372
-29395
-27722
-24361
-22799
-18771
-15549
-10801
-8587
-4716
-1281
1998
3061
4938
7670
8897
9739
10383
12889
14123
14750
16420
19002
20264
20890
22113
24021
24228
23224
22632
22052
19803
16308
13999
11049
8055
3236
1196
-1483
-4164
-7352
-8208
-8868
-9888
-10809
-10202
-8868
-9022
-8445
-7318
-6117
-6340
-6002
-4859
-4394
-3909
-3566
-1791
-717
263
2231
4654
6981
8635
11678
13652
15962
16312
18167
18352
18385
17358
16443
15193
12705
10701
8208
6553
3226
1029
-1356
-3156
-5496
-7767
-9088
-10892
-12515
-14703
-16104
-18165
-20093
-22297
-24092
-25663
-27452
-27697
-28697
-27966
-28445
-25992
-24785
-22483
-19746
-15919
-12451
-10007
-6428
-2422
488
1591
4611
7075
9072
9149
10842
13324
14141
14334
16133
18501
19212
19399
20684
22754
22637
21780
22130
22247
20153
17662
15919
14474
10670
7167
4998
3018
-179
-3263
-4132
-5211
-6586
-8061
-7102
-6888
-7112
-7471
-5757
-5142
-5283
-5178
-3930
-2959
-2991
-2050
-541
169
1141
2273
4915
6095
7700
9207
11646
12503
13848
14701
15284
15221
14367
14302
12917
11672
9252
7745
5580
3265
830
-1208
-3097
-5469
-7344
-9354
-10819
-12888
-14743
-16377
-18217
-20059
-21970
-23256
-24679
-24976
-26605
-25881
-26668
-24872
-24231
-22582
-20449
-17860
-14959
-12907
-9566
-6454
-3134
-2554
751
3129
5383
5931
7751
10688
11809
12162
14114
16595
17224
16981
18297
20283
19991
18650
19289
19799
18089
16104
15055
14457
11254
8239
6879
5237
2391
-772
-1091
-2392
-4225
-6376
-5584
-5679
-6701
-7102
-5625
-5223
-5813
-5726
-4133
-3266
-3478
-2312
-417
812
1294
2841
5270
6390
7209
9022
10813
11732
11951
12989
13579
13272
12307
12191
11384
9901
8035
6920
5635
3347
1409
-306
-1883
-4187
-6194
-7954
-9518
-11931
-13941
-15569
-17354
-19524
-21583
-22950
-23610
-24342
-25388
-24809
-25093
-23520
-23104
-21075
-18933
-16333
-14468
-12096
-9442
-6365
-4580
-3260
-32
1802
3134
3956
6450
8785
9524
10461
13222
15126
15251
15766
17580
18716
17759
17048
18021
17533
15009
13735
13051
11980
8451
6726
5890
4636
1666
109
251
-938
-2484
-3781
-2771
-3574
-4704
-4876
-3651
-3878
-4761
-4464
-3185
-2684
-3078
-1598
130
1219
1856
3847
6265
7465
8483
10220
11993
12439
12418
13256
13449
12832
11528
11384
10491
8881
6734
5878
4560
2455
352
-1139
-2421
-4887
-6958
-8511
-9983
-12640
-14580
-16034
-17571
-20010
-21625
-22809
-23003
-24829
-24748
-24707
-23291
-22325
-21434
-18695
-16500
-14335
-12820
-9742
-7061
-4498
-3813
-942
1558
2976
3702
5256
7707
8694
8965
10753
13172
14029
14099
15330
17070
16842
15756
15735
16307
14492
12573
11644
11070
8852
5997
5177
4077
2309
-210
-190
-490
-1593
-2920
-2521
-1928
-2651
-3161
-2308
-1715
-2426
-2654
-1728
-798
-800
-317
1417
2761
3488
5217
6961
8886
9703
11123
12557
13756
13691
14181
14230
13815
12915
11697
10896
9384
7729
5894
4911
2752
1193
-1053
-2498
-4368
-6663
-8669
-10477
-12387
-15004
-16702
-18693
-20238
-22166
-23269
-23256
-24764
-24861
-25253
-23526
-22771
-21465
-19711
-16698
-14774
-12876
-9885
-6977
-4143
-3395
-773
1975
3579
4267
6007
8243
9516
9464
11424
13573
14150
14149
15406
17121
16835
15779
15847
16230
14015
12142
10900
10240
7419
4755
4083
3085
907
-1103
-748
-897
-2031
-2895
-2069
-1622
-2340
-2420
-1448
-1061
-1753
-1786
-748
13
-37
570
2565
3667
4517
5878
8471
10208
11161
12714
14591
15570
15343
15974
16116
15784
13924
13268
11936
10325
7938
6239
4854
2593
155
-1694
-3204
-5749
-8054
-9917
-11531
-13711
-16263
-17946
-19668
-21833
-23756
-24827
-25144
-26700
-27100
-27002
-24953
-24683
-23229
-20490
-17236
-15397
-13401
-9830
-6107
-4584
-3193
258
2924
3665
4461
6947
9119
9312
9467
12036
13694
13596
13794
15802
16922
15825
15241
15997
15713
12834
11187
10208
8666
5122
2835
1873
242
-2561
-3804
-3365
-4023
-5124
-5185
-3606
-3141
-3810
-3026
-1494
-1371
-1903
-1237
106
505
47
1475
3103
4007
4589
6905
9450
10607
11906
14009
16060
16314
16810
17110
17683
16016
14762
13806
12428
10204
7778
6071
3996
1091
-1574
-3140
-5191
-7821
-9840
-11314
-12716
-15323
-17232
-18570
-20251
-22389
-23971
-24372
-25488
-26606
-27345
-25720
-25342
-24776
-23091
-19940
-17718
-15924
-12980
-8570
-5809
-4330
-1014
2354
4601
5020
7105
9628
10828
10549
12225
14187
14608
14329
15364
17000
16677
15612
15682
16237
14220
12162
11195
10113
7325
4110
2466
1117
-1498
-3923
-4394
-5057
-6386
-7088
-6388
-5282
-5441
-5107
-3284
-2260
-1743
-1222
389
1371
1395
2047
3624
4587
5007
6208
8441
9870
10806
12316
14260
15337
15949
16686
17526
17148
16120
15568
14342
12733
9988
8289
6250
3865
905
-1075
-3435
-5869
-8200
-10102
-11744
-13877
-16053
-17344
-19341
-20858
-22639
-23302
-24174
-25501
-25856
-25817
-24385
-24572
-23026
-21400
-18486
-17340
-14429
-11542
-7815
-6074
-3490
-36
2419
4115
5490
8100
9985
10695
11269
13209
14017
13944
14242
15429
15708
14876
14378
14721
13918
11989
10971
9812
8334
5105
3509
1749
-7
-2779
-3929
-4896
-6130
-7553
-7861
-7295
-7307
-7158
-6088
-4121
-3367
-2320
-641
993
1804
2947
4693
5958
6655
7646
9458
10262
11162
12136
13534
14534
15142
15969
16755
16693
16135
15996
15275
13821
11856
10048
8184
5314
2688
278
-2409
-5124
-7882
-9934
-11922
-14036
-16089
-17219
-18538
-20045
-20818
-21858
-21717
-23138
-23160
-23594
-23178
-22698
-22378
-21088
-19624
-17706
-16074
-13245
-10873
-7556
-5616
-2610
395
3210
5170
7292
9348
11279
11787
12808
13596
14144
14105
13981
14374
14017
13352
12354
12379
11210
9936
8414
7433
5846
3529
1830
254
-1432
-3771
-5016
-6017
-6827
-8235
-8357
-8183
-8065
-8002
-6537
-5132
-3612
-2911
-577
1407
3311
4576
6560
8333
9268
10360
11433
12870
12732
13879
13993
15134
14549
15010
14968
15084
14385
13830
13147
11839
10423
8461
6914
4291
1753
-1040
-3665
-6349
-9242
-11673
-13709
-15601
-17714
-18961
-20243
-21152
-22244
-22757
-22415
-23108
-22554
-22919
-21299
-20983
-19622
-18799
-16718
-15326
-13312
-11191
-8567
-5588
-3857
-1041
1481
4277
5752
7684
9476
11342
12020
12860
13854
14386
14036
13808
14032
13592
12362
11151
10561
9009
7464
5605
4845
2993
1288
-393
-1070
-2393
-4070
-4918
-5607
-6046
-7247
-7118
-7149
-6817
-6923
-5768
-4710
-3270
-2304
-473
1661
3549
5405
7247
9446
11016
12653
13816
15395
16219
16849
17059
17448
17334
16650
16185
15494
14844
13577
12300
10752
9402
7432
5558
3474
1222
-1175
-3804
-6067
-8379
-10698
-12910
-14840
-16547
-18161
-20011
-21022
-22099
-22902
-23018
-23368
-22359
-22798
-21398
-20274
-18625
-17532
-15415
-12941
-10805
-9021
-6815
-3497
-1993
-325
1615
4551
6019
6906
8706
11022
11961
12247
13576
14887
14784
14099
14144
14549
13232
11410
10818
9503
7611
4949
3869
2506
385
-1833
-2661
-3297
-4828
-5930
-6106
-5715
-6523
-6790
-6082
-5193
-5222
-4922
-3779
-2345
-1607
-592
1507
3367
4813
6473
8471
10752
11920
13357
15154
16437
16795
17171
17535
17786
16934
16102
15460
14109
12632
10800
9246
7433
5019
2731
868
-1532
-4184
-6408
-8484
-10193
-12490
-14259
-15768
-17492
-19078
-20931
-21595
-23104
-23807
-24447
-24164
-23589
-23926
-22201
-20622
-18815
-17575
-14926
-12356
-9937
-8350
-5495
-2606
-1274
254
2166
4461
5515
6223
8119
10072
10766
11071
12240
13620
13468
13180
13562
14245
12862
11565
10837
9607
7655
5065
3885
2092
-157
-2506
-3377
-4679
-6195
-7306
-7368
-7101
-7575
-7390
-6446
-5620
-5012
-4171
-2799
-1707
-906
111
2192
3230
4542
5879
7732
9247
10385
12092
13614
14992
15221
16495
16685
17254
16563
16354
15560
14445
12855
11196
9352
7064
4797
2408
280
-2090
-4451
-6321
-8410
-10077
-12172
-13342
-14850
-16250
-17533
-18860
-19394
-20896
-21196
-21909
-21618
-21885
-22073
-20757
-19776
-18339
-16941
-14513
-12099
-9956
-8217
-5187
-2518
-938
983
2910
4913
6056
6575
8359
9527
10099
10398
11336
12470
12232
12266
12542
13177
12124
11567
10947
10273
8296
6242
5239
3403
1188
-1222
-2090
-3525
-5222
-6496
-6507
-6621
-7171
-6792
-5886
-5182
-4457
-3425
-1645
-752
605
1760
3324
4160
5386
6932
8098
9187
10270
11947
12384
13738
13977
15348
15140
15550
15406
15275
14355
13322
12362
10560
8678
6033
4350
1573
-849
-3210
-5155
-7026
-9128
-10613
-11920
-13368
-14738
-15779
-16338
-17352
-18204
-18644
-18966
-18863
-19879
-19148
-18531
-17598
-17175
-15736
-13836
-11866
-10818
-8585
-5445
-3806
-1862
277
2926
4749
5325
7339
9253
9921
10122
11283
12421
12384
12127
12460
13177
12052
11306
11136
10676
9380
7645
7375
6267
4345
2425
1700
376
-1611
-3011
-3672
-4073
-5634
-5721
-5198
-4727
-4839
-4302
-2633
-1789
-950
296
2341
3480
4478
5657
7668
8437
8896
10048
11451
12188
12349
13142
14116
14315
13844
14242
14165
13114
11934
11057
10315
8232
6200
4671
2860
419
-2054
-3758
-5588
-7660
-9747
-10892
-12257
-14436
-15355
-16237
-16851
-17933
-18447
-17824
-18325
-18279
-17886
-16515
-16235
-15417
-14206
-11830
-10970
-9668
-7291
-5321
-4162
-2968
-420
1781
2627
3723
6096
7872
8316
8829
10680
11650
11436
11128
12318
11960
10721
9995
9864
9216
6825
6089
5571
4418
2113
1215
695
-629
-2276
-3000
-2730
-3766
-4606
-4502
-3982
-4421
-4779
-3907
-2784
-2611
-1951
-408
1137
1642
2794
4136
5675
6076
7224
8593
9608
9947
10623
11462
11692
11486
11360
11412
10785
9762
8482
7564
5923
4178
2392
1018
-818
-2807
-4471
-6005
-7724
-9535
-10841
-12249
-13072
-14612
-14960
-15785
-15437
-16153
-16020
-15501
-14927
-14523
-14195
-12905
-11822
-10531
-9986
-7884
-6885
-5579
-4658
-2771
-1111
-8
846
2596
4060
4987
5931
7103
8157
8542
8742
9520
9955
9153
8685
8423
7971
6703
5714
5085
4354
2640
1480
1028
7
-1234
-2211
-2318
-2656
-3327
-3446
-2724
-2922
-2979
-2499
-1488
-1226
-1038
-161
1088
1605
2278
3270
4340
4828
5454
6534
7423
7965
8561
9434
9799
9920
10010
10237
9894
9387
8487
8018
6793
5490
4104
2786
1256
-541
-2161
-3824
-5162
-6810
-8186
-9064
-9930
-10977
-11558
-12314
-12239
-13268
-13034
-12738
-12108
-11925
-11194
-10049
-8892
-8121
-7290
-5565
-4675
-3458
-2749
-1191
-107
559
1487
2964
3837
4440
5119
6117
6579
6611
6647
7141
6947
6432
6123
5640
5063
3836
3325
2668
1892
702
4
-358
-1258
-1849
-2463
-2267
-2790
-2848
-2637
-2344
-2200
-1956
-1133
-369
219
777
1899
2555
3350
3865
5085
5749
6326
6945
7785
8286
8518
8939
9317
9573
9363
9409
9268
8842
8389
7682
6920
5822
4783
3166
1843
7
-1521
-3184
-4838
-6510
-7815
-9079
-10424
-11038
-12154
-11783
-12718
-12002
-12157
-10999
-10739
-9665
-8991
-7622
-6702
-5706
-4079
-3017
-1654
-625
690
1922
2986
3865
5037
5879
6744
7333
8045
8428
8829
8862
9137
8717
8145
7272
6213
5166
3627
2563
751
-378
-2105
-3213
-4635
-5393
-6100
-6639
-6909
-7023
-6832
-6613
-6046
-5648
-4821
-4356
-3445
-2707
-1753
-1122
-147
786
1977
2843
3966
5119
6274
7245
8315
9209
10282
10641
11023
11204
11255
10781
10072
9446
8570
7346
5996
4834
3381
1635
98
-1514
-2779
-4868
-6064
-7347
-8225
-9479
-10525
-10801
-11756
-11867
-12848
-12329
-12693
-12180
-12085
-11090
-10448
-9149
-7951
-6221
-4462
-3060
-1355
521
2229
3689
5109
6407
7603
8523
9332
9938
10494
10405
10667
10379
10255
9472
8682
7922
6567
5362
3701
2316
399
-1020
-2731
-4142
-5878
-7387
-8547
-9471
-10298
-11040
-11325
-11384
-11117
-10717
-9955
-8994
-8302
-6986
-5868
-4358
-3303
-1927
-666
791
2005
3218
4704
5828
7030
7821
8953
9697
10332
10418
10544
10635
9993
9535
8893
8276
6678
5297
3875
2560
504
-990
-2508
-3394
-5231
-6241
-7217
-8085
-8865
-9732
-9628
-10103
-9955
-10506
-9608
-9739
-8971
-8813
-7600
-6860
-6145
-5096
-3551
-2098
-632
906
2776
4448
5941
7227
8810
9878
10486
11080
11514
11922
11336
10998
10526
9847
8739
7592
6884
5310
4092
2464
1593
44
-1184
-2558
-3403
-4469
-5581
-6352
-7084
-7757
-8744
-9158
-9447
-9601
-9917
-9693
-9062
-8490
-7864
-7035
-5672
-4787
-3675
-2154
-504
419
1260
2599
3562
4287
4532
5434
5798
5733
5601
6128
5895
5390
4731
4506
3716
2900
1884
1432
812
-470
-639
-1827
-1606
-3097
-2909
-3636
-3307
-4186
-3871
-4055
-3821
-3992
-4025
-3292
-3034
-2687
-2261
-1591
-786
-329
372
1370
2168
2890
3673
4725
5340
5998
6541
7270
7569
7510
7764
7731
7849
7025
6879
6251
5868
5047
4507
3883
3112
2199
1568
986
91
-567
-1223
-1571
-2191
-2784
-3282
-3625
-4095
-4463
-4829
-5176
-5525
-5864
-6027
-6043
-5964
-5874
-5717
-5299
-5039
-4642
-4531
-4017
-3948
-3802
-3585
-3253
-3256
-3397
-3087
-3111
-3089
-3198
-2980
-2784
-3170
-2686
-2855
-2085
-2527
-1723
-1282
-534
-33
532
1396
1637
2276
2300
3133
2919
3501
3445
3877
3968
4115
4199
4653
4569
4852
4876
5221
5064
5024
5146
5109
4880
4387
4349
3799
3361
2650
2385
2076
1555
1087
898
676
591
583
623
776
816
1150
1359
1672
1678
1921
1990
2050
1927
1901
1815
1640
1234
1217
1060
957
620
311
-120
-435
-1148
-1737
-2302
-3057
-3908
-4944
-5841
-6887
-7845
-8768
-9595
-10338
-11049
-11627
-11897
-12498
-12634
-12659
-12189
-11702
-11326
-10217
-9622
-7893
-7303
-5556
-4573
-2891
-1799
-183
974
2357
3688
4706
6212
7050
8118
9059
10019
10949
11690
12311
12826
13146
13095
12861
12474
11595
10761
9479
8393
6990
5483
4037
2556
1301
-255
-1268
-2343
-3016
-3895
-4388
-4587
-4743
-4758
-4730
-4486
-4223
-3717
-3353
-2708
-1926
-1352
-606
110
955
1635
2481
3108
3960
4556
5017
5330
5388
5568
5233
4789
4069
3622
2477
1654
583
-746
-2245
-3764
-5245
-6983
-8697
-10116
-11693
-13006
-14253
-14969
-15387
-15964
-15885
-16227
-15408
-15502
-14579
-13771
-12193
-11148
-9562
-7799
-5787
-3928
-2268
249
2080
3983
5815
7880
9771
11339
12676
14129
15112
15816
16213
16686
16542
16058
15339
14867
13877
12441
11294
9838
8441
6455
4997
3327
1822
194
-1024
-2244
-3393
-4582
-5169
-5581
-6111
-6453
-6477
-6013
-5585
-5240
-4686
-3719
-3201
-2249
-1296
-139
807
1562
2485
3401
4073
4755
5220
5672
5643
5522
5147
5039
4354
3602
2722
1820
701
-565
-1655
-3135
-4303
-5944
-6902
-8343
-9379
-10344
-11394
-11665
-12413
-12211
-12506
-11921
-11953
-11264
-10820
-9755
-9073
-8126
-6641
-5393
-4081
-2632
-873
935
2569
4205
6096
7778
9142
10437
11555
12329
12818
13020
13077
12711
12125
11465
10718
9724
8383
7399
6252
5181
3949
3236
2298
1504
641
-13
-532
-1172
-1647
-2171
-2270
-2679
-3185
-3231
-3348
-3514
-3553
-3400
-3122
-2754
-2331
-1662
-1032
-580
125
564
1098
1398
1579
1598
1621
1296
875
461
-255
-1006
-1778
-2605
-3212
-3866
-4433
-4514
-5324
-5372
-5730
-5316
-5441
-5068
-4778
-4403
-4214
-3848
-3417
-3321
-2735
-2574
-1651
-1331
-753
-402
188
912
1444
2106
2672
3497
3973
4532
5129
5280
5323
5092
4993
4352
3665
3168
2543
1947
1200
715
243
-133
-432
-462
-697
-777
-869
-732
-744
-954
-886
-596
-695
-985
-970
-682
-573
-392
277
883
1031
1362
1953
2562
2833
2873
3316
3230
2963
2418
1761
1008
28
-1038
-2002
-3034
-4163
-5252
-6010
-6877
-7471
-8014
-8054
-8295
-8515
-7925
-7778
-6973
-6833
-5711
-5210
-4300
-3972
-2778
-2029
-1150
-260
875
2415
3572
4813
6331
7946
9129
10183
11464
12828
13155
13684
13804
13844
12962
12090
10991
9573
7932
5932
4381
2724
973
-605
-1927
-2973
-4052
-5039
-5723
-6392
-6980
-7432
-7535
-7743
-7851
-8191
-7858
-7834
-7517
-7354
-6639
-5787
-4970
-3961
-2721
-1508
-57
961
2280
3397
4272
4839
5367
5887
5959
5849
5507
5134
4082
2949
1876
912
-537
-1926
-3095
-4015
-5431
-6167
-6975
-7381
-8144
-8242
-8307
-8295
-8227
-8238
-7705
-7464
-6713
-6160
-5027
-4179
-2780
-1553
189
1757
3668
5386
7357
9071
10953
12646
14144
15171
15952
16729
16921
16932
16583
16166
15336
14365
13152
11946
10675
9379
7965
6480
4711
3298
1608
7
-1559
-3014
-4832
-6422
-7845
-9110
-10170
-11161
-11774
-12170
-12389
-12275
-11968
-11607
-11079
-10272
-9154
-8228
-7156
-6325
-5074
-4217
-3244
-2564
-1796
-1435
-1140
-749
-473
-326
-322
-300
-153
-534
-511
-734
-552
-814
-1056
-1059
-1353
-1346
-2093
-1927
-2449
-2483
-3051
-2998
-3093
-3113
-2986
-2571
-1925
-1463
-583
528
1483
2535
3595
4953
6012
6915
7984
8765
9714
10084
10652
10935
11193
11011
11078
11160
11043
10917
10524
10646
10077
9590
9062
8418
7500
6645
5718
4683
3563
2280
1297
-76
-1426
-2703
-3757
-4816
-5911
-6719
-7387
-7913
-8677
-8925
-9278
-9512
-9899
-10033
-10057
-10223
-10407
-10530
-10595
-10803
-10740
-10507
-10398
-10199
-10206
-10067
-9655
-9334
-8890
-8544
-7706
-7349
-6630
-5977
-5129
-4292
-3643
-2735
-2028
-1092
-702
420
1098
1919
2226
2908
3730
4330
4712
5187
6171
6725
6981
7631
8184
8469
8502
8844
8977
8654
8335
7961
7606
6892
6239
5915
5565
5108
4755
4595
4360
4049
3672
3729
3815
3498
3451
3495
3422
2950
2729
2527
2266
1887
1531
1515
1356
998
722
415
57
-356
-844
-1298
-1771
-2557
-3395
-3851
-4609
-5297
-6196
-6975
-7751
-8601
-9466
-10139
-10920
-11708
-12145
-12637
-13102
-13405
-13258
-13226
-12885
-12687
-11722
-10781
-10076
-9112
-7840
-6509
-5667
-4336
-2885
-1516
-538
894
2332
3677
4758
6081
7490
8762
9719
10583
11613
12367
12649
12926
12996
12814
12070
11510
11088
10087
9092
8206
7551
6613
5608
4931
4507
3622
2935
2462
2122
1534
1067
945
776
368
158
229
396
240
109
488
711
876
1007
1327
1786
2050
2267
2602
2634
2565
2251
2280
1953
1479
745
95
-374
-1328
-2098
-2865
-3563
-4570
-5510
-6411
-7250
-8084
-8977
-9504
-10097
-10508
-10629
-10532
-10545
-10269
-9864
-9271
-8763
-7984
-7035
-6239
-5361
-4457
-3282
-2173
-1144
193
1653
2794
4030
5390
6636
7799
8674
9595
10469
10712
10854
10821
10644
10134
9560
8940
8447
7594
6903
6268
5752
4981
4375
3762
3199
2660
2067
1466
838
543
-12
-240
-490
-602
-754
-709
-465
-229
3
287
532
965
1195
1475
1501
1494
1508
1240
1101
939
630
232
-200
-682
-1208
-1746
-2285
-2912
-3513
-4139
-4922
-5584
-6324
-7008
-7552
-7734
-7930
-7897
-7887
-7651
-7274
-7053
-6685
-6176
-5414
-5106
-4321
-3687
-2909
-2137
-1580
-904
158
886
1595
2390
3264
3972
4656
5278
5966
6162
6070
6169
6130
5784
5424
5063
4546
3911
3257
2904
2533
1945
1558
1278
988
889
606
567
288
71
-47
-95
-40
-213
-418
-272
58
-8
51
505
817
1009
1168
1384
1426
1425
1555
1722
1658
1451
1166
951
464
-192
-690
-1297
-1914
-2818
-3505
-4208
-4709
-5499
-5981
-6442
-6961
-7635
-8056
-8174
-8133
-8067
-7614
-7264
-6835
-6092
-5467
-4709
-3952
-2985
-2319
-1253
-488
486
1417
2100
2882
3632
4283
4782
5150
5433
5674
5789
5793
5825
5613
5213
4692
4286
3413
2692
1789
886
-89
-1039
-1644
-2251
-2850
-3471
-3758
-3873
-3814
-3879
-3675
-3509
-3316
-3196
-2608
-2082
-1495
-995
-289
699
1288
2000
2523
3073
3683
3811
4115
4281
4150
4032
3865
3549
3009
2516
1712
1105
191
-755
-1579
-2459
-3213
-4263
-5081
-5874
-6624
-7521
-7969
-8403
-8748
-9128
-9026
-8762
-8425
-7787
-7199
-6390
-5592
-4434
-3254
-2247
-1161
90
1308
2494
3443
4496
5534
6159
6988
7529
7988
8195
8533
8681
8687
8608
8301
7812
7406
6605
5651
4710
3488
2318
1218
276
-931
-1754
-2435
-3099
-3520
-3883
-4286
-4521
-4671
-4764
-4346
-4049
-3694
-3232
-2781
-2023
-1620
-805
-59
751
1444
2243
2916
3637
4386
4861
5371
5648
5579
5690
5630
5264
4477
3734
3029
2367
1476
592
-144
-1086
-1842
-2861
-3753
-4620
-5295
-6016
-6442
-6727
-6930
-7171
-7089
-6745
-6238
-5958
-5477
-4957
-4532
-3747
-2904
-1862
-1008
103
1050
2281
3306
4367
5448
6163
6894
7565
8226
8640
8861
9157
9177
9154
8819
8230
7485
7101
6011
4940
3974
3186
2292
1138
435
-673
-1150
-1985
-2812
-3287
-3626
-4135
-4469
-4633
-4785
-4675
-4499
-4543
-4194
-3508
-2989
-2634
-2142
-1730
-1207
-689
-275
437
840
983
1299
1631
1732
1651
1496
1358
996
686
258
-145
-667
-998
-1370
-1567
-2056
-2354
-2650
-2846
-3271
-3617
-3945
-4150
-4616
-4917
-5000
-5257
-5150
-5276
-4943
-4813
-4660
-4072
-3395
-2760
-2285
-1337
-769
-45
732
1347
1916
2397
3099
3622
4124
4395
4819
5173
5410
5495
5448
5649
5423
5264
4996
4800
4593
4193
3947
3538
3193
2714
2256
1543
1270
554
175
-284
-624
-1016
-1511
-1706
-2044
-2257
-2399
-2731
-2720
-2878
-2983
-2906
-2993
-2866
-2922
-3047
-3186
-3098
-3266
-3342
-3450
-3398
-3448
-3448
-3372
-3236
-3098
-2952
-2795
-2493
-2299
-2141
-1860
-1730
-1471
-1561
-1352
-1155
-1168
-1124
-1217
-1199
-1244
-1171
-1180
-1258
-1241
-1265
-1348
-1109
-1165
-1013
-799
-502
-384
-244
43
235
605
682
999
1166
1396
1431
1726
2296
2390
2621
2927
3486
3781
3752
3988
4264
4198
4208
4360
4455
4267
4286
4122
3766
3397
3014
2720
2460
1974
1764
1409
895
657
400
261
-286
-574
-1051
-1332
-1394
-1413
-1830
-1886
-2357
-2595
-3068
-3396
-3637
-3839
-3783
-3563
-3224
-2985
-2983
-2567
-2343
-2311
-2258
-1979
-1764
-1648
-1626
-1471
-1137
-1273
-1167
-1142
-768
-563
-133
170
427
497
503
605
375
299
239
65
47
-190
-39
-74
-18
95
-117
31
-73
106
170
382
580
745
1112
1236
1637
2102
2320
2644
3036
3410
3685
3834
4135
4205
4170
4225
4287
4157
4045
4033
3850
3579
3331
3246
3097
2807
2515
2289
2031
1583
1252
785
441
109
-377
-574
-745
-989
-1230
-1228
-1215
-1375
-1390
-1341
-1506
-1629
-1599
-1532
-1582
-1474
-1394
-1286
-1277
-1127
-1017
-824
-685
-531
-428
-392
-222
-483
-587
-525
-382
-458
-458
-142
-73
-12
176
259
344
373
349
488
409
455
466
384
366
81
194
333
410
538
697
975
1308
1522
1793
2202
2331
2266
2491
2541
2547
2464
2492
2348
2034
1930
1849
1579
1602
1586
1517
1226
960
882
652
395
-15
-256
-365
-710
-1147
-1375
-1538
-1664
-1909
-1945
-1965
-2053
-2072
-1851
-1552
-1155
-916
-787
-671
-393
-434
-387
-206
-297
-549
-674
-620
-821
-846
-839
-733
-665
-794
-765
-615
-905
-1188
-1288
-1524
-1611
-1697
-1936
-1974
-2030
-2176
-1982
-2013
-1783
-1598
-1387
-1168
-1106
-1044
-865
-793
-743
-747
-601
-75
107
472
966
1149
1500
1589
1855
1940
1955
1961
2096
2023
1867
1789
1634
1464
950
743
683
280
-56
-219
-274
-310
-476
-610
-664
-949
-1073
-1089
-1323
-1359
-1349
-1282
-1041
-871
-874
-428
-200
-141
99
418
753
910
1028
1173
1221
1430
1412
1479
1719
1654
1426
1394
1288
1013
755
649
659
524
282
237
118
-106
-400
-557
-589
-701
-509
-223
-128
-207
-369
-189
-19
-82
-87
-30
232
305
611
888
1161
1197
1278
1335
1479
1374
1309
1430
1312
1406
1434
1598
1697
1539
1431
1404
1162
723
416
163
-373
-798
-947
-1306
-1657
-2033
-2225
-2371
-2596
-2774
-2726
-2615
-2681
-2581
-2450
-2157
-1937
-1835
-1691
-1121
-811
-512
141
640
878
1007
1417
1766
1654
1725
1918
2023
2173
2406
2428
2587
2520
2296
2230
2294
2050
1682
1628
1373
1247
918
577
267
145
70
-63
-392
-680
-930
-861
-765
-686
-415
-485
-420
-256
-261
-102
-168
-135
124
416
494
699
1014
1071
1161
1277
1578
1613
1408
1366
1213
890
664
251
26
-187
-539
-781
-1068
-1152
-1305
-1675
-1896
-2177
-2448
-2536
-2572
-2676
-2746
-2681
-2716
-2676
-2624
-2461
-2380
-2126
-1881
-1532
-1265
-809
-487
-196
7
155
561
469
544
673
846
987
1239
1518
1627
1665
1723
1824
1865
1844
1728
1686
1639
1299
1224
1316
1140
848
673
518
249
-43
-158
-208
-234
-307
-404
-387
-281
-114
-172
-127
50
266
217
248
298
383
373
312
424
504
525
888
1086
1021
1296
1382
1599
1517
1481
1398
1199
1218
1176
1143
807
514
213
-94
-319
-568
-632
-742
-902
-797
-779
-954
-1204
-1273
-1409
-1362
-1174
-1173
-1042
-873
-822
-749
-518
-535
-422
-453
-370
-375
-367
-169
106
74
109
327
30
13
155
242
201
205
235
191
315
295
537
592
549
605
421
510
687
493
447
327
105
86
67
32
71
86
26
-71
-78
-46
87
55
352
328
382
642
729
610
505
572
490
658
591
579
688
498
353
337
-17
-79
-294
-347
-407
-289
-63
-81
-164
-60
-47
-71
-96
-124
-146
-240
-277
-346
-221
-299
-307
-412
-352
-456
-434
-333
-199
-100
-42
50
-101
-123
-290
-513
-613
-747
-881
-1043
-1325
-1504
-1699
-1708
-1856
-1723
-1285
-1158
-882
-617
-417
-231
-154
-47
140
255
481
621
694
955
1076
1251
1439
1555
1590
1644
1710
1686
1844
1800
1587
1496
1516
1502
1490
1574
1414
1335
1134
958
975
881
676
525
335
345
180
34
153
56
106
119
360
530
598
509
487
449
348
250
56
146
-37
-129
-116
121
253
84
110
72
107
-44
31
-104
-286
-496
-669
-631
-964
-1063
-1301
-1575
-1722
-1798
-1805
-1761
-1891
-1898
-2050
-2263
-2339
-2544
-2773
-2920
-2678
-2793
-2765
-2544
-2435
-2491
-2408
-2106
-1973
-1919
-1773
-1424
-1140
-985
-747
-430
-277
127
386
659
600
627
473
132
56
49
60
34
55
103
203
283
419
430
644
549
516
388
428
609
576
558
485
334
215
233
-55
-68
-88
-419
-689
-654
-666
-784
-777
-838
-791
-733
-762
-842
-684
-830
-878
-988
-1134
-1083
-1186
-1126
-1127
-1077
-1218
-1142
-1122
-1039
-959
-1133
-1150
-1036
-1024
-996
-1120
-1118
-901
-603
-470
-510
-658
-494
-363
-720
-790
-1073
-1108
-858
-916
-684
-627
-489
-184
-177
-89
-326
-134
-134
69
281
225
286
288
679
713
896
1046
1042
1181
1569
1832
2105
2236
2403
2356
2336
2386
2300
2310
2046
1913
1850
1652
1626
1288
1000
898
601
672
578
483
197
36
-279
-499
-651
-1006
-1051
-1230
-1241
-1265
-1144
-1181
-1134
-1005
-1154
-1271
-1094
-1098
-958
-790
-680
-726
-673
-577
-729
-599
-626
-499
-502
-433
-239
-381
-354
-278
-21
188
424
531
481
557
430
283
221
116
37
70
-24
140
45
-18
-8
-148
-103
-122
-116
-207
-263
-295
-333
-292
-357
-250
-37
34
181
305
345
502
548
616
819
950
1087
1157
1218
1402
1227
1222
1129
946
977
742
611
507
409
202
157
66
-187
-353
-459
-501
-812
-906
-871
-943
-866
-770
-770
-725
-602
-658
-541
-481
-296
-113
100
324
533
793
700
473
678
762
885
1041
961
1139
1239
1279
1238
1318
935
900
800
523
558
611
796
735
960
1101
1000
855
1031
1323
1250
1226
1109
1187
1133
1011
1093
1164
1065
1196
1252
1149
1220
1161
1193
1307
1182
1086
689
440
434
303
235
-51
38
-38
-178
-430
-558
-734
-791
-847
-945
-850
-929
-1221
-1331
-1445
-1630
-1716
-1780
-1841
-1739
-1665
-1637
-1494
-1340
-1265
-1236
-975
-828
-662
-605
-627
-395
-635
-620
-539
-742
-653
-658
-698
-710
-473
-437
-629
-445
-517
-558
-677
-461
-473
-771
-763
-748
-833
-856
-695
-677
-391
-362
-220
-200
-188
-291
-179
-118
-436
-493
-540
-469
-495
-385
-211
-30
54
228
143
136
39
-40
106
83
127
71
-16
-266
-379
-381
-520
-656
-972
-1166
-1477
-1542
-1576
-1885
-1855
-2098
-2277
-2208
-2151
-2294
-2407
-2235
-2080
-1754
-1751
-1516
-1360
-1264
-992
-718
-440
-235
23
-195
4
175
69
115
-172
-92
208
328
311
351
284
131
67
79
112
-119
-103
18
250
256
404
382
213
129
269
473
431
626
766
744
789
748
771
841
929
991
1052
926
653
639
760
719
802
940
797
829
618
650
845
441
320
210
100
192
137
60
-150
-148
-418
-540
-684
-783
-816
-928
-1008
-946
-906
-860
-594
-439
-148
-182
-93
59
126
149
287
388
529
600
600
778
762
936
870
971
1039
958
874
667
779
685
456
206
122
-29
-6
107
-94
33
-17
122
-60
20
146
210
203
29
47
230
90
-16
-233
-278
108
88
168
344
319
195
341
305
501
530
328
307
443
464
564
651
654
427
465
330
186
64
-158
29
10
-107
-114
-8
-8
-173
-394
-227
-418
-318
-67
-249
36
268
284
303
357
433
551
653
805
929
960
1073
1164
1259
1452
1740
1786
1775
1702
1650
1540
1358
1125
1213
1137
1158
1276
1288
1385
1345
1227
1136
1085
1119
1033
949
796
810
978
793
664
723
806
924
902
811
750
638
658
635
662
408
316
443
275
281
374
493
577
491
370
132
65
-160
-186
-413
-837
-984
-1006
-1253
-1234
-1000
-1121
-1216
-1046
-1182
-1266
-1519
-1561
-1480
-1269
-976
-998
-745
-576
-68
164
365
591
748
793
671
673
764
984
1026
1067
1019
951
778
671
158
-12
-154
-354
-390
-481
-670
-798
-828
-948
-888
-742
-761
-729
-539
-669
-617
-767
-797
-745
-793
-799
-746
-1053
-1101
-1202
-1246
-1383
-1299
-1283
-1473
-1351
-1457
-1261
-1298
-1203
-1243
-1307
-1301
-1144
-1284
-1210
-1141
-1419
-1262
-1405
-1440
-1545
-1729
-1818
-1704
-1598
-1455
-1418
-1618
-1695
-2052
-1890
-1962
-1858
-1830
-1914
-1891
-1827
-1630
-1585
-1279
-1018
-892
-693
-425
-208
114
346
448
759
1131
1322
1694
2051
2167
2276
2215
2004
2083
1936
1907
2039
1871
1833
1586
1198
1013
826
746
424
175
203
116
-53
-268
-449
-693
-862
-1048
-1227
-1547
-1635
-1571
-1558
-1452
-1447
-1154
-1028
-1211
-1238
-1093
-953
-1072
-1004
-949
-937
-704
-382
-314
-344
-464
-815
-760
-968
-974
-874
-967
-882
-716
-595
-616
-625
-677
-677
-524
-531
-737
-812
-720
-751
-602
-552
-588
-662
-516
-321
-187
-136
52
241
283
569
728
992
1334
1611
1743
2046
1971
2224
2225
2230
2261
2226
2524
2338
2218
2111
2072
2090
2242
2190
2188
2263
2031
1788
1581
1402
1160
838
658
663
423
408
-47
-283
-306
-384
-687
-673
-883
-1007
-903
-915
-985
-1317
-1299
-1355
-1243
-1271
-1096
-894
-824
-654
-657
-699
-852
-702
-240
139
186
117
4
4
-119
-267
-283
-415
-194
-209
-68
79
264
489
583
699
623
680
503
312
374
478
471
326
453
677
893
1272
1624
1619
2075
2551
2515
2621
2790
2817
2508
2556
2451
2556
2789
2702
2678
2427
2262
2299
2214
2116
1922
1793
1866
