-278
-528
-511
-621
-664
-810
-1018
-1285
-1620
-1679
-1903
-1802
-1272
-1172
-840
-962
-1052
-1199
-1621
-1561
-1651
-1661
-1841
-1573
-1136
-1297
-1230
-874
-851
-851
-676
-616
-667
-403
-453
-327
-212
-205
-222
-506
-423
-283
-446
-104
-145
-24
259
64
130
222
610
488
329
275
449
733
698
701
920
564
444
390
126
312
453
615
661
615
784
690
516
422
288
261
83
-131
-283
-399
-729
-614
-442
-806
-829
-883
-821
-883
-834
-626
-917
-1102
-1035
-1042
-1566
-1685
-1410
-1210
-1243
-1044
-843
-796
-766
-850
-629
-816
-973
-676
-496
-578
-484
-328
161
147
410
593
458
540
1024
1371
1458
1220
940
874
619
732
874
871
657
572
342
323
131
158
-283
-632
-524
-356
-377
-121
100
111
20
-47
312
352
627
784
956
765
931
1194
1409
1378
989
619
594
349
228
4
-146
38
-298
-157
-336
-290
17
152
19
56
306
125
-166
32
86
88
-66
-215
331
505
688
617
894
964
984
1074
847
933
787
805
732
516
570
318
483
475
335
277
175
189
216
322
-65
-215
-534
-730
-429
-78
342
299
-40
-9
195
227
418
416
208
250
300
100
199
374
174
199
108
414
163
92
287
234
23
-253
-52
479
230
268
597
625
869
711
999
1252
1209
980
1040
1069
1083
370
305
187
243
254
87
-156
-403
-192
-262
-157
-358
-125
-366
-288
155
-258
-91
183
537
233
77
147
533
848
597
718
1167
1467
1418
1225
1276
1440
1236
1377
1309
1160
888
912
636
675
329
347
612
464
525
506
740
830
1098
1271
1511
1483
1645
2016
1832
2037
1883
1907
1955
2425
2699
2573
2212
2139
2331
2008
1431
1224
1604
1451
1070
921
906
664
347
407
219
-272
-108
-267
-421
-426
-584
-503
-382
-321
-394
-769
-993
-896
-1099
-1044
-800
-1132
-1321
-1461
-1524
-1432
-1143
-1202
-1156
-1374
-1642
-2007
-1971
-1867
-1958
-1557
-1350
-1554
-1721
-1567
-1555
-1342
-1178
-1155
-851
-837
-487
-132
-80
424
528
336
289
374
574
785
625
730
898
1054
1199
1265
941
883
921
828
803
675
873
576
716
510
664
861
932
1229
847
641
380
320
523
614
254
36
258
267
46
-346
-787
-1303
-1186
-1219
-931
-1249
-1468
-1085
-1343
-1285
-1095
-757
-637
-955
-768
-1192
-1815
-1708
-1495
-1386
-1495
-1342
-613
-406
-576
-456
-349
-342
-234
85
-435
-387
-562
-381
-481
-702
-498
-391
-52
117
380
482
490
284
212
627
892
918
1071
1342
1942
2334
2449
2417
2308
2545
2849
2659
2554
2681
2694
2768
2842
2868
2811
2413
2125
1980
2100
1914
1831
1682
1739
1630
1547
1675
1538
1552
1601
1311
1271
1228
816
586
354
557
250
162
-32
-95
-154
-242
116
114
-64
-318
-115
219
557
484
464
216
-90
-157
-499
-360
-570
-756
-415
-430
-578
-418
-519
-449
-140
39
177
150
464
327
621
854
1069
1385
1458
1679
1847
2108
2191
2082
2120
1997
2172
1831
1997
1926
1663
1686
1194
723
850
814
513
702
268
-269
-730
-573
-834
-1185
-916
-1389
-1817
-1919
-2150
-1946
-1847
-2511
-2487
-2098
-2078
-1853
-1530
-1091
-894
-619
-902
-1086
-778
-711
-528
-878
-1083
-872
-1003
-765
-345
-194
165
254
-31
-18
247
334
179
124
-218
-153
246
64
-55
-476
-658
-581
-764
-874
-566
-310
-598
-504
-203
26
-26
111
313
723
763
993
796
486
133
48
333
-47
-172
-307
-497
-390
98
389
538
547
578
852
704
736
917
1138
893
663
686
334
193
421
450
-27
-452
-491
-356
-371
-302
122
-84
132
134
-68
-381
-586
-297
-795
-784
-986
-1054
-1177
-1193
-1537
-1576
-1491
-1833
-1421
-1140
-1043
-1192
-1376
-1607
-1626
-1508
-1314
-1008
-1243
-1334
-1281
-1126
-1132
-1448
-1613
-1563
-1538
-1430
-1198
-1005
-930
-897
-1155
-817
-641
-438
-211
-540
-623
-603
-611
-670
-563
-703
-958
-1099
-826
-792
-765
-837
-708
-1128
-1534
-1377
-1349
-1287
-1671
-1679
-1806
-1676
-1593
-1719
-1828
-1919
-1426
-1350
-1688
-1477
-1559
-1394
-1171
-960
-641
-443
-384
-521
-916
-1026
-1359
-1165
-1410
-1565
-1437
-1374
-1330
-1270
-1212
-1327
-1094
-1432
-1213
-999
-1077
-1052
-1181
-1270
-908
-553
-161
143
243
60
-22
48
104
57
307
110
79
139
9
153
360
811
715
567
531
490
194
-64
24
-92
-133
130
47
-115
-29
-138
-305
-346
-300
-565
-575
-371
-709
-303
-117
-374
-486
-660
-828
-596
-179
-330
-101
-78
-152
-267
-144
-64
525
964
982
1080
1193
966
721
885
684
828
959
597
436
22
-340
-340
-272
-91
173
450
538
466
552
728
863
838
793
1071
572
632
1089
1172
1211
1454
1651
1172
1226
1079
1425
1593
1474
1364
1379
1696
1546
1451
1175
1010
1136
847
908
916
703
745
866
685
514
566
457
624
1232
1076
930
1006
1003
1048
1249
1073
1144
1055
699
821
581
329
465
414
-42
-293
-672
-853
-931
-771
-877
-788
-849
-1208
-1081
-1119
-1008
-967
-939
-1382
-1488
-1625
-1607
-1457
-1897
-2400
-2018
-1858
-1913
-1727
-2066
-2035
-1675
-1384
-714
-703
-743
-704
-630
-535
-477
-191
-113
-262
-80
68
-44
32
-343
-363
-326
-603
-576
-478
-726
-643
-577
-368
-187
-375
-597
-884
-646
-628
-502
-592
-925
-786
-1002
-1015
-1070
-1292
-1053
-1202
-1263
-1293
-1056
-814
-685
-369
-186
-202
-346
-752
-763
-243
-216
-223
-162
-50
-134
295
43
-285
-213
-410
-340
-414
-731
-1069
-884
-782
-932
-1092
-1218
-1343
-1276
-1248
-1207
-1306
-1149
-1320
-1450
-1036
-843
-559
-652
-732
-358
-26
-221
-294
-312
-123
-196
-839
-1037
-1054
-1123
-1397
-1673
-1636
-1471
-1612
-1612
-1953
-1813
-1611
-1864
-1718
-1766
-1291
-1191
-768
-737
-187
-90
-409
-389
-641
-343
199
248
-82
-50
-10
-129
13
114
281
317
571
354
400
337
297
85
197
-68
-225
-186
-536
-440
-412
3
-282
-114
-168
-714
-579
-235
-60
16
-376
-247
-372
-375
-330
-229
-370
-180
-223
-343
-507
-525
-540
-974
-1461
-1626
-1680
-1582
-1718
-1396
-1183
-1321
-1167
-1339
-1159
-1317
-1184
-1329
-521
-85
1
406
495
822
778
1002
852
938
824
910
1216
1490
1809
1848
1754
1485
1572
1638
1626
1418
1566
1217
1029
1040
716
776
335
257
-288
-778
-574
-1061
-1533
-1961
-2303
-2115
-2113
-1898
-2107
-2022
-1615
-1458
-1333
-1643
-1713
-1398
-1027
-332
0
132
245
603
758
844
802
464
476
573
-23
-78
-51
416
355
385
676
538
1021
1572
1670
1380
1526
1990
2032
2200
2247
2451
2723
2611
2978
3502
3517
3989
3920
3996
4374
4446
4260
4579
4308
3838
3976
3418
2974
2796
2284
1695
1599
1253
899
883
934
696
307
327
147
682
969
496
449
179
215
438
526
249
-83
-515
-1051
-1319
-1643
-2065
-2373
-3240
-3641
-3831
-4327
-4809
-5290
-5901
-6068
-5961
-6048
-6213
-6411
-6500
-6627
-6035
-5965
-5074
-4111
-3082
-1990
-575
371
1579
3068
4522
5743
7077
7640
8463
9164
8791
8423
7959
7877
7515
5986
5088
4129
3267
2332
1279
481
-458
-763
-1025
-2063
-2775
-2965
-3352
-3945
-4520
-4539
-4987
-5460
-5447
-5137
-4522
-3834
-3031
-2189
-1256
-29
1057
2050
3388
4259
5112
5736
6493
6658
6974
6708
5643
5276
4591
3706
2944
1621
661
116
-311
-870
-1798
-2306
-2842
-3226
-3415
-3028
-3097
-3144
-2875
-2916
-3498
-3440
-3349
-3823
-3590
-3164
-3329
-3186
-2444
-2101
-1582
-671
253
1181
1937
2624
3069
3348
3195
2909
3006
2537
1891
1645
1337
779
397
-191
7
278
-181
-242
470
523
859
1749
2060
1786
1648
1612
2063
1541
461
-38
-343
-457
-750
-1348
-1313
-1240
-1237
-1210
-1004
-1260
-1321
-821
-621
-483
-88
-355
-720
-1218
-1790
-1895
-2319
-2724
-3771
-4124
-4660
-4967
-5250
-5356
-4892
-4384
-4065
-3455
-3095
-2269
-1834
-1816
-906
-1107
-1351
-1611
-1732
-1496
-1473
-1531
-1286
-1484
-1464
-1339
-1212
-1076
-1127
-834
136
766
784
1751
2172
2475
2956
3168
3259
3284
2808
2982
3395
3413
3226
3142
3471
3679
3539
4127
4551
4300
3930
4476
4499
4347
3765
3598
3318
2692
2085
1693
1572
1273
1139
1535
1122
954
1635
1843
2122
2544
3308
3238
2934
3626
3380
3232
3450
2942
3002
2936
2363
2212
1664
536
70
-826
-1897
-2849
-3417
-4110
-4732
-6165
-6771
-7609
-8751
-9502
-10066
-10687
-11588
-11794
-12331
-13204
-13315
-13545
-14615
-15114
-14617
-13577
-11779
-11675
-9966
-7051
-4839
-2962
563
4567
7350
8087
10159
13299
16010
15544
14787
15986
15542
13453
11721
11711
10393
8217
5946
6472
6241
3735
1224
1665
1129
-921
-2482
-2647
-3388
-5421
-6790
-6921
-7696
-9465
-10236
-9390
-8616
-8179
-6552
-4308
-2321
-275
2098
5731
8707
10202
12062
14738
15700
16092
15980
15464
14541
12393
10778
9238
7456
4794
3252
2156
486
-1263
-1736
-2192
-2681
-3128
-3670
-3909
-4434
-4801
-4836
-5191
-5256
-5738
-6126
-6234
-5541
-4629
-3927
-2338
-1033
667
2560
4379
6057
7910
8930
9949
10918
11117
10820
10195
9246
7888
6296
5160
3015
1670
678
273
-100
-682
-953
-621
-662
-521
177
367
346
108
-109
128
-427
-1425
-1920
-2159
-3161
-4010
-3662
-3604
-3874
-4397
-4145
-4098
-4070
-3995
-4270
-4728
-5566
-5744
-6064
-6955
-8389
-9432
-10336
-11556
-12545
-13031
-13331
-13777
-14177
-13357
-12730
-10828
-8988
-7409
-5197
-1896
1090
2925
5441
9383
11649
11571
12980
15634
16142
14530
13496
14709
14732
12234
10827
11007
10325
7334
5893
6684
5836
2806
1023
1133
317
-2725
-4416
-4614
-5320
-7768
-8945
-8106
-7869
-8898
-8783
-6860
-5591
-5016
-3559
-406
2201
3923
6122
8856
10216
10620
11653
13234
13615
12484
12127
12312
11518
9576
8583
7932
5933
4196
3604
3669
2881
1765
773
692
-38
-853
-1616
-2759
-3018
-3851
-4300
-4945
-5293
-5400
-4757
-3691
-2545
-2260
-1298
-206
922
1877
2449
2842
3292
2850
1815
1655
1149
-165
-2386
-3205
-4659
-6481
-8773
-9729
-10770
-12178
-13240
-13114
-13390
-14343
-14879
-14393
-14986
-15307
-15632
-13985
-11828
-11256
-11396
-8004
-4080
-2714
-890
3038
8136
9765
9835
12806
17454
17443
15000
14499
16896
15550
11661
9072
9594
7391
3341
1134
2517
659
-3481
-5060
-3449
-4132
-6592
-8025
-7004
-7553
-10251
-10755
-9431
-9824
-11680
-11171
-8936
-7145
-6518
-4696
-1384
1719
3553
6335
10102
12667
13787
15961
18090
18829
18134
17107
16442
15288
12294
9916
8512
5582
2625
965
-208
-915
-2834
-3711
-3922
-3328
-4048
-4401
-3757
-3811
-4021
-3064
-2401
-2427
-2870
-2941
-2124
-1704
-1800
-1414
-192
287
1172
1944
2914
2757
2613
2295
2371
1161
-474
-1637
-2851
-5175
-7283
-9240
-10840
-13202
-15930
-17423
-18679
-20158
-21639
-22504
-23048
-23904
-24682
-24894
-24628
-22172
-20146
-19342
-17778
-12682
-8589
-5944
-2969
3686
8529
9124
10273
16518
20467
19394
17221
19114
21976
19098
15760
16656
17810
13424
9713
10161
11943
7747
3337
2791
4535
1369
-2261
-3212
-2683
-5745
-9219
-8763
-8080
-10029
-12537
-10852
-6892
-5924
-4971
-1283
3185
6083
9182
13383
17756
20134
21216
24488
26552
26167
24642
24422
23344
20921
17794
16404
14006
10325
7372
5665
4188
1989
-32
-981
-2021
-3135
-4211
-5078
-5457
-6850
-7233
-8223
-8677
-9204
-9195
-9090
-7760
-7885
-7774
-6811
-5396
-4003
-3137
-2740
-1542
-1267
-1303
-844
-390
-1184
-2424
-3657
-4961
-7489
-9358
-11226
-13289
-16737
-19523
-21271
-23103
-25387
-27552
-27467
-27652
-26194
-23396
-21127
-19660
-15205
-8830
-4207
-1578
3512
11485
14276
14486
17418
24883
25142
21976
20759
24914
23880
19347
17565
20738
19435
14431
12407
14982
13923
7718
4855
5917
4446
-1583
-5682
-6168
-8367
-14108
-16552
-15999
-17026
-20490
-20039
-16558
-13771
-12886
-9364
-3094
2474
5935
11055
18028
22829
24657
27348
31161
31925
30817
29116
28999
27101
23617
20596
19323
16226
12299
9004
7661
5691
2572
-154
-1389
-2489
-4708
-7020
-8315
-9045
-11471
-13150
-14531
-14548
-15446
-15782
-15043
-13267
-12447
-11519
-9925
-7579
-5856
-5305
-3773
-1674
-1216
-2220
-2494
-2801
-4992
-7179
-8956
-11503
-15133
-18934
-21785
-24968
-28854
-31379
-31858
-31966
-30460
-28488
-26373
-24090
-17126
-12169
-6874
-2491
4746
8742
11552
13917
20789
23197
21969
20984
23489
25396
22565
20642
21652
22732
18856
17364
18057
19462
14024
10531
9373
8645
2762
-2215
-6189
-9223
-15683
-20226
-22115
-24019
-27844
-29557
-27551
-24070
-21655
-18125
-11273
-3533
937
5684
13739
19971
22569
24538
29093
31575
29901
27422
28741
28397
23914
20530
20070
19212
15540
12693
12748
12007
8635
5212
4635
3299
-809
-5035
-6815
-8790
-12809
-16421
-17612
-19222
-20788
-22287
-21124
-19849
-18481
-17342
-14821
-11181
-8462
-7081
-5215
-3405
-2758
-3368
-4258
-4127
-6234
-9333
-11754
-13478
-16658
-20030
-22277
-23405
-25392
-27763
-28751
-27725
-27144
-25970
-23157
-20620
-19031
-15005
-10148
-5713
-1302
1963
7221
10364
13145
16965
20949
22053
22751
23314
25640
25112
24341
23718
23621
21919
20283
18418
17075
13168
9422
7018
4713
382
-4219
-7967
-11503
-15226
-18665
-20149
-21292
-23003
-23028
-20518
-17822
-15419
-12086
-6465
-972
4787
10489
16693
21722
24598
27985
31052
32271
32230
31874
31502
29975
27523
24398
22152
19166
15704
13356
11803
8907
5925
3656
2709
1304
-1180
-3215
-4411
-6604
-8260
-9728
-10731
-11499
-12705
-13131
-12913
-12392
-11676
-10151
-9220
-7955
-6625
-5158
-4124
-3763
-3474
-4214
-5519
-6664
-8800
-11161
-13361
-15639
-18537
-21262
-23640
-25578
-28507
-30519
-31340
-31631
-31386
-29686
-27727
-24900
-20864
-15066
-10004
-6115
-744
5899
10822
13257
17445
22965
25929
25110
25306
28790
29613
26709
24983
25804
25325
22409
19713
20368
18808
13833
10509
9347
6010
-175
-5278
-7413
-10795
-16299
-19851
-20668
-23002
-25309
-25113
-22145
-19277
-16797
-12486
-5800
252
5558
11274
18344
22980
25762
28498
31411
32387
31799
30238
28937
27132
24150
20745
18302
15958
12890
9863
7709
6381
4844
2538
730
197
-2050
-4352
-5687
-6103
-7711
-9720
-11093
-10846
-11297
-11369
-11045
-9389
-8164
-7562
-6716
-4378
-2864
-1987
-1843
-1380
-1613
-2610
-4182
-4840
-7089
-10113
-12929
-15985
-19857
-22291
-24252
-26581
-28887
-31058
-31513
-32371
-32073
-30498
-27547
-26387
-22491
-18313
-12131
-7800
-2681
2379
8604
11633
15940
19913
23247
24450
24494
26183
26608
25870
24343
24122
22725
21627
18832
18347
16586
13886
10889
9010
5154
1835
-3057
-6498
-10452
-14682
-18152
-20812
-23402
-25019
-25673
-24700
-22863
-19739
-15535
-9884
-4098
1958
7554
12831
18210
22413
25979
28315
29597
29380
28662
27261
25906
23165
20010
16577
14519
11543
9141
7232
6229
4239
2554
1196
768
-1765
-3888
-5908
-7206
-9125
-10726
-12036
-12200
-12962
-13391
-12624
-10827
-9696
-8728
-6472
-3675
-1858
-674
992
2099
2414
1174
492
-962
-3042
-5802
-8193
-11014
-13619
-16804
-19129
-21748
-23317
-25575
-27556
-30351
-31530
-31976
-29823
-28841
-27972
-26310
-21816
-18464
-15121
-9009
-2678
3223
5254
10774
16220
22595
22274
26100
26682
30484
27832
28941
28012
28586
24311
23746
22434
21485
17774
13813
12191
9723
5624
1105
-1607
-5808
-9937
-13933
-15327
-18434
-20923
-23185
-22492
-21850
-19967
-18305
-13395
-9423
-4081
502
6767
11924
16643
20107
24053
26616
27943
27831
27853
27365
26121
24184
21891
19728
17464
15288
13081
12343
10236
8830
6451
4623
3208
1838
-918
-1987
-3698
-4831
-6911
-8169
-9000
-9190
-9738
-9122
-8528
-7216
-7001
-5952
-4440
-3003
-3038
-2514
-2699
-3163
-4453
-5795
-6860
-8562
-11063
-13917
-16036
-18678
-20649
-23506
-24716
-26170
-27549
-30971
-32205
-32640
-30306
-29743
-29301
-27261
-22552
-18351
-14977
-9322
-1497
5119
7929
13685
20498
26683
26408
27518
29257
31802
29169
28193
27713
27844
23725
21697
20804
20438
16282
12700
10837
10129
5995
1476
-1139
-3872
-8911
-13923
-16309
-18614
-22168
-25430
-25041
-24118
-23193
-22581
-18483
-13119
-7453
-3086
3227
9568
14961
18414
22997
26444
28197
27626
26830
26777
25427
22390
19384
17495
15016
12164
10248
9324
7556
5773
4165
4350
3430
1384
-653
-1275
-2888
-4997
-6965
-8054
-9087
-10244
-11109
-9876
-8821
-7849
-7392
-5273
-3402
-2010
-1464
21
361
260
-498
-1803
-3219
-5442
-8278
-11121
-13856
-16867
-19556
-22347
-24432
-25793
-27014
-28787
-30499
-32193
-30852
-28444
-27869
-28255
-23437
-18000
-14173
-11779
-4191
3957
7651
8683
15731
23838
26619
24649
26386
31792
31222
27187
26219
28149
25553
20702
18744
20538
17370
11220
8523
9477
6483
272
-3670
-4308
-8514
-14321
-17221
-17606
-20587
-24699
-25817
-23462
-22678
-22115
-19388
-13741
-8343
-4421
1092
7937
13986
17403
21317
25728
28723
28225
27725
27518
26940
24066
20477
18068
16183
13321
10412
9106
8428
6949
4863
4089
3808
2597
369
-656
-1280
-2168
-4522
-6160
-6506
-7083
-8067
-8262
-6868
-5664
-5020
-3824
-1748
222
773
1084
1567
1999
1093
-541
-1934
-3761
-6027
-9006
-12046
-14615
-16421
-19406
-21927
-23589
-24609
-26814
-28404
-30407
-31018
-30109
-28076
-28160
-27533
-23516
-18033
-14611
-11386
-4372
3872
7690
9566
16494
24112
27036
25636
27793
31945
31827
27918
27218
28056
26073
20764
18792
19478
16376
10247
7258
6937
3842
-2266
-5975
-7237
-11509
-17337
-20106
-20956
-23323
-26926
-27371
-24892
-23441
-22678
-19399
-12943
-7360
-2667
2838
10227
16286
20184
24098
28635
31579
31240
30494
30682
29691
26453
23200
20936
18914
15390
12487
11283
10292
8407
6175
5126
4431
2637
415
-1024
-2015
-3606
-6160
-7855
-8655
-9510
-10393
-10339
-9364
-8215
-7466
-6318
-4192
-2430
-1676
-1033
-382
-169
-1283
-2772
-4517
-6001
-8192
-10878
-14032
-16599
-18525
-21113
-23735
-25590
-26600
-28431
-30397
-32392
-32294
-30653
-28352
-28789
-27340
-21491
-16412
-13636
-9617
-841
6573
9165
11348
19358
26301
27618
25958
29196
32767
31011
27374
27450
28213
24446
19406
18430
19663
15537
9643
7766
7845
3749
-2557
-5594
-7295
-12423
-17915
-20450
-21522
-24969
-28898
-28530
-25665
-24288
-23059
-19397
-12409
-6525
-1923
4173
11854
17449
20857
24705
29064
31189
30081
28982
28655
27264
23595
20097
18117
16247
12806
10128
9215
8466
6423
4546
4315
3698
1445
-974
-2609
-3660
-6007
-8453
-10120
-10941
-12153
-12986
-12417
-10691
-10017
-9201
-7106
-4521
-2414
-1684
-301
718
1147
150
-1056
-2681
-4367
-6445
-9116
-12421
-15066
-17708
-20949
-23258
-25012
-26396
-28716
-30414
-31819
-32148
-30905
-27760
-27421
-27303
-22106
-16270
-12146
-9735
-1798
7154
11564
12694
19609
27056
29582
27164
28049
32468
31974
27985
26528
28246
25966
20632
17946
20320
17718
10955
7528
8125
5320
-1425
-5932
-6894
-10992
-17035
-20294
-20415
-22706
-26460
-27406
-24082
-22053
-20932
-17953
-11248
-5015
-640
4728
12212
18416
21153
24085
27931
30702
29811
28619
27815
27273
24535
21128
18782
17492
15090
12612
11208
10750
8969
6929
5730
5346
3410
710
-1720
-2986
-5089
-7420
-9491
-10345
-10908
-11784
-11928
-10523
-8715
-7823
-6624
-4631
-2168
-958
-49
555
1433
1004
-711
-2601
-3912
-5759
-8550
-11769
-13929
-15547
-18134
-21094
-22159
-22814
-24827
-27417
-28360
-29527
-29050
-26710
-24197
-25826
-22690
-16479
-10897
-8344
-4091
6051
12625
13095
15151
25059
30562
28387
23525
30072
32656
28630
22585
25224
26560
21743
15433
18085
19333
12864
6882
7788
8813
1952
-5452
-6362
-7288
-14118
-19867
-20731
-20450
-24855
-27640
-24781
-20129
-19408
-17374
-11519
-3155
813
5122
11230
18886
22435
24354
27143
30314
29810
27098
25536
24823
23045
18379
15488
13889
12950
10010
8523
8146
8110
6173
4322
3752
3335
423
-2888
-4756
-5934
-8736
-11849
-13483
-13240
-13661
-14374
-13513
-11184
-9595
-8472
-6484
-3208
-1544
-1334
-1067
-315
-239
-2236
-5073
-7132
-8690
-11658
-15829
-18767
-19404
-21466
-24424
-25925
-25367
-25833
-28573
-29660
-29289
-27709
-25903
-23923
-24300
-20859
-15478
-11490
-8045
-3150
5901
10405
12327
16054
25135
28713
28848
26242
31107
31654
28756
25144
26527
25289
20404
15979
17116
16006
9529
5146
4559
3482
-2493
-7948
-9213
-11613
-17625
-20947
-21580
-22788
-26475
-27597
-25062
-21538
-20344
-17183
-11826
-4651
-169
4844
11086
17651
21368
23928
26873
29520
29547
27286
26456
25190
23312
19479
17157
15477
14293
11588
10173
9727
8869
6769
5201
4583
3694
1178
-1894
-3521
-5174
-7712
-10201
-11762
-12014
-12426
-12716
-11576
-9906
-8624
-7671
-5534
-3149
-1889
-1827
-1247
-1198
-1582
-3419
-5823
-7607
-9455
-12542
-15871
-18513
-19483
-21228
-23734
-24661
-24551
-25080
-27422
-27678
-27434
-27778
-26251
-22845
-22053
-22253
-15999
-11304
-6478
-4638
4217
11619
15074
14808
23014
29243
30586
26073
27832
32271
29681
24697
23615
25840
21353
15690
14137
16883
11735
5635
3176
4572
275
-5569
-8471
-8610
-13936
-18319
-19916
-19158
-22156
-24473
-23547
-19376
-17492
-15081
-10737
-3755
1835
5797
11453
17384
22165
23618
26474
28520
30278
27662
26295
24724
24227
20821
17594
15674
15102
12851
10868
10240
10048
8479
6338
5078
4464
2404
-822
-3551
-4850
-6994
-9561
-11113
-11430
-11571
-12179
-11352
-9656
-8035
-7069
-5530
-3765
-1909
-1571
-1646
-2235
-2165
-3427
-5563
-8360
-9417
-11827
-14452
-17804
-18614
-19764
-21615
-23784
-23495
-23298
-24945
-26105
-27044
-24097
-21528
-19921
-22298
-16061
-10663
-6954
-5712
873
9663
12701
12440
18280
27830
28235
26087
24812
31559
29604
26606
23619
26663
23577
18887
15024
18322
15429
9495
5539
6539
4297
-1577
-6607
-7018
-10315
-15694
-18498
-18981
-20459
-23443
-23930
-21016
-17585
-16324
-13075
-8268
-838
2772
7448
12118
17983
19996
21911
23657
26218
25161
23148
22036
21476
19871
16168
14023
13236
12401
9758
8783
8662
7794
5524
3877
3381
1672
-1477
-4493
-6030
-7856
-10429
-12164
-13134
-12973
-13214
-12530
-11355
-9176
-8120
-6390
-4657
-2336
-1994
-1857
-2341
-2392
-3329
-5344
-8460
-10060
-11813
-13958
-17382
-19093
-19699
-21086
-23785
-23859
-23815
-24370
-27037
-26915
-22184
-19276
-21526
-21541
-13263
-9725
-7904
-6724
4564
9052
8968
8613
20098
25016
24175
19938
26648
30526
26762
22501
24764
26612
20763
16034
17122
18833
11571
6522
5719
6586
454
-5534
-7999
-8800
-15112
-18965
-20372
-20356
-23882
-25254
-23667
-19616
-18289
-15578
-11664
-5094
-66
4355
9479
14470
18889
20453
23211
25278
26659
23942
23234
22162
22119
18487
15898
14334
14015
11946
9789
9538
8875
7219
4819
3839
3271
704
-2856
-4927
-5535
-7800
-10086
-11382
-11001
-11020
-11140
-10152
-8077
-6574
-5848
-4474
-2601
-971
-1545
-2046
-2965
-3150
-5395
-8304
-11259
-13135
-16150
-19226
-22189
-23047
-24727
-27053
-29460
-28671
-29872
-29318
-27072
-22969
-24458
-21895
-15675
-11067
-9006
-6086
3006
7037
7282
8753
19543
23139
22982
19517
27808
30338
28373
25187
29782
29957
25746
21639
24765
24211
17353
11891
11415
10128
3432
-3151
-5111
-8044
-14391
-17963
-19303
-20717
-24625
-25406
-23832
-20309
-19259
-15991
-12591
-5983
-2074
3054
7677
13187
16246
18350
21277
24090
24554
23104
23307
22781
21993
19143
17635
16051
14762
12843
11193
10267
8444
5815
3975
2842
785
-1741
-4400
-6306
-7466
-9296
-10021
-10838
-10501
-10725
-9384
-8031
-5709
-4154
-2267
-954
667
1652
2006
1402
106
-1018
-3158
-6030
-8960
-11416
-14118
-17479
-20775
-22165
-23684
-26414
-28042
-28226
-28865
-30866
-28706
-24434
-23885
-26137
-19517
-14061
-11060
-10819
-2620
5551
6734
5328
14335
23272
24096
20150
24253
32408
30339
26511
27769
32004
27807
22549
22959
26508
19820
13035
11622
12570
6510
-305
-3434
-3900
-10379
-15186
-16601
-17172
-21347
-24116
-22977
-20110
-19413
-18185
-14265
-9001
-3915
-677
5247
10422
14648
16706
20164
22892
24425
23364
23052
22269
21778
20111
17264
15279
14011
12581
10084
8644
7668
5770
3087
1704
801
-845
-3760
-5940
-6339
-7459
-8631
-9436
-8788
-7893
-7253
-6349
-4321
-2033
-286
480
2185
4347
4630
3252
1808
1325
-684
-4571
-8960
-11583
-14268
-18427
-23313
-24955
-25817
-28374
-30930
-31207
-32216
-30649
-28946
-27035
-28422
-22810
-18741
-15313
-14936
-7994
-808
1188
29
6742
14997
16702
14798
17265
25779
25638
23775
24428
30055
27496
23590
22970
26750
21952
15654
12823
13480
9011
2635
-1426
-2270
-7651
-12222
-13934
-14412
-17473
-20196
-19978
-17841
-16651
-15961
-12772
-9194
-4450
-2267
2506
6507
11081
12472
15582
18253
20620
19987
19806
19949
19756
18479
16039
14966
13629
11916
9764
8497
7356
4720
2268
1116
39
-2291
-4791
-6296
-6796
-8242
-9383
-9265
-8681
-7837
-7263
-5159
-3177
-933
249
2185
3856
5682
6024
5729
4934
4253
2254
-601
-4003
-6518
-9737
-13646
-17613
-19880
-22477
-25669
-28602
-29106
-30331
-32377
-30954
-27689
-27026
-29517
-23231
-18717
-15684
-16140
-8255
-1568
396
-1248
7510
15341
17283
14297
18885
26657
26662
24082
26284
31216
28469
24053
24215
27539
22300
16449
13938
14526
9666
3619
-117
-979
-6008
-9954
-12578
-12961
-15902
-18096
-18693
-16330
-15325
-14200
-12585
-8842
-4417
-1462
1970
6169
10301
11705
14151
16820
19280
18621
18559
18573
18902
17217
15053
13888
12761
10868
8581
7296
5855
3596
1678
524
-508
-2633
-4232
-6002
-6296
-7323
-7677
-7925
-7152
-6407
-5119
-3320
-1104
1168
2801
4434
5723
7367
8063
8302
6828
5980
4380
1670
-2217
-5157
-8163
-12053
-16340
-19483
-21842
-25487
-28570
-30727
-32147
-31102
-29868
-29858
-31377
-25453
-22094
-19850
-18979
-11017
-5289
-4475
-5241
3042
10243
10891
9097
14137
21612
21255
20144
23121
28933
26699
23367
24872
28657
23708
17423
16022
17006
11614
4720
1759
891
-4989
-9863
-11299
-11442
-15397
-18212
-17885
-14914
-14784
-14493
-11710
-6994
-3295
-1723
2125
7079
10706
11230
13959
17296
19102
17428
17913
18897
19009
17088
15435
15238
14331
11792
9485
8860
7995
4594
1659
571
-191
-3704
-6405
-7467
-7322
-9165
-10150
-9860
-8734
-7944
-6999
-4805
-2042
352
1610
3923
6279
8074
8280
8502
8475
7966
5921
3229
684
-1722
-5013
-8829
-12886
-15388
-18620
-22573
-25538
-26108
-27832
-31634
-31673
-28972
-27672
-31726
-28121
-23253
-19956
-20793
-15394
-7303
-4597
-6263
-477
9245
11820
9782
11893
20968
21940
20252
20921
26877
25829
22093
21788
26330
23355
17661
15232
16385
13172
7337
3276
2337
-1876
-5910
-8424
-9637
-12182
-14934
-15889
-14526
-13153
-12667
-10824
-7940
-3301
-695
2823
6094
9990
11757
14071
15977
17624
17346
16764
16521
16217
15626
13234
11781
10898
9766
7834
6514
5743
3603
1709
240
-734
-3146
-5253
-7384
-7716
-9165
-9688
-10440
-9788
-8778
-7572
-6047
-3598
-915
1018
3012
4958
7351
8185
8459
7841
8175
6830
4304
1181
-613
-3522
-6923
-10798
-13319
-16177
-19604
-23177
-24549
-26931
-29542
-29113
-26752
-27463
-29876
-25102
-21550
-19358
-19640
-12447
-6866
-5820
-7198
1347
8020
9301
6937
12577
19308
19109
17731
21471
26106
23396
20792
23087
26078
21092
16793
15959
16196
11158
5896
3342
1462
-3956
-7345
-9139
-10315
-13890
-15793
-15644
-13233
-12769
-11260
-9265
-4936
-1549
1117
4652
8582
11243
12339
14696
16532
17547
16419
16844
16582
16523
14669
13388
12477
11687
9985
8449
7806
6844
3969
1717
817
-682
-3669
-5948
-7491
-8144
-10066
-10394
-10142
-8982
-8396
-6663
-4469
-1554
835
2992
4911
7191
8999
9120
9016
8629
8259
6351
3994
1050
-956
-3859
-7182
-11033
-13459
-15828
-19250
-22147
-24155
-25963
-29996
-29542
-27427
-26944
-31116
-27068
-23077
-20071
-21026
-14744
-7292
-5519
-7494
-476
8829
10683
7878
11112
19725
20113
17361
18677
24296
22370
18603
19123
23335
19645
14621
12725
14785
11431
5854
1819
1056
-3386
-7207
-10335
-11354
-14167
-16925
-17733
-15702
-13799
-12869
-11005
-7007
-1651
1011
4568
8107
12207
13565
15388
16802
18270
17347
16541
15730
15530
14536
12328
10822
10196
9494
7915
6611
5958
4368
2537
769
-297
-2291
-4622
-7114
-7768
-8922
-9469
-10282
-9771
-8445
-6688
-4893
-2265
486
3240
5178
7236
9514
10297
10603
9751
9809
8127
5600
2196
4
-2625
-5799
-10238
-13623
-15667
-18933
-22029
-24616
-25365
-29087
-30142
-28672
-25955
-29355
-29936
-23932
-20383
-19983
-18829
-9825
-4988
-5542
-4424
6846
11929
10983
9248
17937
22064
20030
18645
23235
24424
20673
18792
22290
21830
16673
13026
13878
13066
8222
3297
1586
-1351
-5482
-8714
-10732
-12485
-15559
-17039
-16598
-13832
-12853
-11033
-8878
-2640
1603
4800
7854
12679
15772
16727
17919
20460
20830
18455
17404
17583
17651
14716
12474
11875
11497
9636
7715
7067
6137
3598
1284
331
-937
-3481
-6374
-7993
-8366
-9481
-10669
-10970
-9386
-7650
-6054
-3815
-353
2620
4350
6352
9380
11109
10862
10084
10262
9327
6447
2854
413
-2517
-6024
-10286
-13451
-16027
-19086
-22940
-25429
-26218
-29642
-29930
-28490
-26465
-30533
-26973
-23194
-19622
-20446
-15277
-7805
-5331
-7454
-1687
7698
10426
8135
10100
18583
19375
17652
18530
24428
22605
19196
19432
23329
19907
15102
12378
13416
10344
4813
816
-82
-3964
-7780
-10993
-11542
-13561
-16241
-17379
-14933
-12616
-11581
-10196
-6068
-273
2445
5605
9416
14255
15274
16938
18822
21216
19735
18698
18088
18749
17291
14724
13491
12802
11881
10049
8628
7753
5746
3609
1819
420
-1550
-3902
-6758
-7781
-8762
-9264
-10461
-10357
-8925
-7365
-6259
-4232
-802
1499
3425
5785
8898
9790
10081
9541
10022
8487
5782
2368
201
-2632
-6318
-10237
-13245
-15489
-19122
-22230
-24147
-24989
-28244
-30812
-28428
-25584
-27694
-31085
-24289
-20273
-19143
-20092
-11276
-4805
-5244
-6564
3674
11196
10888
7800
14595
21295
19534
17535
20361
24264
20539
17047
19271
20777
15688
11329
10220
10955
6392
749
-1891
-3273
-7523
-11046
-13877
-13872
-16304
-18456
-18346
-14427
-12905
-11974
-9713
-3418
1321
3405
6948
12057
15780
16242
17874
20406
21646
19221
18322
18300
18874
15921
13045
12027
11819
9735
7131
5757
5011
2686
83
-1379
-2112
-4073
-7331
-9516
-9372
-9602
-11186
-12072
-9978
-7986
-7083
-5773
-2271
1075
2800
4156
7326
9827
9783
8839
8949
8843
6479
3318
-61
-2089
-5501
-9841
-14177
-16321
-19175
-22844
-26411
-26854
-29080
-31128
-29660
-26480
-28103
-28475
-23490
-19675
-17842
-16604
-8910
-4280
-3944
-3027
5702
10784
11054
9667
16343
19863
19732
18514
22168
23213
20783
19279
21178
20381
16740
12662
11036
9779
5578
551
-2703
-5494
-9033
-12458
-14814
-15546
-17611
-18820
-17688
-14440
-12605
-10380
-7220
-1253
2345
5722
9283
14007
16072
17674
19517
21659
21365
20051
19659
19646
19235
16795
15547
14300
13274
11154
9601
8275
6340
3349
1711
-24
-2097
-4439
-6793
-8605
-9054
-9715
-10350
-10454
-9049
-7217
-5465
-3616
-564
2306
4604
6472
9143
10943
11101
10972
10629
9846
7607
4715
2009
-462
-4058
-7680
-11263
-14308
-16915
-20208
-22491
-24727
-26530
-29332
-31134
-28562
-26308
-28239
-30865
-23436
-19464
-17381
-17838
-8147
-1856
-1684
-2242
8836
15013
14460
11425
18293
23449
20610
18445
21246
23692
19112
16642
18883
19317
13984
10277
9452
9529
4287
-663
-3401
-5528
-10158
-13050
-15613
-15805
-18422
-19446
-18426
-14343
-12457
-10054
-6763
-112
4627
7570
11430
15715
19078
19310
21127
22704
23159
20566
19638
19277
19300
15813
13185
12666
12100
9890
7006
6429
5617
2538
-320
-1479
-2500
-5753
-9179
-10090
-9611
-11249
-12281
-11817
-9401
-7957
-6608
-4069
-10
2701
3887
5931
9138
10908
10265
9450
8694
8236
5313
1476
-1524
-3505
-7302
-11833
-15354
-16870
-19422
-23217
-25406
-26166
-27865
-32034
-31159
-27519
-26078
-30793
-26799
-20344
-17010
-17719
-12044
-2282
593
-2059
3984
14620
16727
13362
14610
22916
23037
20043
19602
23816
22176
17907
17276
20164
17072
12134
8406
9486
7299
1958
-3176
-4865
-8108
-11473
-15866
-16431
-17135
-19188
-20434
-17017
-12907
-11064
-9254
-4345
2774
6143
8880
12029
17128
18401
18718
19830
21844
20387
17916
16828
17758
16302
12885
11143
10879
10416
7844
5564
5211
3448
-28
-2485
-3440
-5037
-8107
-11197
-11329
-11439
-12051
-13103
-11674
-9106
-7178
-5334
-2260
1495
3925
5450
7788
10553
10943
10151
8965
8603
6949
3885
200
-2705
-4971
-8517
-12513
-15483
-16233
-19059
-22241
-23918
-23323
-25916
-28462
-31017
-29875
-27608
-26857
-29246
-27675
-19299
-16985
-14879
-11626
-81
4331
4433
6846
19151
21879
19882
17538
25133
25781
21414
18691
21709
20942
16060
14082
16674
15897
11544
8266
8438
8192
3118
-2166
-4216
-6273
-10719
-14973
-16844
-16318
-19109
-20169
-17691
-12534
-10730
-8478
-3662
5153
8812
11108
14812
20399
21643
20981
22109
23808
22312
18567
17476
17543
16160
12202
10556
10802
10098
7785
6246
6538
4972
1854
186
-838
-2601
-6305
-8845
-9210
-9246
-10761
-10654
-9640
-6592
-4733
-1886
1107
4760
6610
8853
10592
12435
11733
10229
8329
7064
4458
275
-3490
-6676
-8915
-12511
-15513
-18644
-19754
-22354
-24227
-25840
-26250
-28570
-31655
-29990
-26261
-26412
-30558
-24359
-18928
-15953
-16175
-7668
1255
2910
2257
11825
20486
20666
17508
21406
27041
24593
21421
21579
23104
19499
15768
15834
16202
12809
8759
6319
6889
4529
-632
-4909
-6666
-9820
-13305
-17158
-17164
-18991
-20603
-20487
-16275
-13391
-11144
-8073
-1371
4475
7731
11526
16138
19758
20658
21878
22807
22963
20848
18705
17614
17306
14867
12053
10817
10538
9276
7226
6144
5341
3045
964
-1020
-2462
-4801
-7786
-9747
-9978
-10936
-11660
-11864
-9350
-6942
-4839
-2450
1369
4598
6871
8752
11249
12222
11627
9957
8896
7402
3676
-83
-4075
-6667
-10263
-13639
-17061
-18433
-20208
-22016
-23975
-24134
-24475
-27110
-28795
-30809
-28865
-27223
-27169
-31072
-25041
-19001
-16481
-15841
-7901
2910
5237
4910
13481
24183
24030
20488
22542
29187
25440
20359
19373
22317
17418
12933
13247
15414
11614
8122
6308
8052
5839
834
-3411
-4783
-7820
-12253
-16675
-16704
-18149
-21155
-21465
-17188
-13246
-12072
-9124
-1496
6165
8654
12072
17509
22719
22551
22784
24104
24877
21373
18548
17531
17690
14107
10737
9935
10491
9287
6615
5983
6548
4575
1602
340
-531
-2738
-6924
-8812
-8777
-9563
-11290
-11366
-8770
-6625
-5146
-2496
1589
4867
6641
8317
10208
11329
10138
8062
6085
4830
798
-3452
-7653
-9540
-12583
-15924
-19301
-20002
-20470
-22220
-24242
-23658
-24427
-26362
-29563
-29695
-26638
-25665
-29230
-28940
-20388
-17163
-15792
-12794
-593
5322
5799
8390
21305
25701
24051
21665
28258
29161
24510
20228
22209
21373
15399
12181
13571
13500
9448
5734
5953
7415
3271
-1531
-3991
-5007
-8546
-13554
-16222
-15955
-18603
-21107
-19812
-15123
-12882
-11042
-7153
1355
6435
9762
13242
19364
22236
22356
22744
24149
23815
20009
17480
16816
15825
11852
9299
8775
8965
7280
5069
5551
4974
2831
383
-186
-726
-4074
-7631
-8054
-7682
-9144
-10101
-9099
-5966
-5023
-2841
552
4920
6509
7527
9513
11801
11203
8981
7187
5801
3037
-1522
-5299
-8031
-10701
-13945
-17295
-18519
-19502
-21260
-23198
-23180
-22872
-24579
-27196
-28396
-29684
-28740
-27730
-27663
-29798
-23580
-18567
-15480
-12521
-3288
6083
8584
9511
18732
26550
25720
22753
25020
29170
23862
19505
19223
20064
14553
11288
12502
13661
10057
7649
6749
7998
5074
580
-2466
-4638
-8763
-13451
-17039
-17336
-20074
-22957
-22057
-17791
-15154
-13226
-8997
-1178
5050
8216
12672
17621
21366
20902
21780
22918
22878
18803
16211
15787
15579
11787
8743
8568
9287
7947
5391
6165
6311
3936
1501
786
-53
-3079
-6805
-7901
-7573
-9286
-10299
-9558
-6939
-5498
-3629
-709
2768
4834
6195
7920
9309
9135
7195
5570
3939
2058
-1797
-5654
-8552
-10523
-13317
-15839
-17699
-18488
-19643
-21246
-21902
-22047
-23109
-25825
-27262
-28954
-27701
-26976
-26397
-28893
-22611
-17654
-14103
-11909
-3038
6149
9340
10091
18984
26512
25812
23140
24884
28443
23840
19850
19063
19406
14251
11509
12087
12907
9343
7335
6447
7672
5128
1456
-1726
-3620
-7460
-11164
-15625
-16406
-19158
-21098
-21124
-17318
-14576
-12223
-8826
-1488
5286
9068
13214
18036
22375
23077
23905
24382
24703
21488
18454
17206
17196
13778
10380
9411
10424
8984
6348
6234
6749
4923
2599
1675
1330
-1292
-4882
-5727
-5364
-6656
-8181
-8272
-6086
-4241
-2901
-941
2015
4441
5796
6993
8176
8672
7123
4735
3366
2336
-1362
-5272
-8269
-9869
-12367
-15540
-17255
-18249
-19644
-21747
-22057
-22551
-23837
-26833
-27436
-29081
-29409
-28392
-25689
-27353
-25505
-17971
-14076
-10855
-6066
4930
10596
11457
15344
25606
27217
25016
23764
28311
26002
21012
19369
20343
17269
12947
13308
14742
12346
10002
8731
8979
7417
3362
-391
-2966
-7060
-11294
-15606
-17353
-19298
-22196
-22372
-19632
-15893
-14148
-10269
-4105
3600
7398
11432
16178
21143
22039
22658
24051
24549
22217
18707
17907
17607
15087
10997
10100
10346
9618
6656
6206
6622
4876
2367
767
240
-1917
-5334
-7532
-7459
-8533
-9898
-10890
-9044
-7210
-5764
-4243
-1726
1402
3071
3969
5043
6736
5732
3981
2234
2279
-628
-4092
-7085
-8739
-10944
-13692
-15776
-17097
-18466
-20132
-21362
-21838
-22231
-24000
-25726
-26258
-26989
-29696
-28731
-25299
-23204
-25056
-19074
-12618
-7293
-5777
2719
11744
15747
14900
21739
27649
27994
23736
23929
25496
21949
18241
16033
16174
13450
11705
10474
11883
11249
9841
6482
7079
5869
1781
-3947
-6609
-9588
-14031
-18977
-19773
-20918
-22089
-22128
-18035
-13593
-9840
-6260
901
7753
12097
15443
19430
23123
23489
23533
22926
22424
19418
16583
14360
13211
10825
8996
7821
7621
7154
6382
5709
5274
3818
2338
432
-940
-3566
-5777
-7438
-8206
-9087
-9628
-9303
-7405
-6071
-4230
-1610
775
2076
3535
4884
5478
4888
3725
2213
520
-1976
-3945
-6684
-9836
-12379
-13579
-15444
-17835
-19483
-19518
-20723
-22626
-23118
-22856
-24769
-26576
-27959
-27775
-25410
-23161
-24093
-22044
-14298
-9929
-6745
-2561
8065
13827
14409
16455
25334
27700
25556
22980
26393
25156
20305
17395
18523
17054
13255
12025
12945
12942
11069
8005
6887
6655
2981
-2459
-6022
-8811
-12815
-18351
-20487
-20557
-22136
-23600
-21129
-15628
-11901
-8833
-3735
4901
10079
13344
16990
22506
23995
23707
23825
24795
23357
19608
17090
16750
15414
12354
10438
10306
10627
8682
7706
8393
7285
5179
2451
1240
-445
-3609
-6592
-7335
-7974
-9324
-10196
-8630
-6765
-5691
-3803
-1180
1431
2522
3797
5076
6092
5513
3730
1978
1167
-1315
-4401
-7467
-9252
-10672
-12984
-15444
-16395
-16747
-17900
-19387
-19605
-19068
-20462
-22597
-23416
-22978
-25685
-26934
-24077
-19947
-21791
-19327
-11421
-5602
-3145
2013
12617
17828
17106
19789
27629
28573
25331
22346
24360
21507
18085
15562
16243
13942
11663
11206
12834
12480
10852
7622
7131
5914
1792
-3730
-7219
-10710
-14914
-19477
-20337
-20856
-22694
-22415
-18257
-12812
-9798
-5706
677
8325
12032
15727
18871
22273
22252
22072
21526
21427
18629
15306
13405
13654
12254
9754
8736
9328
9350
8294
7704
7512
5956
3692
1358
19
-2378
-5949
-8455
-9276
-9958
-10736
-11279
-10144
-7884
-5808
-3819
-1728
624
1989
2516
2725
3452
2267
-91
-2079
-2839
-5521
-8352
-10758
-12132
-12970
-14321
-15491
-16560
-16892
-17584
-17999
-18289
-18531
-20128
-21474
-22586
-23100
-25090
-25771
-23122
-20145
-19571
-17542
-9546
-4603
-896
3717
12946
18054
18216
19198
25303
26482
23586
20390
20926
19126
15861
13685
13918
13072
10741
9969
11434
11646
10300
7260
5789
4475
941
-4121
-8100
-11364
-15295
-19065
-20511
-19808
-20806
-20182
-16717
-10745
-6918
-2765
2234
9195
13446
15780
18056
21309
21545
20047
19135
19213
17676
14444
12525
12823
12377
10469
9147
9804
10359
8954
7662
7699
6489
3796
752
-1010
-2662
-5846
-8961
-9959
-9746
-10393
-10747
-9312
-6729
-5297
-3767
-1932
670
597
662
882
1048
-283
-2316
-3937
-4808
-6713
-8644
-9850
-10615
-11190
-12061
-12806
-13770
-13651
-13794
-15096
-15543
-15766
-16600
-18430
-18893
-18913
-19500
-21820
-21336
-17470
-13528
-13789
-11467
-4021
743
2998
7308
15389
18675
17010
18267
23869
24486
20549
17722
18973
18458
14855
13224
13766
13125
10103
9432
10373
10353
7569
3994
2545
1922
-1767
-7061
-10077
-11598
-13759
-17047
-17438
-15984
-15751
-15814
-12450
-7208
-3932
-2299
1631
7895
11323
12641
14634
17709
18499
17789
17849
18394
18120
15905
15012
15206
15104
13275
11759
11624
11667
9539
7650
6705
5393
2915
604
-836
-2592
-5065
-6942
-7501
-7285
-7448
-7949
-7316
-6151
-5163
-4893
-4691
-3391
-2522
-2963
-3450
-2780
-2171
-3323
-4444
-4053
-3842
-5193
-7013
-7226
-7128
-8838
-10404
-11368
-11475
-13070
-14620
-14621
-14353
-15527
-16605
-16218
-15414
-16098
-16914
-16789
-16147
-13726
-11374
-10493
-9096
-4067
-330
1983
5645
12131
15380
14966
16283
20986
22399
19700
17967
18531
17723
14349
12849
12684
11432
8349
7795
7984
7473
5060
2795
1856
1583
-776
-4492
-6295
-7660
-9609
-11913
-11961
-11382
-12515
-13176
-10549
-6512
-4999
-3504
-123
5034
8230
9778
12478
15498
16739
16524
17528
18702
17794
15483
14847
15128
14176
11810
10271
10019
9605
7754
6120
5390
4024
1652
-287
-1107
-2643
-5343
-7221
-7709
-8288
-9605
-10760
-10825
-9839
-9580
-9892
-8773
-7433
-7357
-7085
-5762
-4139
-4125
-4793
-4685
-3932
-4179
-5400
-6197
-6455
-7182
-8385
-8783
-9261
-10151
-10901
-11092
-11376
-11051
-11610
-12127
-12518
-12648
-13066
-14001
-15879
-15762
-13931
-12066
-11786
-10266
-5497
-1692
869
4825
11091
15148
15062
16521
20635
21863
18378
16236
16676
15384
11357
9511
9187
7948
5631
5138
6547
6510
5197
3552
3607
3233
728
-2983
-5082
-7060
-10041
-13016
-13896
-13725
-14699
-15228
-12631
-8747
-6253
-3751
600
6023
9586
11783
14227
16950
18101
17594
17889
18320
17366
15146
13962
14251
13715
11943
10543
10514
10370
9097
7571
6756
5265
2621
324
-1573
-3786
-6670
-9400
-10877
-11282
-12201
-13300
-12862
-11751
-10760
-10195
-8759
-6489
-5361
-5428
-4136
-2719
-2813
-3625
-3302
-2551
-3490
-4472
-4651
-4166
-4286
-4590
-4755
-4787
-4744
-5166
-5591
-5596
-5621
-7087
-8641
-9428
-9249
-10419
-12561
-13625
-13339
-13653
-13971
-11780
-8952
-7772
-6066
-1422
2283
4362
6913
10857
13414
13644
13589
14824
14926
13018
10911
9975
9613
8259
6820
6694
7185
7174
6587
6576
7078
6400
4457
2779
1970
-429
-3913
-6680
-8093
-9804
-11656
-12367
-11844
-11508
-10392
-7835
-4980
-2614
-150
3089
6224
8608
10540
12186
13016
13601
14362
14857
14852
14456
14000
13385
13165
12583
11398
10025
9069
7971
6222
4468
2380
125
-2271
-4278
-6148
-7906
-9701
-10659
-11590
-12302
-12263
-11869
-11642
-11351
-10338
-9645
-8632
-7882
-6987
-6318
-6038
-5746
-4918
-4299
-3491
-2763
-1789
-573
-312
-119
275
484
-424
-1211
-2136
-3016
-4840
-6093
-7237
-8674
-9799
-9735
-10027
-11322
-11474
-11227
-10676
-10145
-8338
-7564
-5758
-5057
-1395
347
2533
4064
7320
8819
10073
10526
12463
12593
11865
11448
11352
10796
9616
9037
8311
7926
6849
6495
5803
5363
3937
2904
1410
404
-1796
-3288
-4632
-5937
-7734
-8067
-8523
-8689
-8933
-7855
-6421
-5164
-3585
-983
1529
4183
6409
8764
10821
12589
13951
14853
15373
15517
15299
14439
13435
12650
11288
9615
8242
6719
4870
2652
1295
230
-1747
-3385
-4551
-6200
-7298
-8250
-9293
-10186
-11111
-11372
-11616
-11504
-11071
-10260
-9567
-8724
-7303
-6309
-5479
-4141
-2525
-1059
-267
610
2088
2537
2784
3211
3160
2539
1558
576
-77
-1358
-2301
-3638
-4433
-5123
-5445
-5932
-6006
-5833
-5781
-5932
-6672
-7099
-8292
-9053
-9824
-9366
-9788
-8750
-7882
-5998
-3749
-1556
1321
3864
6272
7577
9053
9670
10743
9856
9373
7977
7669
6158
5643
4530
4420
4020
4180
4420
4797
4603
4657
4368
3800
2827
1368
-105
-1138
-3144
-4789
-6026
-6633
-7426
-7311
-6300
-4591
-3410
-1475
1087
3765
5779
7888
9752
11196
12458
12845
13236
12918
12146
10962
9988
8904
7945
6224
5244
3793
3039
1793
918
-116
-1019
-2741
-3419
-4857
-5862
-7204
-8143
-9080
-9483
-9941
-10301
-10043
-9456
-8453
-7700
-6838
-5191
-3621
-2660
-929
607
1815
2958
3927
4886
5691
5175
4935
4836
4465
3267
1739
451
-244
-1982
-3500
-4340
-4625
-5704
-6337
-6991
-7152
-8208
-9475
-10426
-10702
-11727
-12533
-12639
-11513
-10549
-10640
-8193
-5826
-3504
-1788
892
3438
5961
6434
8841
9499
9877
8757
8665
8377
7507
6344
5593
5380
5091
4838
4704
4784
4690
4698
3585
3634
3020
1464
-455
-1568
-2684
-4330
-5989
-6274
-6671
-6676
-6014
-5205
-3572
-1795
-269
2216
4816
6759
7828
9641
11291
11965
11813
11243
10862
10114
8760
7522
6318
5204
3545
1884
1387
568
-823
-2112
-3027
-3386
-4316
-5677
-6514
-7009
-7597
-8431
-8712
-8280
-8540
-8386
-7413
-5802
-5043
-4375
-3077
-1262
478
1427
2261
3607
4702
5256
5957
6406
6381
5761
5284
4887
3734
2341
998
-160
-1127
-2394
-3571
-4908
-5912
-6878
-7835
-8343
-9247
-10472
-11515
-12532
-12640
-13002
-13571
-12990
-11738
-10891
-9258
-6922
-4352
-2209
-281
2424
4738
5807
6983
7890
8627
8441
8171
8199
8029
7410
7315
7540
7288
7145
7054
7265
7128
7106
6076
5299
3980
2967
1360
158
-788
-2022
-2973
-3548
-3958
-3918
-3271
-2658
-1774
-182
1227
2626
4214
5925
7073
8042
8777
9445
9812
9624
9134
8378
7113
6143
4937
3532
2627
1394
348
-469
-1061
-1774
-1684
-2175
-2337
-2560
-3205
-3826
-3584
-4088
-4622
-4576
-4720
-4825
-4062
-3051
-2449
-1383
-240
1167
2165
3407
4580
5409
6219
7049
6932
6544
5866
5028
3716
2575
1480
137
-1641
-3147
-4139
-5426
-6402
-6863
-6986
-7675
-7845
-7807
-7792
-8493
-8760
-9405
-9868
-10589
-10923
-11325
-10242
-9726
-9381
-8008
-5998
-3852
-1999
25
2607
4822
5441
6653
7941
8902
7970
7704
7843
7409
6090
5774
5642
5540
5379
5693
5804
5990
6045
5756
5774
5592
4593
3455
2619
1567
382
-967
-1912
-2691
-3173
-3243
-3072
-2511
-1787
-950
182
1507
2966
3853
4820
6150
6734
6605
6504
6609
5714
4915
4425
3927
3243
2260
1614
1878
1816
1443
1593
1599
1511
1291
956
633
514
-146
-645
-1121
-1533
-1775
-1980
-2025
-1414
-1252
-1038
-352
197
889
1718
2167
2295
2621
2410
1913
1491
885
-63
-961
-1778
-2761
-3702
-4616
-5047
-5432
-6039
-6577
-6898
-7359
-7634
-8244
-8548
-9173
-9823
-10356
-10644
-11096
-11127
-10724
-10290
-9973
-8839
-7343
-5882
-4654
-3178
-620
1011
2424
3461
5171
5821
6260
6403
6820
6431
6211
5845
5897
5777
5699
5467
5464
5558
5429
5286
5332
5220
4298
3256
2387
1534
-31
-1661
-2858
-3884
-4788
-5473
-5586
-5194
-4772
-3978
-2897
-1521
-51
1493
2767
4016
4938
5482
5483
5721
5419
5002
4230
3975
3662
3337
2955
2788
2590
3025
2945
3022
2806
2804
2255
1593
1008
254
-849
-1835
-2298
-2756
-3125
-3462
-3448
-3235
-2774
-2941
-2472
-2282
-2169
-2349
-1931
-1725
-1860
-2333
-2519
-2424
-2743
-3250
-3662
-3524
-3682
-4108
-4480
-4563
-5241
-5914
-6117
-6665
-7437
-8154
-8633
-9195
-9236
-9499
-9288
-8997
-7804
-7151
-6182
-5048
-3353
-2026
-1099
162
1640
2564
2922
3780
4551
5094
5104
5933
6370
6509
6652
7064
7502
7896
7535
7261
7030
6876
6263
5661
4846
4108
3431
2548
1535
908
158
-455
-1131
-1410
-1675
-2014
-2002
-1576
-1488
-1104
-777
-50
490
1150
1938
2761
3276
3860
4340
4942
5675
5934
6038
6090
6322
5932
5999
5859
5449
4952
4587
4362
4220
3769
3167
3092
2717
2073
1275
974
344
-175
-700
-915
-1002
-1373
-1999
-2155
-2018
-2280
-2555
-2479
-2328
-2279
-2439
-2364
-2020
-1750
-1998
-2335
-2283
-2317
-2852
-3087
-3228
-3363
-3890
-4195
-4591
-4840
-5469
-6021
-6105
-6073
-6143
-6451
-6173
-5657
-5122
-4866
-3948
-3323
-2531
-2342
-1235
-783
-64
152
867
934
1533
1971
2761
3503
4128
4675
5115
5803
5999
6258
5499
5392
4914
4274
3153
2554
2111
1636
1061
969
958
841
893
1027
1706
1508
1623
1577
1646
1341
896
663
833
856
814
721
1311
1811
2083
3123
4010
4837
5018
5559
5916
6321
5855
5982
5416
5060
4067
3985
3296
2947
2182
1922
1855
1586
1464
1078
953
626
500
-249
-466
-1300
-1701
-2531
-2840
-3674
-4311
-5036
-5327
-5791
-5952
-6130
-6139
-6185
-6115
-6231
-6245
-6467
-6678
-6534
-6533
-6763
-6910
-6813
-6790
-6707
-6515
-6486
-6435
-6176
-5763
-5267
-4846
-4633
-4103
-3451
-3145
-2622
-1864
-1638
-976
-463
-107
-32
319
159
142
358
347
80
125
507
821
1332
1172
1519
1784
1769
1583
1863
1623
1265
991
948
676
644
747
867
1391
1641
2089
2439
3208
3435
3663
3857
3747
3360
3152
3057
2823
2624
1957
2227
2197
2113
2216
2465
2446
2897
3092
3473
3481
3512
3302
2796
2173
1455
1062
488
204
-167
-311
-597
-217
-341
54
227
697
504
608
361
233
-242
-891
-1700
-2606
-3249
-3781
-4394
-4858
-5120
-5268
-5358
-5555
-5544
-5564
-5503
-5703
-5754
-6054
-5983
-6166
-6126
-6183
-5996
-5726
-5833
-5481
-4704
-4042
-3437
-2713
-1858
-1241
-953
-303
398
684
643
682
1091
1212
872
859
1044
775
477
657
805
884
574
505
312
384
174
33
-462
-749
-1006
-1136
-963
-1038
-863
-462
-254
286
1365
1382
2280
2742
3566
3821
4580
4702
5177
4842
5012
4958
5278
4827
4964
4764
4920
4801
4378
4434
4240
3741
3843
3601
3564
3436
2960
3123
2910
2859
2586
2656
2567
2535
2415
2661
2527
2643
2390
2608
2489
2596
2678
2709
2338
2433
2012
1750
1303
707
145
-590
-944
-1605
-2135
-2612
-3103
-3449
-3695
-3935
-4219
-4477
-4413
-4466
-4566
-4474
-4733
-4574
-4766
-4840
-4542
-4194
-3778
-3586
-3122
-2411
-1880
-1274
-163
379
1110
1414
1928
2204
2061
2015
1949
1747
1446
928
678
477
310
-117
-419
-499
-996
-1351
-1860
-2239
-2918
-3523
-3924
-3761
-4236
-4329
-4334
-3828
-3417
-3000
-2479
-1725
-932
-399
363
1085
1646
2398
2726
3301
3955
3991
4550
4799
5443
5672
5864
5922
6192
5698
5746
5075
4484
3616
2951
2282
1567
1003
187
-194
-119
-92
-352
204
593
1144
1480
1787
1594
1712
1544
1473
1532
1265
777
645
434
344
206
25
-226
-504
-772
-1063
-1332
-1779
-2324
-2850
-3075
-3642
-4120
-4180
-4276
-4302
-4454
-4761
-4673
-4731
-4626
-4342
-4100
-3765
-3576
-3164
-2573
-1893
-1863
-1690
-768
-191
45
295
539
826
863
1002
1102
975
871
893
742
440
82
-298
-341
-549
-800
-1074
-1262
-1475
-1629
-1865
-1968
-1953
-2137
-2374
-2338
-2028
-2254
-2595
-2382
-2052
-1918
-2031
-1839
-1369
-1307
-1282
-1109
-755
-231
-74
546
1172
1950
2493
3023
3721
4199
4353
4384
4270
4018
3491
3210
2877
2231
1595
1340
1132
769
314
379
848
872
1172
1646
1837
1879
1983
1583
1545
1365
1248
892
514
452
-56
-355
-734
-967
-980
-1215
-1267
-944
-716
-830
-858
-1171
-1269
-1318
-1340
-1401
-1522
-1580
-1425
-1126
-1032
-1052
-976
-603
-441
-172
118
401
628
781
864
992
820
565
496
477
139
82
144
256
178
126
164
191
243
323
178
225
60
-254
-532
-1018
-1122
-1381
-1798
-1780
-1561
-1396
-1227
-931
-702
-622
-407
-299
-156
-74
-416
-848
-1019
-1563
-1794
-2328
-2116
-2094
-2023
-2027
-1774
-1146
-798
-127
193
588
828
798
1041
1502
1286
1234
1619
1490
1060
1061
1042
930
801
960
769
792
855
1082
1418
1426
1515
1738
1855
1826
1830
1806
1584
1455
1095
498
-102
-651
-1064
-1333
-1695
-1685
-1318
-1167
-1116
-795
-455
-153
-137
-100
59
140
-86
-25
223
414
681
1057
1642
2108
2552
2937
3077
3014
3152
3296
3046
2807
2762
2348
2127
1754
1481
1428
1127
768
587
440
455
426
298
-81
-166
-114
-126
-118
263
220
-341
-639
-313
-318
-454
-265
-506
123
-77
-962
-1163
-773
-282
-542
-404
-477
-807
-921
-952
-1228
-1090
-1663
-2079
-2416
-2904
-2717
-2795
-2689
-2643
-2482
-2031
-1828
-1643
-873
-830
-603
-263
-32
225
361
355
-60
-233
-178
-600
-711
-660
-950
-1274
-1417
-1361
-839
-777
-400
36
417
596
648
827
604
462
281
-55
-700
-1292
-1195
-1144
-1182
-1113
-966
-639
-269
16
540
1245
1629
1448
1474
1630
1422
1345
1121
1062
884
868
1074
1336
1625
1807
1898
1970
2068
1710
1508
1136
761
572
187
-111
-274
-293
-490
-490
-444
146
303
437
473
561
833
911
1231
1653
2030
2011
2179
2408
2516
2513
2568
2557
2625
2472
2149
2205
2207
1951
1742
1420
1113
842
430
-122
-475
-937
-1326
-1480
-1707
-1904
-2210
-2074
-1948
-1876
-1722
-1440
-1211
-880
-813
-621
-429
-571
-707
-788
-753
-821
-929
-777
-617
-540
-628
-778
-657
-659
-343
-347
-439
-407
-403
-399
-569
-723
-980
-1224
-1090
-726
-697
-863
-673
-635
-538
-633
-622
-441
-123
70
272
407
609
917
1569
2156
2235
2305
2630
2965
3122
3119
3312
3411
3402
3349
3365
3181
2856
2602
2521
2269
1979
1704
1449
1418
1207
952
724
681
602
736
662
552
495
485
451
459
418
150
11
76
161
102
301
317
356
532
481
737
685
484
198
-179
-437
-846
-1104
-1586
-1836
-2223
-2576
-2824
-3096
-3317
-3699
-3943
-3966
-3981
-4071
-4171
-4005
-3972
-3963
-3729
-3219
-3022
-2808
-2613
-2429
-1795
-1331
-845
-880
-822
-809
-766
-803
-881
-1139
-1028
-922
-1109
-891
-761
-628
-546
-75
158
203
17
188
369
477
475
263
258
70
41
107
-223
-395
-203
13
342
454
962
1264
1624
1957
2427
2925
2865
2813
2710
2765
2796
2707
2483
2274
1980
1719
1548
1558
1520
1372
1051
911
1100
994
979
954
761
530
302
375
89
-62
-474
-583
-489
-606
-639
-710
-477
-427
-222
156
342
202
324
530
735
726
797
549
536
265
131
-90
-521
-823
-931
-1155
-1370
-1287
-1582
-1844
-1869
-2071
-2180
-2289
-2520
-2599
-2942
-3092
-3279
-3322
-3466
-3470
-3293
-3048
-2850
-2486
-2309
-1962
-1523
-1324
-1085
-1044
-976
-937
-1029
-1018
-697
-556
-554
-417
-334
-320
-19
211
6
128
-96
-289
-158
-26
86
-131
-133
-167
-397
-774
-1059
-1053
-1061
-988
-963
-902
-810
-640
-172
379
972
1340
1495
1837
2385
2682
2728
3025
3006
3100
3251
3109
3296
3452
3405
3341
3578
3851
3857
4145
4261
4214
3954
3819
3453
3196
2949
2750
2615
2353
2235
2122
2372
2617
2723
2758
2914
2888
2812
2728
2591
2580
2337
1967
1544
1325
929
597
466
137
-72
-596
-1022
-1278
-1460
-1918
-2391
-2829
-3240
-3494
-3684
-3756
-4025
-3985
-4192
-3897
-3478
-3355
-3220
-3141
-2871
-2469
-2368
-2133
-1898
-1597
-1005
-545
-227
48
300
428
899
1463
1678
1795
2076
2373
2718
2798
2742
2575
2539
2365
2100
2257
1933
1673
1223
935
787
359
232
266
131
-80
-181
13
280
410
520
641
898
1036
1210
1154
1097
1338
1162
1301
1437
1510
1479
1502
1764
1800
1742
1721
1677
1702
1659
1311
1182
1140
834
548
416
143
12
-88
-62
-213
-307
-373
-117
-290
-464
-686
-644
-813
-1052
-961
-846
-880
-1069
-1073
-1337
-1545
-1666
-1862
-1845
-1889
-2223
-2483
-2557
-2640
-2840
-2961
-3156
-3418
-3718
-3906
-4129
-4325
-4709
-5125
-5292
-5092
-4898
-4843
-4644
-4475
-4302
-4029
-3960
-3639
-3140
-2965
-2541
-2174
-1739
-1316
-977
-730
-561
-231
-34
-105
33
273
204
308
106
140
136
-52
-240
-227
-395
-381
-533
-640
-926
-887
-900
-1127
-1431
-1844
-1810
-2034
-2069
-1895
-1858
-1634
-1358
-908
-626
-247
-28
84
332
669
896
993
1107
1298
1473
1664
1898
1913
2169
1976
2105
2359
2239
2149
2092
2048
1975
1936
1768
1628
1392
1349
1107
918
903
826
661
451
607
629
427
246
130
-213
-630
-613
-458
-281
-480
-391
-466
-308
-234
-433
-551
-630
-668
-830
-818
-855
-1310
-1961
-2086
-2333
-2382
-2493
-2540
-2558
-2369
-2073
-2128
-1913
-1764
-1682
-1252
-864
-432
-417
-315
-14
157
418
556
907
876
672
992
1247
1238
1094
862
895
883
795
770
876
815
493
460
359
236
155
179
21
-238
-510
-629
-790
-978
-1054
-1024
-1168
-1253
-927
-771
-755
-688
-387
165
320
564
1130
1440
1765
2138
2522
2485
2614
2862
2915
3060
2925
2913
3101
2961
2941
2886
2959
3176
3359
3375
3330
3195
2827
2544
2441
2044
1720
1514
1191
1007
708
876
1154
1035
844
815
911
558
324
252
176
143
-123
-326
-574
-500
-458
-796
-1017
-944
-1208
-1324
-1391
-1219
-1422
-1572
-1469
-1412
-1342
-1396
-1517
-1269
-926
-903
-872
-840
-513
-168
-43
16
563
820
983
1096
1236
1380
1755
1788
1786
1586
1352
1235
1305
1079
707
722
479
369
249
238
303
151
9
-83
-151
-188
-113
-223
-395
-608
-730
-758
-846
-805
-481
-326
-38
285
538
783
1034
1426
1649
1789
1806
1709
1753
1890
1958
1932
2187
2191
2058
2280
2105
1868
1782
1696
1651
1658
1302
1300
1111
964
708
484
205
-220
-421
-972
-1233
-1506
-1601
-1774
-1824
-2013
-2172
-2002
-1941
-1974
-2117
-2393
-2366
-2348
-2640
-2653
-2530
-2602
-2695
-2733
-2835
-2528
-2664
-2567
-2383
-2181
-2081
-2074
-1991
-1981
-1921
-1993
-2022
-1995
-1858
-1692
-1738
-1844
-1417
-1032
-905
-510
-169
-46
46
4
7
238
376
226
7
121
-5
-273
-254
-328
-283
-43
196
589
623
377
472
586
448
185
-25
80
214
55
-146
144
-23
-190
-396
-175
-462
-708
-613
-621
-534
-691
-497
-252
12
308
651
681
988
989
797
934
1104
1255
1212
1150
1102
1073
1156
1527
1671
1547
1503
1198
1015
1003
884
773
522
165
39
-286
-388
-251
-96
-219
-238
-47
-234
-256
-306
-231
-224
-491
-447
-444
-449
-493
-326
-314
-89
146
175
423
299
635
658
399
442
432
447
565
1022
922
609
464
392
490
413
155
74
-150
-118
215
410
352
139
240
316
495
409
187
162
91
294
330
117
130
86
243
210
251
286
153
496
534
691
773
571
419
326
640
656
499
227
187
93
155
-32
-383
-688
-720
-662
-534
-353
-302
-119
42
604
950
949
1190
1454
1495
1580
1543
1866
1754
1435
1485
1369
1436
1297
1186
1217
1089
1142
1105
1007
898
865
681
489
340
276
209
-10
-430
-653
-766
-881
-986
-1238
-1517
-1754
-1565
-1318
-1497
-1495
-1406
-1471
-1302
-1015
-636
-295
-307
14
78
145
196
164
313
377
447
406
323
187
121
241
26
-50
-34
-133
-147
-294
-438
-444
-633
-606
-521
-432
-186
-172
17
-156
-46
-340
-344
-243
-346
-181
-155
-208
-68
405
590
814
742
814
982
938
773
587
365
184
27
-34
-342
-522
-441
-426
-554
-381
-72
115
135
21
402
440
659
534
692
718
713
815
772
1159
1129
1153
1346
1577
1486
1623
1647
1625
1481
1162
996
695
276
194
-327
-446
-285
-511
-766
-778
-907
-1185
-1333
-1523
-1348
-1694
-1922
-1707
-1348
-1267
-1231
-1379
-1291
-1263
-1272
-1216
-1198
-1058
-1130
-938
-685
-780
-629
-493
-379
-39
201
243
269
463
731
947
1176
1235
1215
1062
1443
1386
1166
1135
944
972
798
601
503
339
266
290
395
264
50
38
224
135
53
111
310
513
526
440
402
442
336
326
83
-127
-219
-243
-243
-376
-409
-517
-491
-250
-394
-501
-580
-702
-541
-117
-136
-207
10
250
340
602
535
490
431
129
353
640
697
838
935
914
918
985
784
735
357
173
84
20
-104
-170
-166
-139
12
0
165
87
264
296
284
77
194
86
-62
140
119
-188
66
298
200
40
163
41
-120
-177
-106
-56
-314
-490
-483
-404
-491
-175
-57
-134
61
115
178
263
293
158
-10
102
129
319
135
17
164
86
48
76
17
7
-15
110
-62
-346
-341
-241
-266
-341
-436
-419
-200
-485
-681
-631
-866
-830
-1018
-870
-783
-833
-738
-1217
-1268
-1200
-1085
-1158
-1206
-1222
-1179
-1079
-968
-1060
-1024
-851
-924
-910
-798
-724
-802
-820
-856
-940
-1052
-811
-548
-744
-752
-758
-561
-541
-557
-604
-812
-821
-1109
-1240
-1135
-978
-876
-795
-834
-772
-897
-908
-815
-837
-787
-674
-637
-369
-144
-190
-149
-155
-320
-134
-110
-491
-628
-783
-867
-899
-954
-1244
-1636
-1506
-1694
-1969
-2010
-2196
-2531
-2406
-2275
-2107
-1941
-1858
-1627
-1532
-1482
-1417
-966
-797
-639
-658
-626
-374
-422
-244
-374
-380
-384
-281
-32
37
24
-68
51
174
129
117
139
32
176
-276
-283
-390
-487
-495
-459
-109
-228
-163
-211
-322
-138
70
297
355
590
607
557
433
448
411
436
167
169
346
365
690
871
1015
761
734
485
525
588
394
290
266
245
305
167
-46
319
153
25
173
377
510
628
613
700
858
798
864
974
1454
1365
1251
1442
1319
1692
1758
1677
1587
1508
1583
1441
1527
1504
1198
1017
1188
1297
972
770
876
810
897
806
651
598
464
467
669
819
861
911
1039
1016
1006
791
655
872
714
495
364
463
634
811
801
654
565
729
777
681
711
423
225
85
115
323
2
-42
-15
-62
-123
-114
-138
-222
-333
-340
-395
-396
-502
-756
-856
-786
-726
-742
-444
-395
-490
-442
-463
-513
-359
-259
-426
-556
-631
-675
-801
-710
-788
-972
-911
-925
-626
-573
-361
-337
-269
-164
-205
-355
-289
-470
-694
-428
-436
-540
-585
-569
-411
-316
-375
-151
198
254
305
614
865
936
818
1205
1198
1194
1245
1382
1446
1285
1386
1277
1158
868
956
912
737
619
712
658
705
553
178
151
142
229
164
429
672
617
798
790
603
581
642
617
432
353
403
427
176
238
-155
-451
-679
-928
-912
-1069
-1002
-1107
-1361
-1333
-1138
-881
-1113
-1237
-1191
-1352
-1284
-1472
-1554
-1275
-1446
-1399
-1414
-1555
-1628
-1412
-1452
-1628
-1445
-1451
-1359
-1411
-1033
-1032
-1209
-1389
-1522
-1391
-1328
-1468
-1645
-1750
-1778
-1548
-1238
-1191
-1301
-1317
-1249
-1122
-1157
-982
-957
-857
-756
-749
-579
-353
-453
-608
-581
-620
-640
-699
-660
-627
-713
-662
-988
-1181
-1142
-1175
-1221
-1321
-1444
-1673
-1493
-1450
-1569
-1768
-1676
-1422
-1483
-1559
-1540
-1357
-1389
-1687
-1743
-1730
-1880
-1966
-1908
-1695
-1526
-1383
-1098
-874
-868
-405
17
269
407
627
824
1048
1063
892
942
841
855
996
1315
1493
1332
1350
1505
1507
1700
1592
1307
1308
1126
1377
1260
1006
800
503
747
670
683
435
260
322
278
253
80
-108
-167
14
-96
-280
-180
-194
-270
-328
-462
-582
-455
-480
-543
-341
-110
-169
-6
3
-144
-117
-155
-248
-201
-18
288
317
419
537
710
947
1035
1145
1222
1376
1780
