-455
-256
-597
-734
-38
85
-183
-142
-168
-214
-264
-366
-396
-504
-127
-161
-284
-36
-292
-89
101
329
-95
-229
-324
-671
-417
-699
-612
-727
-780
-938
-1302
-1174
-1096
-1156
-998
-998
-941
-783
-703
-618
-611
-568
-667
-677
-799
-806
-765
-534
-533
-414
-487
-1092
-1426
-1495
-1782
-1849
-1694
-1562
-1734
-1828
-1963
-1807
-1919
-1862
-2047
-2389
-2233
-2115
-1957
-1925
-1820
-2453
-2509
-2479
-2651
-2356
-2154
-2280
-2411
-2492
-2712
-2788
-2732
-2418
-2297
-1860
-1670
-2048
-1977
-2004
-1804
-1936
-2091
-1743
-1811
-1775
-1680
-1487
-1411
-1294
-684
-611
-447
-157
-364
-156
-452
-489
18
-102
-192
-332
-577
-564
-675
-836
-778
-688
-870
-780
-519
-697
-519
-387
-285
62
-40
-31
-66
200
-144
-245
-173
-279
-137
-97
-28
-555
-1005
-1113
-1139
-1384
-1372
-1600
-1275
-1675
-1429
-1246
-1404
-1357
-1381
-1115
-1373
-1123
-1453
-1482
-1549
-1123
-1085
-1142
-903
-953
-701
-817
-851
-671
-828
-942
-851
-781
-410
-629
-268
-431
-440
-402
-505
-443
-521
-107
2
6
107
494
1053
1132
1060
1330
1782
2058
2070
2145
2524
2622
2483
2549
2381
2165
2216
1843
1759
2010
1954
2232
2527
2670
2648
2520
2749
2775
2482
2621
2705
2907
3113
2767
2590
2800
3043
2963
2796
2851
2855
2437
2300
2052
1752
1742
1444
1308
1203
1093
1115
810
547
895
713
656
410
237
300
244
157
95
78
341
412
730
1086
811
1020
1173
1276
1041
1151
1402
1368
1770
1429
1156
919
617
869
254
176
544
552
227
339
438
432
835
298
525
1152
1055
1344
1457
1679
2310
2639
2734
3005
3032
3013
2456
2203
2025
1765
1589
1519
1727
1049
904
825
621
901
605
584
423
504
268
-176
-201
-588
-970
-1185
-1235
-1454
-1579
-1330
-1014
-929
-1062
-1315
-1392
-1572
-1643
-1869
-1689
-1559
-1449
-1144
-1058
-1103
-1092
-1422
-1473
-1378
-1701
-2134
-2424
-2424
-2470
-2575
-2465
-2204
-1980
-1765
-1991
-1900
-1724
-1653
-1452
-1029
-977
-698
-401
4
-239
-296
-547
-456
-533
-396
-370
-222
-167
-368
-168
-491
-594
-601
-484
-814
-1129
-1279
-1093
-1434
-1499
-1007
-1087
-837
-575
-558
-831
-747
-914
-957
-1012
-1378
-1447
-1912
-1851
-1611
-1663
-1579
-1645
-2050
-2227
-1729
-1848
-2251
-2281
-2524
-2519
-2395
-2644
-3011
-2949
-2813
-2888
-2670
-2300
-1831
-1782
-1840
-1619
-1595
-1526
-1556
-1604
-1265
-1708
-1724
-1646
-1659
-1745
-2074
-1751
-1602
-1151
-937
-634
-476
-454
-356
-363
-608
-541
-538
-663
-269
-290
-400
-445
-809
-1166
-1154
-1054
-1096
-1174
-1106
-996
-700
-613
-275
-58
-69
172
522
740
756
910
697
480
692
672
959
727
549
635
541
337
275
-126
-611
-919
-1036
-753
-1074
-1075
-998
-868
-796
-629
-689
-898
-886
-1164
-1075
-932
-837
-1149
-1479
-1319
-1381
-1459
-1111
-825
-646
-585
-494
-403
-640
-653
-977
-918
-1026
-1275
-1312
-1309
-1298
-1031
-155
-48
18
260
-268
-166
-184
78
427
864
1082
1238
1436
1272
1679
1130
967
955
1217
1331
1370
1218
805
719
593
612
476
368
409
442
774
1139
1004
975
1047
1380
1532
1751
1889
1912
1930
2021
2175
2281
2214
2019
1838
1832
2116
2093
1809
1579
1595
1990
2375
2600
2383
2203
1911
1953
1656
1646
1563
1544
1600
1325
1481
2263
2526
2614
2861
2902
3059
2955
3072
2891
2845
2753
2694
2965
3252
3048
3121
3290
3374
3419
3557
3488
3229
3423
3112
3126
3401
2829
2483
2556
2719
2675
2822
2831
2577
2342
2481
2680
2664
2707
2509
2459
2416
2391
1955
2001
2012
1866
1874
1594
2095
2352
2152
2000
2079
1526
1455
1278
1112
1055
1265
1041
1149
1239
919
1193
1284
1059
1135
761
491
778
667
302
-41
83
-452
-501
-465
-642
-655
-700
-1015
-992
-689
-941
-1274
-1448
-1399
-1546
-1751
-1797
-2172
-2574
-2387
-2227
-1934
-1776
-1865
-1865
-2015
-2522
-2100
-1771
-1701
-1553
-1496
-1688
-1752
-1597
-1505
-1299
-756
-694
-661
-1002
-1043
-888
-763
-1005
-1417
-1548
-1721
-1956
-2363
-2198
-2255
-2140
-1933
-1421
-1302
-1424
-1151
-983
-733
-415
-341
-151
-391
-672
-855
-1318
-1196
-1414
-1719
-1533
-1728
-1794
-1641
-1804
-2024
-2168
-2527
-2215
-2415
-2173
-2081
-2416
-2261
-2318
-2139
-2104
-1971
-1828
-1641
-1785
-1568
-1681
-1835
-1635
-1344
-1255
-1628
-1958
-2631
-3029
-2814
-2997
-3396
-3735
-3877
-3943
-4270
-3712
-3259
-3181
-2830
-2381
-2066
-1768
-1538
-971
-868
-481
-83
490
629
503
358
372
526
462
461
476
580
275
693
632
454
654
935
915
802
663
698
1242
1082
1168
1052
910
1272
1343
1330
1213
1318
1021
738
754
771
875
554
431
130
90
120
-84
-186
-175
64
-209
181
314
478
188
-134
-2
323
453
543
315
-169
-240
218
515
274
249
-424
-290
-105
317
616
205
-60
-39
349
857
947
938
877
689
497
467
839
666
445
625
888
1098
1042
1250
1347
1763
1848
1532
1564
1345
1578
1697
1670
2087
1689
1497
1610
1974
2450
2217
2089
2008
1863
1744
1399
1293
1190
887
1046
1418
1544
1281
1445
1293
1255
1509
1490
1946
1827
1542
1555
1671
1756
1904
1781
1724
1533
1249
1432
1288
964
599
419
329
123
-118
103
12
222
163
236
541
445
537
767
626
724
421
420
539
491
467
370
713
730
1076
820
712
858
834
838
1087
1097
1043
962
1247
1463
1490
2017
2183
1992
2237
2007
1768
1745
1692
1950
1746
1631
1476
1355
1355
1155
1375
1726
1502
1476
1501
1290
982
655
662
572
408
795
780
587
657
398
54
294
432
18
-85
-79
-540
-662
-298
-410
-463
-365
-574
-864
-698
-791
-752
-324
-468
-391
-337
-526
-886
-631
-837
-1456
-1783
-2083
-2207
-2695
-2561
-2391
-2343
-2538
-2478
-2267
-2361
-2512
-2604
-2723
-2597
-2014
-2050
-1780
-1808
-1755
-1233
-1186
-895
-1129
-1840
-1832
-2042
-2033
-2177
-2296
-2169
-2365
-2275
-2136
-1919
-1937
-1825
-2130
-2037
-1814
-1516
-1335
-1596
-1497
-1755
-1858
-1496
-1654
-1408
-1475
-1539
-1589
-1700
-1617
-2186
-2122
-2052
-2164
-2019
-2234
-2417
-2111
-2069
-2299
-1875
-1768
-1908
-1768
-1124
-1100
-1283
-1319
-1606
-1765
-1625
-1707
-2083
-2535
-2439
-2499
-2420
-2067
-1876
-1741
-1527
-1280
-1385
-1198
-1554
-1677
-1641
-1555
-1861
-1762
-1849
-1777
-909
-632
-180
-1
21
511
303
469
510
433
695
499
815
900
996
1096
1266
1573
1323
1727
1815
1356
1372
1149
1050
1258
1099
1010
901
1292
1547
1587
909
550
693
1207
1620
1555
1779
1537
1286
1472
1429
1461
1170
1303
1271
862
1375
1036
996
703
703
776
786
766
457
476
450
588
887
958
787
898
1446
1903
1909
1763
1257
1100
1111
1437
1425
976
539
-363
-21
217
199
99
-15
-214
-508
190
787
1280
1598
1504
1147
1596
1782
1542
1574
1536
1338
1371
1767
1731
1597
1648
1418
1132
1071
740
371
264
-308
2
624
890
779
499
519
712
1055
997
888
614
300
207
31
320
340
324
493
491
713
470
54
-393
-282
-244
-46
-389
-536
-756
-657
-437
-287
-27
52
-138
12
265
873
965
836
831
1329
831
574
637
261
-117
-312
-145
296
818
887
620
739
745
753
1083
1028
984
618
383
191
263
585
816
427
425
381
-50
-23
-335
-528
-634
-151
85
18
87
39
-452
-503
-188
1
52
-66
-374
-635
-322
-431
-594
-737
-944
-1419
-958
-503
-218
-39
-509
-722
-361
-197
15
341
222
-473
-507
-111
260
512
57
-79
-518
-517
-317
-94
-207
-610
-899
-1316
-1028
-564
-236
-203
-37
-345
-417
-131
-74
-240
-248
-166
-222
-80
-324
-273
-281
-502
-905
-827
-590
-672
-748
-685
-656
-596
-370
-168
-99
82
54
-102
-15
342
352
41
280
35
37
19
-667
-851
-664
-695
-1090
-1295
-1492
-1278
-1103
-862
-896
-1167
-1488
-1205
-622
-889
-712
-974
-1302
-1046
-779
-1166
-1309
-1448
-1852
-1882
-1896
-1948
-1974
-2038
-2202
-2263
-2391
-1918
-1638
-1730
-1651
-1665
-1299
-840
-778
-570
-748
-492
-312
40
242
-123
-573
-807
-424
19
258
66
123
202
254
623
795
1040
1157
991
1069
1486
2135
2470
2208
1873
2025
1856
1996
2189
2368
1654
1442
1338
1113
1120
843
870
636
877
723
551
464
588
725
1119
1179
1176
947
530
470
-11
243
503
604
803
972
1244
1166
1036
690
649
592
771
804
885
959
574
694
352
579
1051
1089
1527
1543
1206
612
682
678
457
376
117
-154
-182
177
574
631
891
623
827
1080
1304
1861
1302
885
834
1015
1035
884
378
-240
-289
-188
140
155
-254
-505
-621
-715
-158
77
-295
-696
-580
-607
-654
-339
-204
-473
-618
-592
-242
134
-138
-3
-240
-413
-568
-393
-552
-1066
-859
-1000
-700
-516
-455
70
229
178
-91
88
438
300
113
-463
-629
-631
-844
-474
-702
-1270
-1358
-1319
-1471
-1421
-1607
-1393
-1206
-1283
-1982
-1898
-1469
-1518
-1162
-1364
-1254
-1499
-1410
-1326
-1476
-1569
-1419
-1174
-1102
-1201
-1769
-2165
-2732
-2822
-3069
-3176
-3054
-3074
-3117
-2663
-2388
-2226
-2390
-2040
-1798
-1886
-1343
-1272
-1222
-1491
-1402
-1280
-930
-636
-604
-489
248
320
60
125
404
696
888
856
731
858
1026
1033
1288
1134
1060
1356
1080
929
1072
1055
744
942
1108
955
1103
667
617
1017
675
350
431
228
504
1100
1220
817
492
587
792
985
1057
931
471
-118
-310
-145
-360
-527
-526
-708
-581
-268
-24
-52
-788
-865
-835
-627
-1048
-1611
-1671
-2027
-1638
-1248
-1222
-1577
-1546
-1230
-1093
-933
-775
-754
-523
-296
-157
172
352
-68
122
604
740
942
1154
964
475
542
305
341
537
252
230
295
383
71
-13
219
410
170
206
-34
-215
-352
-140
-219
-93
-165
59
482
650
614
960
889
745
890
670
1080
911
799
707
403
447
1036
1183
1313
864
290
97
427
763
1026
957
608
1077
1328
1863
2344
2349
2071
1308
981
1188
960
885
789
471
281
697
766
315
53
-298
-651
-143
15
100
78
104
247
237
321
650
571
734
331
448
448
475
621
989
790
1290
1968
1706
2052
1916
2219
2422
2838
2717
2648
2562
2782
2703
2859
3053
3137
3237
3131
2676
2523
2421
2491
2499
1833
1898
1976
2094
2512
2883
2935
2783
3015
2600
2436
2134
2121
2294
2388
2596
2230
1850
1347
1222
1346
1126
679
479
376
-18
116
189
-297
-80
-127
-381
-232
-214
-922
-1303
-1412
-1338
-921
-877
-835
-1362
-1487
-1393
-1164
-456
-805
-966
-1044
-904
-80
-223
-269
-998
-1308
-601
-279
452
279
-333
-948
-1075
-922
-529
-384
-1080
-1175
-1012
85
1002
1667
1026
378
120
267
796
935
475
-732
-1221
-988
-566
-424
-447
-1455
-2270
-2079
-1508
-988
-1320
-1793
-2462
-2672
-2305
-1976
-2193
-3159
-3533
-3514
-3355
-2971
-2672
-3288
-3906
-4020
-3852
-3443
-3045
-3282
-3846
-4191
-4326
-4161
-3318
-2961
-3339
-3991
-3909
-3169
-2903
-2801
-3097
-3588
-3581
-3216
-2402
-2431
-2549
-2656
-2525
-1657
-1105
-995
-1317
-1767
-1791
-1367
-1231
-1143
-1222
-1079
-907
-383
0
117
348
-197
-319
193
242
660
475
-25
-170
-684
-300
181
594
406
407
393
830
1173
1319
1318
916
472
728
1584
1634
1176
411
232
-63
37
-70
10
-12
-211
-114
-358
-435
-239
-189
-110
-265
-231
-433
-430
-758
-1022
-1389
-2224
-2181
-2806
-2811
-2752
-2524
-2225
-2823
-3140
-2661
-2304
-1470
-1401
-1212
-779
-228
611
1129
1657
1277
1410
1387
2094
2455
2080
2157
2266
2649
3025
3827
4214
4080
3437
3183
3294
3728
4190
3944
3622
3283
3298
3464
4021
4021
3545
2989
2584
2775
3565
3900
3293
2756
1982
1580
1483
1937
1579
1257
922
186
598
524
905
294
-414
-582
-422
306
607
461
-189
-919
-844
-785
-483
-881
-1656
-1899
-1768
-1189
-631
-638
-858
-1448
-1327
-870
-977
-857
-1579
-1466
-796
-360
180
197
272
-127
418
1286
2094
2812
2649
1931
2125
2870
3601
4035
3655
3103
2771
3102
3559
3907
3547
3059
2896
3035
3888
4332
4294
3701
2716
2400
3129
3307
3754
3618
3034
2705
2934
3341
2608
2366
2054
1810
1638
1227
799
413
-77
-666
-1020
-1425
-2254
-2641
-2953
-3724
-3994
-4444
-4683
-5316
-5275
-5603
-5576
-5763
-5960
-5830
-5866
-5611
-5035
-4641
-4233
-3591
-3134
-2313
-1492
-346
55
387
477
708
1030
1535
1807
1903
2024
2411
2717
3001
3018
3065
3287
2472
2092
2081
2032
2296
2673
2611
2595
2734
2857
2635
2803
2761
2776
2696
2249
2250
1913
1509
787
430
410
86
295
143
232
494
706
826
970
1087
623
620
331
356
303
-41
-552
-946
-1405
-1501
-2102
-3311
-4239
-4725
-4739
-4941
-5840
-6985
-7753
-8152
-7966
-8312
-8716
-9190
-9636
-9869
-9121
-8085
-7879
-8066
-7786
-7051
-5845
-4648
-4070
-3684
-3449
-2647
-1664
-728
-329
20
262
860
2535
3741
4004
3934
3561
4057
4822
5295
5069
4223
3776
3708
4142
4164
3774
3430
2297
1514
799
-105
50
-30
19
-11
5
-3
1
0
-1
1
-2
3
-2
2
-2
1
-2
1
-1
1
-1
1
0
1
0
0
-1
0
0
0
0
0
0
0
0
1
0
-1
0
0
-1
0
0
0
0
0
0
0
0
0
0
0
1
0
0
0
0
-1
-1
0
-1
0
0
0
-1
0
0
0
0
1
1
-1
0
0
-1
-1
0
0
-1
0
0
-1
0
0
-1
1
-1
0
0
-1
0
0
0
0
0
0
0
1
0
0
-1
1
1
0
0
0
0
0
0
0
0
0
1
0
0
0
0
0
0
-1
0
0
-1
0
0
1
0
0
1
0
0
0
1
0
1
0
0
0
0
1
-1
0
-2
3
-4
7
-10
13
-18
23
-29
38
-49
62
-80
110
-162
294
-1168
-3491
-2299
-1657
-723
538
1895
2290
2807
3339
3836
5026
6034
6372
6577
7116
7204
7860
8626
8716
8218
7567
7590
7816
7469
7041
6417
5463
4505
4266
3950
2972
2126
1158
-231
-719
-958
-830
-1390
-2100
-2884
-3285
-2863
-2840
-2805
-3290
-3483
-3310
-2600
-1732
-1451
-1003
-793
-364
609
1907
2470
2952
3368
4274
5435
6792
7102
6664
6256
6057
5910
5915
5421
4062
2974
1276
387
-403
-1568
-3175
-5020
-7129
-8284
-8746
-9639
-10548
-12158
-13029
-13317
-13674
-13993
-14270
-15006
-15418
-14656
-14155
-13609
-12978
-12144
-11556
-10346
-9038
-7816
-6608
-5325
-3822
-1997
-80
1647
3104
4189
5311
6560
7871
8599
9217
9469
10004
10944
11430
11551
11668
11254
11094
10615
10281
9888
8700
7942
6791
5934
4873
3999
2491
962
-56
-980
-1381
-2182
-2515
-3301
-3980
-4052
-4098
-3977
-3909
-3549
-3128
-2069
-1060
-354
713
1615
2829
3867
4961
6583
7407
8126
9223
10014
10374
10439
10678
10617
10051
9283
8285
7210
5698
4225
2928
986
-751
-2486
-4474
-6595
-9239
-11378
-13347
-15126
-17272
-19079
-20577
-21474
-22527
-22733
-22899
-23796
-23896
-23449
-22706
-21947
-21068
-20314
-18783
-16574
-13733
-10807
-8149
-5523
-3158
-1061
1937
4833
7212
9181
10759
12789
14694
16101
16925
17933
18402
18922
19170
19460
19454
19003
18027
17027
15910
14725
13874
12578
10968
9395
7925
6670
5593
3916
2548
983
-660
-1802
-2325
-3068
-4199
-5268
-5910
-6002
-6147
-6066
-5643
-5232
-5662
-4721
-2904
-1740
-654
354
1352
2877
4281
6239
7355
8310
9782
10832
12349
12865
13800
14103
13959
13978
14032
14155
13577
12484
11119
9910
8428
7139
5563
3732
1678
-742
-2822
-4900
-7044
-9375
-11971
-14112
-16167
-17736
-18964
-20241
-21613
-22588
-23815
-24362
-24376
-24352
-23855
-23546
-22950
-23189
-21567
-19657
-17732
-15335
-13118
-10756
-8957
-5545
-2032
648
2796
5583
8022
9678
11941
14387
15787
15707
16228
17339
17823
18000
17895
17354
16485
15384
14796
14559
13288
11517
10954
10676
9873
8090
7052
6145
4475
3020
2494
2014
675
-654
-1471
-2069
-3683
-4631
-4577
-4791
-5465
-5837
-5026
-4950
-4647
-4015
-2406
-1559
-478
1386
3624
5076
5814
7614
8515
10832
11638
13456
14520
15055
16625
16800
17757
17452
17736
16349
14962
13312
11540
9624
6866
4615
1156
-1229
-4083
-6526
-9047
-11978
-14454
-17795
-20110
-22824
-24416
-26667
-28302
-29570
-30007
-30088
-30736
-31053
-31918
-31947
-31947
-31010
-30014
-29227
-27915
-27149
-24411
-21684
-18703
-15330
-12654
-9170
-6170
-2787
191
3223
6044
8108
10891
12590
14197
15408
16646
17311
17414
18366
19085
19603
19367
19622
19554
18695
18052
17009
16624
15052
14212
12990
11537
10178
9144
8416
7302
5947
4281
3518
2634
1435
813
-553
-1682
-2415
-3302
-3623
-3950
-3699
-3982
-3030
-2417
-1101
-430
1075
2248
3043
4511
5879
7555
7771
9544
10353
10758
10871
11568
12515
12263
12667
12436
12838
12115
12255
12049
10783
8825
6787
5324
3395
1595
-931
-3349
-6572
-9563
-11846
-13713
-15997
-19090
-20934
-23237
-24810
-25881
-26837
-27257
-28454
-29312
-28971
-28972
-29686
-29219
-28482
-27502
-26846
-25796
-23454
-22815
-19105
-16386
-12075
-8719
-5226
-1072
1332
5303
7846
11019
13380
16047
18339
19980
21947
23175
24220
24669
25628
26546
25995
25651
24758
24483
23439
23225
22611
21629
20811
19635
19446
17708
16832
14868
12918
10946
8835
7516
5125
3134
609
-1671
-3531
-4225
-5288
-6300
-6873
-7391
-7687
-7676
-6666
-6439
-6556
-6251
-5044
-4651
-2532
-1946
315
1541
3115
5733
7442
10289
10107
12068
11976
13477
14346
15432
15447
14194
13584
12410
12714
10881
9709
7025
4697
2742
368
-546
-4674
-7596
-11491
-14110
-16434
-18976
-21101
-23953
-25833
-27410
-27635
-28608
-29172
-30260
-31090
-31740
-32094
-31689
-32026
-31603
-31058
-30267
-28858
-27457
-24358
-21697
-18963
-14751
-11547
-8041
-5107
-767
1970
4140
6916
11085
14192
15773
18430
20530
21498
21398
23456
25668
24930
23877
24435
26295
26045
25769
26288
25739
24258
22656
23672
23483
21322
18694
17014
15972
13181
10402
8358
6013
2168
-617
-753
-1833
-4404
-7125
-7129
-7497
-8591
-8656
-7720
-7647
-8420
-7376
-4642
-3793
-3580
-2096
205
1395
2419
5104
6861
8367
8580
10863
11880
12576
12661
13780
14749
13550
12870
12392
12804
10877
9449
8081
5793
2798
60
-1755
-5439
-9950
-13816
-16336
-19282
-22462
-24116
-26450
-27803
-28640
-28480
-28844
-29830
-30328
-30811
-30966
-31773
-32287
-31926
-31323
-31118
-29975
-28828
-25052
-23645
-20428
-16795
-12713
-10356
-8961
-3836
-1660
374
1726
5996
8456
8839
11325
14247
15788
15083
17000
19958
19965
19333
20256
23066
22048
22380
23429
24434
23218
21781
23022
22798
21430
18358
17376
16507
13647
10997
9689
8027
4150
1127
765
-88
-2946
-5411
-5270
-5766
-6983
-7632
-6227
-6610
-8381
-8154
-5880
-4246
-5612
-4690
-2881
-1435
-1790
892
3735
4514
4487
6693
9866
10194
11037
12755
14726
13403
13067
14181
15087
13391
11883
12093
9757
6919
4690
3967
914
-3086
-5647
-7664
-9987
-13115
-14264
-15732
-17955
-20340
-20666
-21557
-23746
-25477
-26562
-26911
-28932
-29696
-30020
-29365
-30584
-29633
-28351
-26709
-24046
-22984
-18080
-16002
-11732
-10718
-7029
-2947
-815
2109
4564
8700
10566
12323
15580
18672
20094
20423
23009
24942
25445
25241
27172
28704
27608
28825
29457
30306
27989
27311
28028
27065
25001
21832
20832
18617
14829
11703
9694
7216
2703
19
-645
-2405
-5786
-7355
-7286
-8282
-9909
-10062
-8869
-9836
-11394
-10476
-8342
-8686
-9234
-8473
-5460
-5994
-4490
-1885
647
2036
2633
6596
7571
8763
9640
12526
13609
13485
13879
14881
14967
13028
13543
12590
10922
7728
6488
5514
1820
-888
-3807
-5841
-9322
-11201
-12433
-13620
-16251
-18210
-19305
-20698
-22829
-24800
-25623
-27904
-30072
-31236
-31311
-31359
-32360
-31106
-30898
-27933
-27520
-23354
-19489
-17244
-14861
-13513
-8273
-7023
-4417
-993
2037
4451
5561
9913
11809
12623
13540
16063
17587
17647
19111
20429
21901
21237
23498
25130
25724
25655
24825
26125
24612
23674
21994
20196
18220
15486
14236
12226
9946
6703
4606
3293
838
-1482
-2810
-3889
-5768
-7171
-7617
-8007
-9204
-9849
-9600
-8935
-9379
-8882
-8607
-7496
-6745
-5786
-3247
-2643
-639
486
3953
5236
6163
7885
9221
10737
10703
11897
11647
11423
10633
10648
10109
7760
6036
4025
2620
-329
-2680
-4890
-7516
-9567
-11203
-12039
-14184
-16161
-18059
-19430
-21394
-23589
-25432
-27421
-29078
-31014
-30263
-31253
-30740
-32354
-29881
-28946
-27012
-23807
-21719
-18346
-18743
-14248
-12238
-8951
-7404
-4051
99
1228
3511
6598
9736
10611
11963
15497
17106
18072
18725
22387
22702
23453
24470
26079
26991
25136
26580
26355
25730
23443
22165
21896
19514
16724
14400
12966
9917
7593
6389
4888
2287
-38
-601
-1570
-3308
-5551
-6198
-6934
-8288
-8792
-9107
-8543
-9452
-9294
-8246
-7406
-6157
-5715
-3231
-1112
297
1760
3994
6066
6860
8202
10226
11832
11393
11893
12727
12711
11135
10388
10074
8335
5906
4203
2754
-840
-3509
-5084
-6541
-9107
-10313
-11260
-12388
-14648
-16566
-17280
-19749
-21844
-23529
-24817
-26470
-29227
-29309
-29318
-29436
-29262
-29053
-25073
-25396
-22170
-20309
-16591
-15404
-14707
-10437
-9318
-6270
-5711
-686
1686
3302
6275
9350
11502
11021
14296
17322
18300
18801
20143
23944
23780
25672
26631
28634
27228
26699
28332
27610
26531
23541
23353
21631
18922
17131
15886
13976
10348
8849
7944
6502
3417
1462
1177
-426
-2002
-2816
-3242
-4276
-5965
-6228
-5686
-6207
-6400
-6717
-4673
-5383
-3886
-2411
-67
1215
2241
4793
5733
7667
7934
10890
10941
11174
10701
11490
11645
10276
9947
8435
7248
4265
2988
1553
-1394
-4438
-7409
-8253
-10098
-11345
-12298
-12704
-14189
-15888
-16673
-17573
-19898
-22371
-24050
-25717
-27979
-29651
-29661
-30823
-30944
-31707
-28438
-27085
-24842
-22302
-19675
-16994
-17186
-12747
-10687
-8002
-7491
-4214
-1068
-109
2225
5267
7346
7335
8629
12497
14133
15355
16290
19496
20146
21459
23547
25648
26847
25220
26575
26850
26218
24096
22747
21841
19054
17007
15550
14519
11391
8550
7659
6722
4888
3192
3069
2253
249
-697
-461
-1249
-2256
-3938
-2933
-4125
-4424
-4228
-3259
-2756
-3945
-1684
-1166
1728
1657
4186
5448
6867
8064
9337
11057
10531
10877
9973
10544
8820
8082
6879
4784
3048
59
-1398
-4339
-6244
-8935
-10152
-11347
-12671
-13896
-14793
-16173
-18179
-19446
-20960
-22031
-23605
-26221
-27842
-30035
-30202
-30141
-29281
-27629
-28248
-24363
-24698
-19938
-19311
-16133
-15013
-14423
-10982
-9890
-6082
-5842
-1892
-253
1737
3930
6237
8726
8896
11145
13486
14788
16420
17336
20411
20044
22447
22748
25164
24377
23447
24240
23346
22776
20475
20221
18865
16698
15327
14058
13546
10925
9822
9025
7984
6573
5224
5612
4173
3464
1901
1715
-16
-727
-973
-1705
-1597
-3348
-1407
-2377
-484
-911
950
2297
4030
5750
6989
8866
9058
10910
10775
12609
11550
11331
10167
9268
8371
5805
4506
1605
-46
-3807
-5409
-7870
-9949
-10980
-11732
-11872
-13942
-13947
-15948
-17070
-19771
-21275
-22665
-25907
-27061
-29591
-30135
-31955
-31323
-30809
-29585
-28613
-27188
-23050
-22312
-19172
-18181
-14729
-14138
-12342
-9540
-7948
-6815
-5650
-2515
-642
-232
2375
4535
6317
6521
9195
12211
12869
13945
16357
19303
19437
20879
22501
23947
22192
21566
22450
21334
19430
17200
16994
15750
12659
11762
11510
10286
7854
7586
8588
8078
6437
6598
7613
6819
5013
5932
5821
4728
2920
3664
3888
2497
1956
2473
4224
2948
4016
5191
7450
7447
7989
10212
11164
11296
11304
12861
12410
10644
9267
8839
7068
3405
1566
17
-2370
-6401
-8243
-9370
-11674
-13935
-14162
-13928
-15696
-16895
-17763
-18275
-20864
-22780
-23537
-24654
-27209
-29106
-29344
-30271
-31224
-30018
-28409
-26649
-27069
-23816
-21064
-19238
-16862
-14259
-11316
-11101
-8097
-5728
-2954
-2519
163
2852
3210
4092
6428
8439
8630
9219
12966
14455
15443
16063
20103
20377
20300
21364
23068
23048
20730
21537
21385
19581
16691
16182
15741
12959
10945
10838
11407
8937
7815
8805
8816
7475
6758
8769
8292
7110
6151
7789
7318
5578
5891
6158
6109
4043
5420
6286
6441
5471
6991
8891
9039
9463
10253
12040
10692
11043
11153
11461
9198
7487
6147
4529
2372
-779
-1858
-4795
-7891
-10691
-11989
-13096
-15558
-15645
-16131
-16035
-18338
-18808
-19752
-21383
-23701
-25220
-26155
-27695
-29535
-30307
-30034
-30476
-28618
-27478
-24691
-24934
-21294
-19271
-15186
-13873
-11023
-9066
-7514
-4966
-3451
-871
-378
1743
2928
3902
4721
6695
8362
8712
9229
11861
13295
14684
15233
18633
18417
19295
19283
20595
19962
18604
18342
17723
16316
13732
13004
12518
10568
8556
7912
8014
7213
6690
7451
7721
7240
6636
8139
8482
8268
7215
8199
7899
7601
6928
8458
8186
7265
7295
8144
8571
7969
9507
9951
10772
10090
11510
12295
11896
10978
10817
10291
8342
6515
4606
2987
13
-2893
-4746
-7583
-10421
-13193
-14368
-16238
-17434
-18081
-18119
-18659
-19538
-20208
-20801
-22293
-24733
-25951
-27064
-28006
-30236
-30291
-31157
-30298
-29741
-27858
-26566
-25028
-21747
-19750
-16231
-14552
-10634
-9433
-5912
-4327
-1722
-226
1473
3293
4044
4503
5796
6882
8088
7803
9765
10941
11853
12022
14057
15885
15386
16078
16587
17590
15647
15904
15773
14220
11969
11063
10850
9600
7781
6790
5956
5439
4210
4435
4733
4709
3888
4996
6492
6949
7193
8004
9486
9137
9248
9996
10900
10190
9569
9913
10969
10098
10449
11363
11889
11742
11989
13216
12806
12239
11451
11002
9483
6900
5402
3730
1305
-1772
-3825
-5999
-9220
-12266
-14500
-16037
-18091
-19279
-19981
-20574
-21578
-23340
-23500
-24639
-25848
-27458
-28021
-29471
-30494
-31765
-30636
-29377
-29018
-27710
-25519
-20939
-19870
-15856
-13825
-9014
-8588
-4959
-1422
2115
2917
4496
8337
9786
9853
10671
12556
12703
11503
13149
15133
15149
14083
14589
16999
15921
16458
16185
18085
15329
15048
14943
14959
12348
10061
9824
9049
6767
5387
5213
5158
3327
3720
4607
5707
5369
5843
7444
8222
8444
8516
10467
10173
9568
9805
11330
11071
11045
11848
12908
12543
12343
13613
15074
15564
15434
15859
16700
16318
15424
15074
13916
11074
8465
6826
4505
710
-2701
-5247
-8107
-11342
-14079
-15466
-17225
-18849
-20139
-20722
-21277
-23170
-24045
-24084
-24895
-26771
-27596
-28353
-30316
-31574
-32319
-30636
-29883
-28564
-26702
-24640
-20619
-19360
-14431
-11997
-7620
-6543
-2245
948
3558
5340
7495
9907
10464
10609
12696
13979
13958
12669
13946
14850
14064
13488
14306
15838
13664
14268
14313
15113
12387
12145
12338
11500
8592
7454
7030
5484
2736
1488
1007
525
-1523
-1228
247
238
292
1590
4096
4006
4466
5666
7273
7462
8118
9704
10841
11428
11300
12847
13845
14274
13599
15891
16875
17006
16783
18098
17605
16034
15247
15027
13281
10434
8173
6103
3359
-94
-3351
-5045
-7969
-12101
-14574
-15905
-17856
-20765
-21550
-22634
-24647
-26416
-26457
-27263
-28847
-30658
-30709
-31004
-31710
-32356
-30775
-29567
-28845
-28648
-25131
-21677
-20064
-16959
-13770
-8546
-7846
-2652
358
4421
4649
7640
11149
12472
13132
14293
16009
16188
15039
16457
16671
15710
13854
15152
15595
14199
13353
12973
13312
10059
10261
9875
9629
6350
5077
5201
3875
1404
280
98
-1142
-3276
-2160
-1372
-1137
-2114
-524
1251
1735
2208
3607
5791
5181
6283
7914
10350
10025
11090
12641
13689
13614
14899
16436
17016
16633
16929
17485
17445
16430
15825
14797
12534
9921
8384
6364
2996
-617
-3485
-6468
-9485
-12375
-15160
-17248
-19689
-20895
-22149
-23121
-25110
-26468
-27180
-28242
-29180
-29984
-29851
-31058
-32151
-32483
-30973
-29898
-29226
-27931
-26085
-21903
-19497
-14943
-12619
-7908
-6960
-2109
1349
5185
6650
9384
12587
13706
14798
16500
17964
17463
16660
17419
18239
17630
16477
16530
17365
15178
15373
14695
15305
11408
10749
9946
9060
6023
4646
3710
1880
-263
-1543
-1785
-2510
-4007
-3980
-2947
-2608
-2804
-1920
571
817
983
2658
4713
5160
5791
6977
8389
9295
10268
11795
13943
14301
15277
16560
18687
18346
18218
19251
18885
17570
16564
16753
14831
12226
9736
7603
4609
1205
-1939
-4831
-7820
-11541
-14354
-16319
-18578
-21227
-22408
-23285
-25716
-26855
-27221
-28169
-29715
-30065
-30747
-30877
-31545
-30409
-29800
-29125
-27710
-26846
-22428
-20655
-16436
-14709
-9223
-7241
-2739
1194
4469
6949
9278
12976
14686
16353
18190
18870
19856
19626
20249
21231
20527
19931
18912
20578
18294
17601
15951
16025
12599
11187
10471
8534
5364
3281
2368
510
-1601
-2954
-4560
-5390
-6474
-6782
-5764
-5440
-5534
-5318
-2733
-2159
-1132
588
2670
3049
3880
5885
7441
8056
9617
11185
12675
13831
15062
16781
18436
19327
19012
20675
20596
20220
18873
18353
16152
13716
11621
9124
5734
2210
-1273
-5231
-8254
-11228
-14759
-17199
-19484
-21199
-23178
-24303
-25861
-27976
-28690
-29027
-29381
-30204
-30151
-31458
-32176
-32271
-30773
-30468
-28702
-27917
-24327
-21744
-17995
-15101
-11327
-7660
-5094
-241
3259
7060
8140
12310
14197
15642
16739
18775
19408
19542
19420
21262
20233
20034
18841
20201
19018
18218
16795
16597
15581
12719
12096
10381
7974
4606
3547
1990
-529
-2679
-3468
-4669
-5752
-6804
-5912
-6540
-5644
-6112
-3820
-2281
-1684
-934
763
3060
2640
4450
6005
7572
7324
9467
11013
12246
12835
14504
16022
17061
17410
18337
19055
18214
17168
16331
15653
12958
10495
8774
6487
2578
-785
-3038
-6175
-10001
-12655
-14859
-16868
-19643
-21053
-22369
-23542
-25975
-27005
-27287
-28263
-30062
-30773
-30913
-31794
-32329
-30333
-29760
-28404
-28327
-23670
-21554
-17952
-15497
-11415
-7753
-5184
-8
3105
7134
8080
11855
14492
16771
17725
19857
21055
21810
21422
23971
23042
22860
21302
22564
20954
20101
18745
18013
16711
14040
13111
10835
8942
5676
4083
2327
-98
-2831
-3965
-5179
-6304
-7406
-6288
-6653
-6086
-6011
-4222
-3228
-2809
-1768
-331
1173
1644
3001
4460
5704
6509
8301
10446
11560
12371
14359
15874
16872
17327
18757
18775
18418
17782
17495
15800
13721
11187
8927
6116
2625
-740
-3881
-7275
-11574
-14308
-16972
-19465
-21696
-22780
-24454
-26440
-27556
-28575
-29355
-30493
-31105
-31662
-31880
-32307
-32197
-30837
-30436
-28936
-27914
-23077
-21450
-17497
-14686
-10011
-7638
-4040
732
3741
6653
8680
12661
14815
16482
18376
20656
21605
21953
22421
24684
23937
23720
23060
24751
22438
21636
20368
19845
17203
15175
14237
12028
9330
6445
4931
3149
250
-2112
-3266
-4248
-5973
-6727
-5710
-6474
-6201
-5865
-3429
-3419
-2930
-1790
-100
728
1348
2677
3818
4445
5220
6781
9165
9832
10480
12501
14283
14957
14968
17314
16890
17064
16186
16540
14675
12796
10636
8680
5790
2431
-955
-3824
-6666
-10379
-13764
-15788
-18596
-20672
-22595
-23501
-25602
-27214
-27859
-28640
-29823
-30953
-31613
-32151
-32375
-31335
-30553
-28979
-28406
-26185
-22430
-19689
-15627
-13186
-8227
-6526
-1844
1131
5686
7169
10387
13104
15729
17310
19350
20795
22180
22304
23367
24352
24308
23407
23372
23435
21982
20979
19583
19159
16055
15044
12455
10535
7131
5214
3126
993
-1441
-3190
-4593
-5273
-6506
-6566
-6714
-6529
-6617
-5568
-3642
-3050
-2426
-957
761
1389
2587
3879
5217
5594
7280
8389
10523
11035
12931
14123
16513
17021
17949
18903
18974
18721
17681
17848
15824
13962
11547
9292
6166
2887
-412
-3652
-7301
-11412
-14604
-17284
-20413
-22585
-25295
-26581
-28955
-29522
-30121
-30047
-30750
-31941
-31954
-32322
-31137
-31183
-29102
-28882
-26212
-24210
-20677
-17555
-14849
-10918
-7628
-3028
-119
4271
6449
9897
12729
15212
17249
19745
21084
22397
22807
25127
25227
25744
25106
26256
25266
24484
23650
22376
21530
18883
17676
15473
13285
9779
7629
5886
3623
754
-775
-2373
-3960
-5873
-5703
-6232
-6340
-7034
-6064
-4957
-4305
-3614
-2447
-907
-571
741
1301
2831
3154
4733
6029
7686
8670
10242
11966
13915
15180
16055
17149
18047
18171
18192
17544
16105
14579
12682
10149
7074
3636
512
-2549
-5941
-8968
-12531
-15090
-17868
-20239
-22733
-24427
-26601
-27591
-28144
-28511
-29640
-30731
-31711
-32236
-32599
-31378
-31117
-29623
-29333
-25645
-23257
-19788
-17014
-13617
-9704
-6769
-2584
224
3964
5690
8768
10974
13377
14637
16811
17927
19365
19613
21851
21697
22204
21715
23102
22059
21557
20765
20021
18925
16780
15604
13524
11059
8001
5884
3698
1121
-1889
-3292
-4647
-5843
-7445
-7007
-7564
-7250
-7139
-5736
-5158
-4568
-3817
-2748
-1155
-263
992
2128
3103
3382
5336
6825
8159
8830
10808
12254
13421
14424
15544
16279
16252
16433
15895
15402
13817
12160
10242
8276
5785
2790
149
-2753
-6298
-9264
-12105
-14794
-17851
-19903
-22288
-24225
-26099
-27243
-28654
-29681
-31177
-31843
-32500
-32137
-31763
-31238
-30004
-29555
-26971
-24995
-20957
-19221
-15089
-12388
-8299
-4906
-674
2605
5467
8701
11412
14099
16472
18731
19932
21056
22240
23542
23761
24235
23722
24533
23072
23293
21739
21482
19304
17906
16041
14261
12069
9600
7831
5391
2821
386
-1350
-2763
-4351
-5408
-5845
-6650
-6653
-6663
-5580
-5484
-4534
-4020
-2601
-1880
-838
-64
1409
2210
3623
4727
6438
7350
8711
10567
12641
14026
14969
16351
16647
17352
17033
17249
16183
15307
13414
11816
9624
7067
4264
1763
-1125
-4159
-7155
-9636
-12562
-15056
-17745
-20171
-22521
-24986
-26669
-28033
-29030
-30678
-31579
-32106
-32357
-31834
-32009
-30549
-30394
-27452
-25719
-21986
-20058
-16489
-13603
-10125
-6089
-2972
932
3446
7072
9448
12281
14415
16731
17984
19831
20933
22992
22980
23990
23699
25406
24363
24589
23513
22858
21156
19379
18384
16042
13855
10755
9001
6507
4071
1507
-148
-1978
-3652
-5244
-5581
-6582
-6902
-7476
-6599
-6668
-6170
-5870
-4606
-4114
-3653
-2791
-1475
-245
838
2485
4255
5618
6767
8741
10868
12440
13475
14883
16097
16747
16958
16918
16717
15681
14318
12957
11003
8575
5362
3047
463
-2549
-5535
-7963
-10775
-13629
-16056
-18142
-20491
-22859
-24510
-26546
-28112
-29671
-30878
-31657
-32271
-31918
-32322
-30802
-31052
-28373
-26802
-22968
-21227
-17748
-14636
-11415
-7530
-4611
-658
1492
5557
7863
10780
13041
15829
17248
19337
20682
22783
22760
24133
23825
25274
24326
24494
23312
22762
21159
19087
18085
15545
13259
10048
8421
5598
2931
402
-1508
-3461
-5030
-6575
-6862
-8050
-8177
-9002
-7959
-7940
-7628
-7368
-5952
-5487
-4927
-3773
-2635
-1638
-852
953
2302
4260
5703
8065
9776
11758
12992
14642
16131
16939
17111
17167
16853
15694
14223
12858
10792
8216
5593
3158
325
-2447
-5431
-8126
-10735
-13579
-16142
-18491
-20538
-23144
-25225
-26948
-27631
-29370
-30077
-31389
-31426
-32197
-31322
-30885
-29953
-27749
-26516
-23154
-21606
-17485
-16047
-11496
-8993
-5267
-2770
490
3556
6139
8690
11270
13714
16114
17467
19725
21322
22223
23170
23970
25586
24568
25115
23754
23910
21350
20403
18516
16332
13326
10757
8912
6387
3537
1038
-874
-2183
-4168
-4943
-5674
-6359
-6949
-7174
-6262
-6533
-5926
-6072
-4928
-4966
-4164
-3591
-2203
-1307
-367
1443
2963
4551
6110
8367
10445
12056
13584
15296
16638
17128
17352
17352
16846
15760
14455
13049
11042
8738
6191
4081
1468
-1054
-3931
-5833
-8269
-10795
-12793
-15067
-17213
-19820
-21457
-23383
-25353
-27535
-29008
-30461
-30638
-31325
-30825
-30645
-29577
-27416
-25711
-22148
-20724
-16878
-15083
-10365
-8246
-4181
-1845
1473
4221
6705
9092
11260
13764
15568
16936
19185
20987
21852
22933
24317
25576
25083
25595
24659
25037
22815
22092
19942
18063
14695
12128
10142
7162
4183
1502
-295
-2411
-4521
-5386
-6064
-6773
-7448
-7066
-6476
-6868
-6760
-6241
-5103
-5068
-4459
-3821
-2371
-1942
-798
791
2898
3849
5654
7986
9848
11270
12809
14835
15607
16430
16644
16938
16191
15168
14148
12733
10894
8185
5943
3702
866
-1793
-4212
-6458
-9219
-11411
-13515
-15750
-18327
-20201
-22061
-23835
-25829
-27539
-29140
-29926
-30440
-31062
-30140
-30687
-28396
-27432
-23798
-22434
-19206
-16359
-13212
-9893
-7341
-3473
-1579
2085
4404
6980
8877
11293
13308
15098
16679
19259
20281
21946
22259
24612
24453
25262
24747
25020
24340
22620
21812
19742
17894
14531
12926
10161
7255
4294
2068
281
-1557
-3470
-4261
-5534
-6007
-6762
-5879
-5899
-5888
-5925
-5094
-4613
-4796
-3973
-3286
-2312
-1902
-444
920
2403
3644
5400
7463
8912
10273
11463
13019
13607
14003
14315
14370
13440
12435
11240
9665
7396
5117
3007
389
-2177
-4591
-6907
-8715
-11070
-13159
-15321
-17080
-19207
-21103
-22787
-24836
-26757
-28527
-29617
-30736
-30500
-31027
-29777
-30181
-27435
-26587
-23414
-21641
-18639
-16025
-13134
-9429
-7443
-3791
-2263
1511
3228
5900
7480
10061
11907
13943
15209
17908
18910
20271
20795
23122
23110
23661
23435
23528
22658
21153
20584
18397
16701
13424
11868
9211
6993
3904
2123
385
-1238
-3030
-3571
-4614
-5087
-5758
-5008
-5043
-4865
-4725
-4173
-3694
-3561
-2708
-2432
-929
-714
747
1787
3878
4642
6568
8406
9831
11099
12047
13609
13666
14059
13867
13641
12469
11343
9916
8300
6302
4151
2242
288
-1930
-4260
-6583
-8354
-10873
-12479
-14473
-15934
-18215
-19783
-21639
-23484
-25024
-26416
-27504
-27822
-28140
-28287
-27600
-27105
-24536
-23406
-19699
-18790
-14741
-13387
-9273
-7291
-4074
-1732
505
3630
5595
7892
9801
12376
14023
15462
17286
19440
20081
21575
22400
24175
23215
24154
22997
23490
21568
20939
19311
17494
15038
12248
10928
8451
6027
3757
2428
775
-1034
-2047
-2462
-3277
-3281
-3477
-2680
-3231
-2774
-3073
-2020
-2094
-1547
-1231
-400
395
933
2202
3544
5016
6477
8188
9726
10733
11821
12615
13266
13404
13326
12860
12476
11139
9694
8161
6306
4185
1937
467
-2007
-4036
-6226
-8197
-10582
-12487
-13941
-15881
-17622
-19583
-21432
-23041
-24918
-26330
-27806
-28040
-28338
-28752
-27744
-27646
-25063
-24540
-21193
-20006
-16766
-14953
-12171
-8940
-6636
-3911
-2380
1374
3355
5272
7395
9821
11324
12935
14641
17037
17401
18921
19273
21161
20773
21348
20658
21026
20317
18724
18095
16003
14330
11441
10218
7967
5515
3291
1736
415
-941
-2027
-2490
-3339
-3257
-3719
-2988
-3457
-3492
-3462
-2608
-2318
-2398
-1426
-657
383
1136
2431
3714
4764
6367
7651
9214
10002
11188
12174
12868
12888
12597
12564
11781
10707
9438
8251
6139
4311
2155
358
-2096
-4166
-6018
-8275
-10412
-12340
-14170
-15754
-17988
-19670
-21532
-22808
-25114
-26205
-27499
-27465
-28081
-27728
-27502
-26945
-24843
-23654
-20546
-19391
-15903
-14689
-10875
-9034
-5619
-3996
-1242
1296
3330
5135
7256
9371
11113
12714
14729
16396
17459
18649
19764
21314
20963
21865
21237
21648
19774
19171
17653
16196
13666
11681
9920
7540
5089
3309
1947
441
-1124
-1932
-2569
-3422
-3633
-3696
-3175
-3455
-3084
-2854
-1925
-1907
-1288
-819
215
491
1448
2418
3914
4799
6173
8048
9294
10343
11138
12309
12351
12684
12536
12360
11515
10314
9209
7701
5657
3524
1286
-826
-3499
-5648
-7653
-9375
-11733
-13544
-15346
-17032
-19004
-20950
-22304
-24053
-25382
-26868
-26686
-27856
-27581
-28135
-26373
-25484
-24143
-22191
-20138
-17090
-15822
-11854
-10018
-6534
-4880
-1437
1232
3538
5361
7859
10028
11878
13308
16037
17302
18478
19247
21246
21913
22044
22554
22290
22759
20910
21038
19398
18476
15802
14359
12626
10337
8004
5977
4623
2744
723
-83
-1074
-1986
-2773
-2721
-2676
-3109
-2780
-2664
-1724
-2139
-1009
-566
814
959
2045
3072
4123
5379
6411
8361
8944
10402
10722
12155
12370
12824
12675
12407
11956
10667
9699
8209
6782
4980
3032
1207
-1218
-3484
-5931
-8115
-10573
-12485
-14443
-16565
-18197
-20309
-21969
-24031
-25331
-26915
-27009
-28212
-27966
-28918
-27103
-26518
-24667
-23081
-21120
-18479
-16803
-13053
-11404
-7820
-6450
-3000
-794
1920
3574
6081
7994
10103
11315
13758
14890
16292
17037
18984
19537
20019
20381
20648
20666
19348
19240
17552
16413
13857
12856
10940
8895
6157
4737
3232
1457
-378
-930
-2054
-2911
-3519
-3274
-3499
-3893
-3839
-3775
-3302
-3661
-2762
-2293
-1049
-744
488
1767
2761
4346
5452
7519
7652
9529
10255
11756
11719
12279
12323
11981
11405
10345
9519
7815
6122
3807
2072
21
-2611
-4555
-6605
-8853
-11467
-13434
-15412
-17614
-19388
-21515
-22934
-24551
-25936
-26565
-27462
-27572
-28420
-27597
-26479
-25873
-24114
-22995
-20170
-19553
-15651
-13627
-10338
-8601
-5197
-2326
48
2392
4657
6955
8765
10301
12575
14228
15579
16203
18106
19479
19393
20618
20767
21533
19844
20240
18995
17968
15907
14829
13232
10892
8874
7079
5634
3865
2045
1014
117
-853
-1635
-1695
-1709
-2572
-2448
-2335
-1769
-2400
-1850
-1757
-576
-554
403
1297
2410
3456
4648
6697
7514
8879
9533
11435
11479
12206
12473
12890
12038
11154
10578
9251
7847
6172
4762
2849
714
-1274
-3370
-5269
-8279
-10458
-12429
-14472
-16692
-18383
-20024
-22202
-24110
-25125
-25392
-26618
-26859
-27610
-25848
-26058
-24046
-23039
-20424
-19141
-17058
-13911
-11756
-9179
-7690
-4101
-2095
-115
2050
4806
6534
7916
9861
12405
13286
14799
15975
18319
18417
19400
19695
20700
20126
19681
19527
18599
17415
15721
15438
13636
11408
9318
8072
6771
4977
3624
2989
1822
863
107
438
-413
-993
-1078
-157
-440
-379
231
1159
1242
2098
2903
4331
4639
5721
6786
8177
8766
9618
10841
11281
11801
11571
12499
12017
11439
10438
9886
8173
6493
4909
3222
1064
-1379
-3356
-5459
-7780
-9785
-11823
-13817
-15835
-17624
-19555
-21178
-23107
-24778
-25093
-26323
-26544
-27468
-26341
-25959
-25009
-23363
-22263
-19854
-19136
-15604
-14181
-11291
-9813
-7031
-4413
-2397
-136
2436
4563
6327
7592
10421
11540
13048
14038
15905
16697
16642
17895
17800
18423
17251
17858
16605
15644
13943
13326
12038
10163
8658
7259
6026
4225
2864
2359
996
139
-472
-546
-1406
-1951
-1752
-1637
-1550
-1659
-758
-234
287
665
1893
2767
3745
4549
6300
7176
7730
8463
9711
10001
9778
10153
10507
10187
9308
8848
8213
6673
4949
3713
1918
-155
-2252
-4033
-5830
-8185
-10139
-11880
-13686
-16098
-18009
-19559
-21442
-23441
-24508
-25227
-25615
-26508
-26067
-26469
-25163
-24619
-23146
-21738
-20486
-18510
-17191
-13850
-12909
-10235
-8967
-5854
-4179
-1919
338
2488
4302
5939
7861
9964
10985
12450
13437
15134
15313
15900
16377
16554
16525
15357
15758
14162
13444
11830
11396
9829
8254
6951
6102
5288
3844
3103
2547
1711
1133
849
1045
389
398
290
862
997
1009
1988
2245
3201
3085
4643
5118
6084
6851
8097
9209
9669
10656
11159
11900
11705
12137
11633
11198
10291
9360
8229
6678
5119
3424
1713
-340
-2498
-4045
-5971
-7978
-9956
-11654
-13802
-15576
-17132
-18933
-20525
-22144
-23170
-24365
-24368
-25098
-24735
-24934
-23426
-22677
-21179
-19581
-18172
-16326
-14462
-11856
-10380
-8152
-6218
-3707
-1421
598
2655
4697
6650
8437
10096
12123
13292
14682
15686
17175
17201
17728
18073
18064
17838
17127
16735
15312
14388
13086
12173
10925
9497
8290
7196
6512
5216
4265
3899
3245
2869
2358
2666
1978
1812
1852
2169
2361
2563
2944
3431
4063
4410
5453
6158
7022
7955
9054
10088
10328
11033
11541
11717
11729
11520
11278
10445
9987
8654
7575
6062
4531
3039
1104
-697
-2819
-4654
-6547
-8443
-10388
-12275
-14325
-16125
-17915
-19659
-21248
-22809
-23712
-24781
-24866
-25264
-24895
-24790
-23802
-22395
-21038
-18956
-17692
-15412
-13998
-11308
-9641
-7404
-5775
-3976
-2083
-334
1465
3041
4665
6351
7829
9321
10750
12423
13365
14402
15072
15250
15566
15192
15328
14494
14047
12817
12103
10999
9728
8681
7367
6360
5363
4954
4253
3531
3096
2844
2798
2646
2637
2645
2531
2456
2575
2767
2834
3223
3483
4079
4405
4896
5605
6412
7586
8227
9306
9502
10517
10540
11138
10926
10499
10003
9078
8281
6458
4959
3249
1543
-419
-2443
-4073
-6028
-7622
-9397
-11036
-12834
-14537
-15995
-17589
-18983
-20950
-22353
-23904
-24932
-26254
-26490
-26950
-26710
-26738
-25639
-23879
-22701
-20506
-18934
-16128
-14583
-11879
-9753
-7583
-5711
-3930
-1831
-374
1105
2866
4631
6342
7745
9277
10815
12138
13298
14275
15136
15301
15911
15652
15979
14906
14111
12997
11828
10704
9152
8151
6633
5514
4458
3678
2855
2095
1661
1502
1449
1497
1724
1853
1777
2171
2412
3078
2953
3850
3909
4705
5060
5916
7000
7481
8751
9153
10536
10733
11865
11741
12214
11897
11754
11215
10109
9048
7281
6078
4080
2718
891
-907
-2554
-4756
-6290
-8289
-9922
-11832
-13552
-15177
-16893
-18485
-20017
-21199
-22990
-23491
-24419
-24209
-24644
-24201
-23935
-22913
-21300
-19946
-17713
-16411
-13821
-12258
-9650
-7680
-5616
-3726
-1819
193
1719
3260
4774
6487
8129
9519
10960
12302
13764
14755
15869
16623
16661
16816
16249
16224
14928
14317
13052
11976
10567
9109
8018
6421
5438
4381
3839
3259
2539
2160
1954
2303
2269
2481
2615
2681
2950
3020
3502
3664
4270
4707
5606
6425
7334
8356
9536
10524
11393
12240
12752
12890
13333
13363
12892
12003
11109
9941
8531
6950
5466
3778
1652
-88
-1797
-3447
-5314
-7034
-8844
-10138
-12084
-13921
-15516
-17035
-18979
-20402
-21442
-22787
-23502
-24048
-23675
-23993
-23149
-22722
-20870
-19996
-18205
-16438
-14715
-12491
-10854
-8099
-6480
-4186
-2823
-662
1076
2269
3922
5478
6964
8318
9637
11233
12132
13524
14199
15521
15343
15533
15209
14909
14501
13055
12413
10442
9225
7420
6313
4907
3535
2406
1764
1506
762
948
1039
1143
1190
1285
1688
1840
2470
2870
3602
3763
4192
4697
5590
6458
6934
8087
8941
9973
10679
11711
11843
11986
12266
12229
11962
11068
10283
8935
7853
6083
4233
2368
461
-1489
-3483
-4901
-6878
-8628
-10239
-11803
-13652
-15403
-16776
-18469
-20071
-21407
-22848
-23765
-24601
-24895
-25009
-24894
-24119
-23767
-21815
-20896
-18663
-17214
-14825
-13109
-11532
-9047
-7626
-5380
-3899
-1810
167
1609
3153
4487
6175
7466
8712
10024
11118
12312
12743
13944
13698
13893
13332
13189
12453
11149
10246
8638
7715
5908
5071
3562
2723
1584
991
1170
680
598
462
939
877
1106
1809
2065
2535
2751
3582
4196
4843
5459
6392
7528
8280
9060
10208
11074
11606
12430
13039
13578
13435
13269
12793
11920
10735
9131
7620
6036
4043
2105
397
-1337
-3217
-4717
-6596
-8287
-10424
-11843
-13435
-15035
-16742
-18064
-19654
-21138
-22386
-23073
-23822
-23860
-24053
-23488
-22790
-22078
-20582
-19264
-17065
-15922
-13072
-11563
-8705
-6877
-4636
-2778
-1152
586
1844
3619
4892
6435
7969
9143
10633
11419
12814
13582
14292
15023
14935
15085
14129
13795
12253
11376
9935
8688
7231
5802
4729
3389
2493
1653
1137
668
517
373
329
790
805
1221
1777
2284
2993
3718
4498
4904
5803
6773
7717
8490
9562
10231
11067
11792
12752
13242
13709
13816
13707
13292
12630
11791
10633
9415
7783
5891
3812
2178
179
-1736
-3571
-5620
-7640
-9451
-11043
-13052
-14717
-16379
-17957
-19509
-21065
-22229
-23184
-23710
-23717
-23895
-23183
-22909
-21453
-20452
-18684
-16876
-15046
-12822
-11171
-8546
-7204
-5019
-3437
-1395
221
1952
3379
4894
6567
8180
9436
10832
11652
12554
13017
13888
13937
13937
13634
13158
12608
11394
10557
8949
7875
6215
5101
3764
2572
1391
475
140
-255
-508
-496
-411
-281
-465
-100
317
639
1161
1576
2639
2948
4201
4889
6375
7033
8311
9407
10287
11420
11897
12699
12822
13465
13089
12870
12016
11178
9929
8560
7147
5313
3575
1812
-104
-1913
-3859
-5587
-7720
-9245
-11077
-12722
-14691
-16109
-17689
-19174
-20689
-21954
-22857
-23565
-23775
-23951
-23304
-23278
-21731
-21172
-19346
-17841
-15895
-13739
-11983
-9253
-7651
-5421
-3848
-1553
148
1585
3233
4660
6396
7587
8887
9953
11021
12120
12635
13622
13341
13335
13095
12877
12030
10700
9894
8112
6892
5009
4069
2454
1211
479
-394
-679
-1430
-1365
-1518
-1331
-1447
-1236
-494
-324
198
626
1577
2015
2756
3732
4752
5533
6344
7625
8564
9632
10395
11295
11825
12366
12627
12569
12333
11606
10668
9919
8638
7013
5413
3819
1991
96
-1327
-3053
-4755
-6406
-8053
-9396
-11215
-12845
-14504
-15985
-17742
-19100
-20190
-20789
-21369
-21981
-21697
-21997
-20872
-20435
-18710
-17542
-15765
-14043
-12406
-10043
-8693
-6518
-5115
-2919
-1438
226
1965
3513
5074
6360
8029
8960
10019
11060
11763
12675
12886
13141
12834
12718
11962
10967
10197
8726
7675
6043
5034
3654
2689
1804
1024
696
483
633
569
908
999
1556
1962
2254
2740
3156
3788
4308
5032
5848
6170
6831
7608
8871
9664
10635
11340
12249
12710
13008
13230
13179
12783
12142
11400
10276
9107
7767
6381
4687
2957
1176
-433
-2097
-3863
-5332
-6678
-8123
-9469
-11071
-12428
-13906
-15168
-16188
-17009
-17981
-18778
-19276
-19546
-19222
-19211
-18012
-17358
-15793
-14608
-13035
-11299
-9838
-7970
-6458
-4405
-3003
-1336
67
1756
3159
4370
5767
7148
8112
9154
9919
10627
10773
11248
11258
11249
10668
10032
9388
8504
7669
6181
5401
3992
3042
1806
1137
542
-481
-738
-879
-928
-984
-628
119
562
1206
1858
2736
3240
3978
4678
5491
6030
6658
7525
7998
8841
9228
10099
10436
10745
10919
11061
10713
10141
9555
8920
7808
6480
5329
3998
2404
806
-666
-2036
-3746
-5220
-6274
-7491
-8971
-10442
-11499
-13032
-14132
-15272
-15969
-16534
-17691
-17869
-18327
-17984
-17929
-17404
-16539
-15924
-14534
-13767
-11957
-10963
-9451
-8123
-6453
-4704
-3558
-1776
-506
957
2074
3340
4653
5497
6748
7394
8512
8912
9179
9450
9202
8893
8114
8105
7159
6536
5387
4476
3444
2272
1698
885
704
-228
-154
-119
19
-134
-140
308
297
808
1014
2301
2306
2964
3564
4261
4887
5297
6366
6765
7730
8124
9069
9500
10021
10197
10497
10732
10029
9747
9092
8360
6968
5829
4638
3057
1808
109
-853
-2525
-3707
-5139
-6238
-7508
-8794
-9687
-10961
-11733
-13198
-13549
-14672
-14897
-15893
-15738
-15550
-15670
-14857
-14560
-13371
-13212
-11711
-10695
-9619
-8611
-7396
-6165
-5076
-3875
-2661
-1378
-332
657
1982
2956
3943
4711
5701
6504
6734
7213
7421
7808
7127
6938
6254
5891
5078
4380
3852
3154
2521
1984
1844
1350
1122
1000
1356
1394
1562
1693
2273
2530
2724
3138
3388
3757
4107
4688
5165
5460
6143
6873
7642
8127
8812
9455
9913
9928
10235
10484
10277
9974
9399
8907
7795
6994
5838
4785
3248
2051
777
-217
-1184
-2335
-3198
-4271
-5514
-6566
-7230
-8232
-9259
-9926
-10650
-11167
-12079
-11821
-12245
-12279
-12097
-11827
-10904
-10888
-9571
-9098
-7821
-7278
-6145
-5213
-4500
-3570
-2405
-1251
-502
419
1280
2172
2865
3796
4637
5031
5242
5641
5698
5842
5210
5297
4819
4374
3676
3446
3044
2165
1861
1533
1665
1129
1148
1380
1594
1672
1846
2584
2597
2866
3098
3673
4046
4316
5065
5164
5651
5516
6293
6618
7040
7260
7610
7821
7183
7532
7242
6916
6137
5787
5240
4478
3637
2710
2266
1059
156
-629
-1409
-2232
-3361
-3821
-4977
-5662
-6587
-7062
-7924
-8553
-8730
-9225
-9132
-9775
-9183
-9720
-9327
-8988
-8626
-7864
-7912
-6781
-6887
-6098
-5698
-4694
-3794
-3490
-2780
-2320
-1421
-1209
-310
522
808
1332
1606
2455
2080
2194
2384
2154
1739
1028
1130
279
-46
-821
-636
-965
-1489
-1593
-1843
-1768
-2348
-1976
-1617
-1545
-1447
-1015
-297
-96
457
1037
1500
1830
2484
3296
3635
4225
4492
5225
5485
5779
5920
6230
6470
6210
6301
6020
5733
4967
4556
4001
3073
2215
1462
812
-259
-860
-1410
-1849
-2622
-3380
-4155
-5006
-5618
-6264
-6650
-6819
-7061
-7323
-7273
-7248
-7004
-6903
-6279
-5644
-4914
-4510
-3852
-2865
-2709
-2203
-1783
-856
-600
-104
602
1323
1597
1767
2460
2492
2536
2510
2619
2486
2027
1652
1509
890
49
-483
-1311
-2148
-2992
-3604
-3733
-4329
-4646
-4622
-4415
-4531
-4413
-3734
-3260
-3060
-2419
-1615
-1258
-878
-389
494
751
1232
2008
2932
3736
4456
5379
6528
6896
7301
8085
8273
8405
8549
8616
8298
7882
7378
6679
5992
5081
4223
3358
2383
1241
424
-437
-1269
-1934
-2840
-3430
-4272
-5009
-5614
-5952
-6263
-6400
-6427
-6199
-6112
-5480
-5043
-3891
-3096
-2133
-1477
-631
225
491
1419
1765
2532
2491
3050
3589
4114
4350
4736
5222
5205
5025
5008
4788
4526
3724
3440
2839
2035
818
-17
-708
-1987
-2804
-3524
-4082
-5018
-5182
-5349
-5573
-5977
-5818
-5690
-5371
-5199
-4706
-4076
-3475
-3090
-2309
-1183
-721
-121
935
1884
2680
3462
4561
5391
5756
6472
7370
7810
8075
8397
8452
8532
8124
7828
7254
6681
5575
4823
4041
3190
2107
1160
259
-993
-1790
-2670
-3332
-4022
-4909
-5458
-6115
-6208
-6416
-6363
-5850
-5916
-5062
-4804
-3488
-3081
-2175
-1381
-796
360
819
1899
2366
3411
3990
4640
5463
6011
6617
7033
7770
8043
7911
8004
7374
6916
5928
5463
4354
3048
1983
620
-162
-1559
-2510
-3570
-4172
-5270
-6075
-6476
-6886
-7496
-7920
-7842
-7983
-8177
-8212
-7891
-7337
-7184
-6487
-5838
-5085
-4520
-3663
-2665
-1787
-886
-20
1083
1624
2362
2967
3701
3921
4244
4790
4839
4804
4752
4805
4542
4169
3913
3469
2984
2341
1752
1118
423
-412
-1061
-1420
-2139
-2906
-3594
-4257
-4766
-5002
-5153
-5235
-5270
-5362
-4997
-4472
-4486
-3782
-3143
-2398
-1990
-1164
-399
109
746
1752
2723
3062
3971
4512
5312
5785
6391
6888
7137
7215
7135
6959
6452
5929
5047
4277
3167
1967
855
-20
-825
-2176
-2676
-3201
-3938
-4734
-5053
-5478
-6055
-6513
-6934
-7049
-7563
-7815
-7901
-7613
-7575
-7478
-6961
-6438
-6045
-5606
-4685
-4033
-3167
-2311
-1489
-642
-112
1090
1610
2158
2508
3012
3528
3731
3997
3945
3958
3843
3883
3658
3502
3232
3038
2958
2542
2340
1733
1317
922
381
93
-480
-868
-1501
-1956
-2209
-2363
-2376
-2370
-2222
-2048
-1655
-1333
-800
-655
-452
35
344
765
1104
1636
2096
2498
3000
3759
4440
5038
5529
5865
6050
6370
6759
6852
6837
6427
6012
5468
4842
4351
3536
2814
2178
1576
920
396
-160
-931
-1575
-2494
-2988
-3557
-4090
-4615
-5370
-5786
-6111
-6424
-6716
-6899
-6978
-6922
-6673
-6208
-5798
-5248
-4696
-4086
-3465
-2791
-2255
-1639
-1051
-419
92
727
1464
2142
2606
3197
3675
4022
4569
4678
4713
4688
4582
4547
4223
3822
3416
2951
2644
2432
2026
1649
1213
493
-56
-756
-934
-1335
-1693
-1846
-2124
-2241
-2192
-1971
-2138
-2045
-1997
-1813
-1551
-1085
-477
-188
395
1054
1686
2266
2817
3141
3499
3993
4319
4707
4577
4907
5045
4971
5136
5176
5154
4878
4572
4053
3612
3142
2767
2292
1800
1211
512
-14
-775
-1475
-2192
-2709
-3299
-3769
-4172
-4703
-4979
-5423
-5723
-5972
-5995
-6042
-5990
-5587
-5439
-5073
-4707
-4258
-3929
-3300
-2750
-2289
-1451
-802
85
840
1297
1856
2304
2772
3148
3198
3328
3045
2835
2820
2602
2412
2201
2096
2048
1816
1538
1050
510
87
-534
-1195
-1652
-2139
-2622
-2952
-3371
-3705
-4015
-4022
-3939
-3869
-3454
-3241
-2927
-2439
-1811
-1240
-898
-298
58
421
1052
1613
2118
2666
3115
3191
3466
3846
4110
4407
4634
4720
4792
4848
4603
4415
4238
3980
3631
3214
2716
2140
1729
1190
569
-175
-901
-1679
-2439
-3122
-3770
-4309
-4621
-5020
-5349
-5481
-5557
-5623
-5718
-5745
-5714
-5524
-5545
-5391
-5242
-5062
-4710
-4238
-3644
-2757
-2072
-1414
-574
-37
727
1354
1944
2042
2366
2475
2635
2577
2498
2537
2477
2455
2244
2216
2035
1728
1459
1182
800
431
-26
-338
-749
-1225
-1625
-1874
-2007
-2223
-2380
-2471
-2455
-2483
-2361
-2079
-1910
-1600
-1208
-956
-613
-247
92
660
962
1363
1712
2100
2615
2954
3406
3581
3951
4314
4489
4614
4823
4789
4689
4508
4261
3950
3633
3480
3167
2800
2664
2348
1880
1534
1157
616
-141
-773
-1109
-1497
-1994
-2361
-2494
-2731
-2890
-3204
-3412
-3392
-3527
-3513
-3486
-3665
-3676
-3667
-3358
-2792
-2405
-2023
-1693
-1056
-524
-62
377
895
1249
1137
1400
1706
1707
2085
2312
2529
2641
2998
3211
3533
3655
3630
3287
3257
2849
2260
1800
1105
533
-36
-594
-1169
-1375
-1651
-1808
-1990
-1891
-1883
-1724
-1503
-1470
-1263
-1195
-1128
-831
-575
-333
-60
56
294
590
852
1348
1816
2111
2418
2724
2952
3168
3393
3585
3684
3841
3962
3950
3986
3718
3360
3164
2961
2255
1709
1329
644
110
-363
-748
-1197
-1700
-2131
-2621
-3179
-3709
-4096
-4386
-4882
-5248
-5396
-5571
-5850
-5708
-5727
-5721
-5396
-4880
-4578
-4318
-3855
-3347
-2868
-2355
-1820
-1361
-797
-199
570
1270
1798
2309
2825
3139
3492
3739
3735
3677
3578
3456
3365
3089
2973
2661
2345
1983
1477
1073
900
290
-199
-525
-816
-1142
-1319
-1384
-1688
-1785
-1908
-1818
-1677
-1520
-1277
-1252
-1258
-1260
-954
-711
-272
14
318
890
1295
1920
2498
2995
3457
3760
4066
4274
4220
4308
4236
4131
3887
3522
3268
2740
2152
1468
1020
563
-121
-1037
-1774
-2627
-3315
-3971
-4564
-5082
-5557
-6094
-6322
-6377
-6689
-6786
-6997
-7053
-7150
-6965
-6670
-6374
-5901
-5381
-5038
-4312
-3638
-2997
-2062
-1353
-736
-173
488
1156
1784
2510
3163
3497
3982
4258
4520
4568
4657
4574
4467
4288
3875
3590
3137
2714
2342
1948
1646
1212
799
407
154
126
-160
-476
-836
-1055
-1101
-981
-753
-722
-649
-495
-382
-148
-28
149
445
947
1370
1742
2235
2673
2847
3118
3435
3653
3599
3727
3710
3612
3456
3192
3151
2665
2312
1846
1476
943
378
-259
-785
-1664
-2220
-2724
-3298
-3957
-4576
-5243
-5862
-6347
-6757
-6958
-7152
-7161
-7179
-7026
-6970
-6692
-6423
-6081
-5594
-5150
-4506
-3783
-3187
-2618
-1770
-1102
-516
190
696
1376
1877
2417
3039
3362
3696
3919
4214
4158
4169
4173
3961
3820
3561
3339
3086
2805
2471
2174
1809
1437
1418
1236
1049
915
814
606
339
454
422
353
490
499
562
627
586
841
919
1215
1712
2023
2465
2618
2806
2855
2903
3123
3153
3175
3187
3176
2949
2794
2711
2511
2410
2325
2247
1765
1425
907
488
46
-600
-1047
-1624
-2122
-2653
-2951
-3287
-3587
-4089
-4239
-4597
-4909
-5097
-5283
-5219
-5290
-5194
-4970
-4651
-4418
-4131
-3509
-3008
-2586
-1966
-1465
-890
-469
-91
445
814
910
1460
1705
1817
2070
2383
2781
2891
3192
3081
3078
2998
2709
2471
2381
2132
1686
1559
1596
1489
1530
1672
1459
1364
1182
1042
894
665
491
524
223
192
210
202
439
619
794
1166
1331
1170
1507
1477
1610
1796
1925
1950
1712
1838
1927
1789
1809
1677
1492
1244
855
585
351
-10
-545
-953
-1462
-1806
-2061
-2283
-2453
-2772
-3144
-3437
-3718
-4017
-4214
-4285
-4407
-4477
-4683
-4808
-4597
-4672
-4764
-4611
-4482
-4365
-4210
-4143
-3780
-3541
-3188
-2774
-2452
-2087
-1680
-1284
-973
-671
-255
14
270
569
944
1329
1427
1502
1881
2104
2132
2297
2349
2404
2419
2452
2374
2268
2373
2381
2303
2461
2422
2598
2567
2504
2654
2713
2743
2604
2714
2824
2531
2409
2554
2393
2266
2017
2162
2111
1980
1930
1687
1659
1669
1760
1596
1603
1660
1650
1621
1611
1635
1545
1395
1081
778
666
670
661
590
366
231
173
38
-256
-556
-474
-911
-1263
-1492
-1641
-1902
-2077
-2343
-2449
-2617
-2916
-2933
-2853
-2770
-2628
-2517
-2467
-2293
-2134
-2004
-1942
-1755
-1792
-1682
-1446
-1309
-1078
-834
-666
-367
-82
101
409
743
1018
1217
1673
1852
1971
2214
2378
2332
2219
2404
2277
2368
2554
2675
2766
2980
3096
2805
2818
2696
2350
1841
1622
1462
1593
1608
1586
1582
1388
1214
981
890
1021
786
705
897
928
967
903
898
721
696
638
594
456
295
-66
-216
-175
-516
-546
-481
-453
-369
-290
-372
-436
-748
-823
-899
-1125
-1221
-1455
-1915
-2171
-2499
-2693
-2744
-2803
-3111
-3257
-3198
-3214
-3299
-3378
-3317
-3314
-3299
-3132
-2995
-2658
-2183
-2172
-1977
-1674
-1246
-938
-813
-584
-442
-8
565
1009
1366
1641
2047
2270
2634
2903
3027
3158
3190
3123
3085
2902
2682
2438
2390
2426
2079
1980
1984
2124
1923
1921
2104
2063
1933
1865
1628
1361
1248
1010
813
955
940
786
573
534
384
413
227
154
321
311
314
138
46
-138
-334
-437
-308
-430
-622
-737
-767
-763
-839
-827
-903
-1135
-1357
-1440
-1636
-1796
-1951
-2358
-2429
-2648
-2775
-2972
-2905
-2887
-2984
-2843
-2987
-3238
-3366
-3353
-3255
-3148
-3031
-2901
-2811
-2590
-2419
-2110
-1934
-1630
-1330
-1151
-651
-314
142
431
495
584
879
1176
1576
1923
1916
2055
2319
2385
2452
2684
2555
2640
2580
2348
2199
2004
1622
1220
942
776
736
393
212
39
-310
-382
-358
-441
-536
-387
-556
-498
-514
-432
-249
-207
-169
-289
-203
-161
-192
-233
3
-32
-330
-132
-67
125
364
309
57
-135
-253
-506
-439
-602
-736
-832
-976
-1208
-1496
-1819
-1891
-2065
-2211
-2242
-2253
-2278
-2266
-2481
-2511
-2443
-2350
-2222
-2221
-2084
-2097
-1964
-2163
-1864
-1857
-1640
-1330
-1092
-628
-323
59
293
554
912
1178
1615
1685
1925
2169
2435
2779
3036
3276
3328
3361
3072
3164
3258
3153
3225
3115
3121
3061
2927
3059
2769
2763
2549
2230
2088
1927
1839
1720
1546
1614
1533
1672
1753
1487
1355
1222
1100
1000
1214
1061
1186
932
822
758
590
538
476
364
190
77
-101
-156
-285
-388
-572
-766
-817
-928
-1087
-1164
-1223
-1273
-1294
-962
-1021
-1236
-1452
-1578
-1509
-1583
-1562
-1808
-1899
-1870
-1853
-1931
-1621
-1636
-1517
-1577
-1540
-1447
-1473
-1117
-1034
-766
-462
-26
204
406
673
980
1152
1378
1464
1651
1892
2122
2334
2408
2590
2814
2671
2777
2777
2659
2699
2739
2596
2439
2375
2375
2338
2248
2203
1997
2002
1680
1654
1534
1290
1126
1102
1253
995
865
819
670
420
358
338
342
297
27
-87
-135
-90
-213
-244
-254
-313
-309
-428
-531
-500
-632
-1065
-1206
-1305
-1411
-1683
-1779
-1721
-1860
-1947
-1849
-1904
-1807
-1521
-1782
-1901
-1902
-2040
-2246
-2561
-2524
-2655
-2746
-2459
-2321
-2291
-2342
-2020
-1977
-1840
-1722
-1664
-1477
-1273
-840
-680
-424
-67
55
263
497
610
883
1076
1083
1052
1271
1266
1023
972
1091
1288
1315
1404
1461
1364
1388
1437
1423
1435
1402
1423
1505
1451
1477
1342
1045
798
748
752
641
512
408
150
-29
-300
-551
-545
-373
-417
-530
-550
-579
-688
-1035
-1086
-1348
-1212
-1261
-1401
-1436
-1338
-1393
-1587
-1791
-2070
-2129
-2321
-2284
-2359
-2192
-1962
-1719
-1767
-1553
-1251
-1007
-1031
-1294
-1333
-1681
-1638
-1694
-1810
-1780
-1523
-1487
-1407
-1445
-1542
-1500
-1422
-1346
-1124
-829
-563
-362
-276
7
66
18
-42
-11
-215
-130
-121
-68
201
151
285
433
390
267
268
344
426
330
182
93
-253
-432
-737
-977
-828
-600
-703
-740
-892
-1045
-956
-883
-918
-1001
-829
-719
-681
-782
-679
-574
-585
-496
-339
73
-15
-79
-118
-271
-456
-793
-829
-651
-782
-786
-624
-552
-583
-495
-285
-414
-316
-411
-512
-310
-352
-287
-343
-545
-650
-542
-472
-555
-526
-539
-649
-493
-285
-126
-113
-154
-179
-149
-3
-6
182
272
368
595
656
599
838
877
1042
1130
1115
1305
1313
1320
1119
1160
1088
1119
1168
1084
947
835
518
468
533
289
284
190
287
375
493
612
587
678
684
758
745
640
692
718
695
432
283
153
127
187
346
580
632
643
768
927
845
1000
855
824
791
708
670
593
756
742
548
569
531
648
615
625
651
517
565
557
550
453
303
344
241
226
72
-192
-167
-124
-64
-211
-184
-335
-350
-141
-167
-137
-32
18
78
234
376
119
364
389
495
381
341
486
436
457
214
289
141
101
18
-49
-145
-180
-266
-262
-297
-340
-316
-230
-310
-254
-239
-333
-282
-291
-316
-356
-370
-446
-223
-308
-333
-404
-445
-295
-257
-289
-216
-194
-150
68
56
207
289
305
187
237
304
386
509
574
548
788
844
965
1010
914
1008
1167
1384
1171
1163
1119
1171
1031
1174
1041
656
602
356
141
-31
-275
-297
-447
-305
-377
-573
-478
-634
-795
-1025
-1178
-1060
-925
-1080
-1183
-1270
-1394
-1254
-1190
-1049
-1241
-1226
-1221
-1109
-885
-793
-603
-566
-344
-195
-59
55
173
350
352
398
695
716
658
550
741
591
440
241
142
231
97
149
100
-121
-191
-258
-489
-512
-599
-789
-808
-739
-941
-921
-983
-989
-867
-869
-815
-1079
-1032
-883
-908
-717
-559
-426
-307
-155
3
-105
-303
-180
-335
-88
-131
-215
-252
-601
-562
-375
-534
-646
-745
-661
-639
-676
-690
-825
-856
-895
-966
-1151
-1094
-1071
-1160
-1250
-1355
-1164
-1228
-1136
-1155
-1097
-1061
-833
-684
-699
-551
-826
-451
-402
-178
95
379
701
806
1092
1181
1369
1414
1540
1500
1553
1323
1242
1040
1131
1078
1080
1093
954
906
908
835
597
383
170
175
101
70
-398
-626
-721
-999
-976
-1041
-1132
-1253
-1257
-1410
-1306
-1161
-1108
-1138
-1006
-736
-329
83
318
781
792
960
1049
1034
1048
1152
1297
1356
1685
1398
1254
1263
1143
768
923
1092
801
821
867
530
420
290
32
155
131
105
-58
-113
15
-280
-322
-411
-402
-349
-469
-340
-315
52
116
360
470
561
832
918
1108
1210
1254
1116
1113
1085
1237
1408
1574
2021
2172
2369
2437
2380
2166
2200
2262
1896
1848
1621
1449
1164
1044
981
712
500
465
86
-141
-442
-557
-557
-573
-367
-579
-589
-492
-496
-507
-373
-392
-201
17
84
327
415
603
622
630
767
838
963
953
1102
1011
619
449
493
560
248
-10
347
293
423
277
40
-54
-374
-368
-628
-646
-771
-785
-982
-1156
-1201
-1443
-1360
-1131
-884
-882
-670
-648
-631
-595
-483
-470
-372
-176
25
12
489
651
578
877
892
991
1003
1213
1369
1518
1351
1472
1340
1287
1328
1416
1359
1207
1208
1055
756
551
338
323
137
47
-30
-7
-139
-182
-219
-325
-149
-141
-63
-166
-211
-204
-76
-37
151
78
-140
-210
-363
-348
-154
-168
-181
-52
-45
112
87
-23
47
1
165
122
-32
-93
-395
-364
-292
-279
-460
-643
-644
-910
-857
-995
-1164
-1382
-1420
-1625
-1736
-1738
-1753
-1674
-1547
-1209
-1085
-889
-865
-1025
-1013
-685
-775
-909
-665
-679
-387
-183
-54
484
593
797
839
930
1315
1108
1064
736
582
785
909
964
928
1077
948
911
1005
1078
963
583
599
617
268
177
5
-135
-72
-203
-338
-708
-867
-888
-890
-769
-775
-698
-767
-877
-827
-790
-802
-866
-1018
-1103
-1265
-1475
-1325
-1290
-1362
-1382
-1421
-1385
-1280
-1206
-922
-588
-545
-676
-573
-688
-696
-711
-1063
-1265
-1088
-1265
-1079
-1139
-1279
-1238
-1356
-1266
-1202
-1189
-1396
-1436
-1140
-717
-739
-756
-749
-777
-590
-559
-473
-265
-292
-285
-74
85
245
300
195
142
312
510
562
850
908
730
811
1000
765
1040
1050
941
865
878
983
914
1058
846
799
785
1007
830
432
435
274
190
46
-176
-98
-76
-251
-184
-292
-423
-514
-584
-533
-587
-633
-403
-422
-163
-228
-190
56
-98
-5
-76
6
51
-144
105
158
207
190
168
340
237
448
249
208
276
379
569
430
274
306
194
279
257
259
405
614
512
229
508
479
521
579
407
552
654
604
723
802
737
847
847
609
600
847
874
1140
1223
1185
1137
940
948
952
834
1002
939
756
738
749
887
820
840
559
632
642
512
753
648
599
489
661
765
813
832
946
1022
928
1089
1180
1089
1197
1222
1125
1313
914
620
575
583
636
252
163
116
-168
-194
-277
-463
-344
-350
-722
-632
-560
-664
-581
-619
-731
-689
-598
-655
-659
-634
-762
-776
-680
-591
-669
-481
-501
-720
-621
-644
-676
-661
-538
-299
-270
-37
90
-46
34
167
67
88
260
435
497
647
582
469
455
473
422
434
514
410
596
650
677
323
88
-27
-413
-545
-745
-1017
-940
-811
-798
-628
-603
-461
-596
-468
-416
-428
-368
-338
-489
-590
-307
-380
-460
-542
-731
-698
-488
-390
-369
-188
-187
-310
-328
-400
-384
-595
-664
-794
-767
-911
-987
-818
-984
-821
-713
-716
-661
-728
-772
-716
-403
-339
-236
-148
-98
69
377
279
281
415
152
149
32
204
79
-131
-31
81
122
1
30
132
126
124
42
-40
-33
-1
188
3
-180
-249
-348
-616
-613
-714
-643
-693
-566
-502
-650
-817
-873
-979
-1179
-1231
-1354
-1463
-1527
-1549
-1793
-1987
-2140
-2134
-2252
-2125
-1796
-1810
-1551
-1494
-1502
-1465
-1724
-1460
-1346
-1243
-819
-803
-635
-335
-356
-280
-176
-270
126
157
388
370
361
328
92
143
-105
106
77
-216
-221
-268
-64
-26
116
239
117
323
543
597
719
713
621
526
740
800
872
933
1174
1369
1168
1198
1177
1023
972
779
609
577
438
285
290
488
599
648
872
954
1054
1220
1109
930
941
855
529
441
211
48
-221
-227
-209
-244
-182
-355
-697
-806
-819
-904
-832
-1001
-842
-872
-725
-825
-758
-731
-769
-551
-541
-325
-163
-89
-96
95
51
18
94
270
420
422
555
608
557
604
513
489
552
557
543
480
403
555
624
744
1065
1163
1286
1205
1043
1079
910
787
804
650
578
606
605
558
597
471
349
130
-152
-221
52
40
47
3
50
138
63
205
197
276
425
420
584
537
432
174
246
134
112
171
119
154
5
-141
-432
-474
-737
-717
-732
-899
-1017
-1167
-1156
-1296
-1430
-1395
-1297
-1203
-1076
-872
-853
-627
-467
-470
-262
-319
-395
-141
17
-255
-246
95
-133
-219
-190
-179
-427
-465
-538
-638
-246
99
87
175
241
306
351
157
107
216
240
273
508
525
592
498
334
240
206
29
-200
-7
-9
111
371
279
341
429
246
424
436
394
193
-34
-124
-472
-359
-326
-329
-363
-207
-120
-188
-274
-553
-730
-754
-831
-611
-383
-420
-180
-82
-18
4
252
96
-160
-290
-434
-502
-517
-689
-718
-982
-1303
-1109
-1150
-1189
-1026
-966
-1127
-1066
-935
-763
-740
-600
-596
-471
-451
-294
-47
-72
164
215
585
712
632
737
832
931
866
933
1031
1050
1230
1228
1492
1476
1191
1175
1189
1273
1085
1312
1275
1512
1392
1078
918
737
808
393
195
40
-117
-72
-68
-82
-99
-189
-173
-196
-197
-327
-320
-638
-831
-758
-707
-505
-559
-748
-759
-715
-641
-435
-372
-142
1
201
147
161
332
243
584
422
202
124
125
108
-70
43
12
122
167
350
364
149
125
136
48
-167
-167
-56
3
-216
-395
-342
-301
-167
-15
351
504
696
601
610
687
632
391
290
328
97
73
43
36
116
264
203
275
316
459
365
583
722
547
506
487
554
632
638
738
848
465
486
204
-88
-296
-233
-345
-328
-487
-513
-274
-312
-234
-379
-271
-322
-122
251
7
314
639
643
885
722
698
508
430
480
342
292
-172
-99
-158
9
387
416
492
317
160
20
-116
-48
-166
-118
0
-304
-140
-42
-49
-193
-530
-436
-496
-549
-473
-398
-324
-252
-166
57
87
39
107
127
254
69
167
-29
-149
-238
-137
-94
-54
-47
-321
-204
-80
-4
146
93
-112
-89
54
-49
-69
17
-81
-83
139
24
-70
-178
-347
-494
-617
-764
-928
-923
-1219
-1102
-1007
-763
-415
-396
-605
-749
-725
-720
-675
-531
-488
-572
-431
-494
-137
-102
-103
202
219
-11
-184
-507
-629
-607
-977
-1068
-1002
-936
-946
-869
-667
-607
-439
-590
-483
-456
-479
-428
-554
-557
-449
-445
-404
-322
-398
-305
-284
-267
-365
-608
-474
-604
-371
-194
-221
-107
77
-68
-104
-178
12
82
250
356
392
376
282
421
442
343
87
449
389
447
382
615
663
455
514
463
492
735
793
795
857
587
598
455
320
333
330
373
246
185
318
416
475
346
533
657
700
744
837
1235
1179
1170
1194
1373
1393
1671
1491
1383
1285
998
921
884
872
927
685
657
855
709
936
733
680
685
675
693
705
530
410
515
310
332
431
499
439
418
393
310
678
769
717
681
542
427
501
360
388
286
32
-33
261
241
404
706
525
325
705
786
937
1056
865
774
768
693
695
803
890
1069
1051
1397
1382
1077
1083
1013
1265
1377
1514
1607
1351
1466
1662
1951
1966
1665
1614
1619
1410
1444
1593
1350
1357
1399
1493
1577
1524
1376
1594
1605
1720
1879
1924
2117
1670
1762
1633
1612
1420
1347
1009
963
738
659
670
403
157
-34
72
14
18
