442
-89
-295
100
31
63
-143
-328
-493
-340
-583
-231
-86
135
514
379
403
260
359
506
956
606
589
312
268
326
338
824
664
521
456
451
564
1122
1441
1808
2360
2345
2327
2355
2784
3261
3233
3473
2816
2389
1851
1564
1066
492
164
134
-51
-302
-107
-240
48
77
-99
-809
-1582
-1928
-2077
-2269
-2527
-2374
-2294
-2200
-1948
-2116
-2055
-2659
-2885
-2990
-3432
-3836
-3530
-3855
-4098
-4025
-4328
-4663
-4824
-4550
-4485
-4650
-4892
-4969
-4611
-4280
-3231
-2726
-2481
-1926
-1139
-843
-587
-172
-35
60
373
471
465
474
701
994
264
-164
-454
-583
-818
-719
-227
-340
-389
114
687
1138
1396
1700
1792
1590
1705
1823
1296
1503
1692
1817
2271
2654
2818
2565
2829
3136
3078
2476
2158
1586
744
-15
-277
-559
-946
-1451
-1549
-1274
-1233
-1125
-1519
-2226
-2687
-2695
-2673
-3015
-3356
-3457
-4019
-4365
-4900
-5489
-6004
-6613
-7079
-7779
-8134
-8457
-8677
-8779
-8351
-8372
-9258
-10009
-9941
-8124
-7926
-9566
-10344
-8419
-6584
-7147
-6819
-6625
-6376
-5751
-3352
-3272
-4556
-3167
1172
2471
1016
2655
5167
5766
6266
8417
9207
8576
9471
10146
9475
8772
9603
10678
10779
10064
10183
10104
9928
10131
9452
8188
7893
8202
7965
7851
6746
5714
4740
3940
3297
2369
1548
1283
1325
319
-329
-222
57
-647
-971
-1186
-1529
-1925
-1662
-2036
-3057
-3106
-2746
-3010
-4010
-3213
-2822
-2928
-2907
-2213
-1988
-2145
-1490
-862
-624
-503
876
1287
817
95
1468
2105
1236
842
816
803
287
387
240
-327
-76
1131
481
-1273
-1507
-822
-2044
-2742
-2086
-1265
-1155
-605
-185
-901
-1470
-897
-748
-1704
-1780
-1224
-1399
-1533
-1415
-1570
-2113
-2448
-2391
-2818
-3617
-3740
-3527
-4231
-4664
-4803
-4687
-5085
-5303
-4417
-3770
-2758
-2525
-2238
-2250
-2294
-1673
-881
-725
-654
-165
226
-3
-397
-273
-267
759
878
1054
1508
1969
2614
2740
2868
3092
3082
3776
4073
3887
3967
4214
4669
4534
4501
4845
4876
4869
4722
4459
4158
3733
3568
3343
3022
2354
2432
2493
1937
1737
1640
1698
1497
1133
1155
335
-216
-268
-329
-61
-35
-167
255
52
-806
-1382
-1689
-1554
-1977
-1905
-2044
-2321
-3242
-3185
-3789
-4201
-4847
-5295
-5898
-6149
-6812
-7449
-8095
-8730
-8952
-8573
-7970
-8944
-9007
-9907
-8821
-9465
-7677
-6079
-7565
-8643
-6813
-2884
-4834
-5057
-3218
-379
-667
1532
4385
3380
2478
5410
8106
5774
5279
8835
10499
7908
8600
11477
11161
10171
10708
12066
10860
10337
11705
11802
10357
9228
9952
9389
9233
8186
7539
7132
6447
5956
6111
5429
3714
3314
2850
2780
1380
1501
1421
639
-399
-890
-502
-891
-817
-619
-868
-1256
-434
71
32
-1422
-1802
-1591
-1538
-1809
-1894
-2813
-3269
-3632
-4349
-4851
-5955
-6794
-7680
-8073
-9312
-10158
-11171
-11532
-13000
-14039
-14382
-14437
-14794
-15854
-11681
-11990
-16551
-24110
-15848
-8957
-13490
-21179
-17168
-9960
-13363
-12090
-8018
-10338
-15402
-3835
5595
-2431
-8169
4363
11360
65
-418
11621
14317
5683
8790
16004
11462
8480
15103
19847
12459
10044
16185
18901
15587
14228
16059
14867
13258
13273
13863
11898
10703
9886
9678
9088
7213
6038
5714
5140
2476
1301
923
1021
-621
-2238
-3628
-4487
-4458
-4457
-4910
-5609
-5898
-5414
-4946
-4668
-4164
-4903
-4000
-4395
-4084
-3787
-1054
-689
-160
343
1078
2188
2987
4347
2720
2040
2832
5530
4629
2727
2198
2322
1333
954
1878
1176
-728
-3478
-3507
-4441
-5653
-7849
-9115
-11054
-12047
-12472
-13648
-13920
-15381
-18069
-18566
-15162
-15157
-21747
-22783
-16022
-14644
-19979
-19239
-14083
-15198
-16382
-11470
-9975
-15495
-11491
-2308
-3342
-10166
-3236
5265
1580
-596
8275
13024
7416
8858
16008
15045
9643
13846
19669
16709
13119
16475
19954
17135
15877
17222
17546
15340
14962
16326
16170
14769
13542
13309
13560
12402
11191
11789
11400
10019
8182
8504
8348
7595
6558
6660
5698
4784
4912
3927
3261
2205
2583
1004
1981
2398
2437
1740
2152
2756
1698
1799
2137
2447
1731
2936
3855
2928
1214
2378
2386
995
108
-695
-1153
-2737
-3596
-5853
-7325
-8931
-9840
-11205
-15575
-17522
-18751
-17790
-19535
-22504
-19070
-16953
-19285
-29155
-25091
-14827
-15096
-22966
-23548
-15725
-16241
-15655
-12410
-12135
-17816
-10197
517
-1731
-9743
-2634
7716
2948
64
8496
16440
11864
11297
17941
17940
14579
17849
25200
21850
17198
20450
25730
24911
22171
22208
22196
21724
21318
22419
20878
18283
17048
16855
15767
12966
12313
11891
10077
7003
5471
5333
4654
3217
2061
544
-237
-365
68
-448
-1629
-1643
-2451
-2857
-2675
-2174
-1843
-2115
-2556
-1627
-910
-300
-376
-253
-164
90
909
2046
3460
3038
2144
2298
2861
2841
1449
1066
515
-253
-603
-691
-1811
-3617
-5826
-7000
-7527
-8078
-9053
-14001
-15444
-16383
-15746
-19505
-14946
-12589
-21594
-32215
-23162
-7531
-19866
-30892
-23648
-10392
-19278
-20922
-10938
-13431
-22035
-10656
4048
-8253
-15617
2868
12648
-4735
-6464
13845
15527
2672
6401
19651
12357
7008
17932
24366
14790
10842
22246
23436
16972
15313
19617
18911
15458
17445
18899
17882
14611
14322
13969
13956
11492
10923
11326
9681
6198
4825
7124
4832
2891
2622
2937
278
187
2900
1557
-1429
-2217
-484
-2301
-2120
-939
-1041
-4097
-3322
350
-392
-2119
-1584
126
-1384
-1893
192
1004
-1520
-2639
-1937
-1534
-2055
-2724
-3293
-5991
-7478
-9135
-9461
-11344
-13714
-15361
-20201
-20783
-22231
-21226
-24163
-17190
-13431
-21403
-31861
-23548
-6994
-17969
-29452
-24611
-10536
-18200
-20497
-12226
-16390
-25672
-12373
4093
-10162
-20631
-1490
10243
-8945
-11795
11067
14369
-1538
1012
17824
10744
1279
13553
23479
12366
4593
17152
22731
15657
12042
17371
18147
13797
14906
17517
17135
12810
12971
14552
14727
11250
10674
13834
12836
8892
7315
10421
9143
6809
6408
5416
2418
3520
6732
4729
683
1234
2619
309
-186
2002
1322
-2955
-1258
2134
792
-1739
-655
-706
-3045
-3434
244
640
-2693
-3832
-3118
-1885
-2540
-2869
-4480
-6301
-6492
-7485
-7576
-8825
-8958
-10704
-13559
-16455
-15218
-14445
-16387
-22900
-17209
-10146
-17978
-30754
-25688
-3660
-14411
-28896
-23092
-6094
-13630
-20486
-7265
-7063
-22607
-13092
10303
-717
-20379
-3778
17806
-582
-13434
11258
20990
3115
-782
20298
18459
2827
13011
26580
17343
4303
16249
25616
17481
13022
19157
20130
14826
16288
19994
18844
13187
15440
16117
14339
10896
11052
13117
10437
7798
6916
8675
7429
5320
5989
5296
3265
3823
5872
4249
2143
1806
3299
728
1280
3313
2974
-593
-1497
1876
1943
769
96
-132
-1465
-844
941
408
-2506
-2989
-1613
-1589
-2449
-2606
-3408
-5900
-6732
-6117
-7966
-9849
-9648
-11714
-14558
-19289
-15837
-17499
-9803
-12617
-21417
-31093
-18692
-1870
-17736
-28181
-20555
-5072
-15850
-15021
-4629
-10959
-23720
-3211
13473
-9335
-20364
9209
21724
-10567
-13449
20389
20348
-4581
-268
24179
10800
-4712
13883
26448
8717
-2406
16423
22582
10790
6915
15818
15347
9990
11039
13680
14311
10133
11044
9715
11932
8819
7152
10001
10047
6552
3629
7822
7833
4178
4232
6076
3545
2967
4230
5443
3062
2564
3379
517
2347
5065
3556
-910
-84
4156
2467
38
1324
1656
-224
207
2395
1274
-939
-896
-2122
-3120
-2240
-1375
-4924
-7598
-6171
-6625
-10548
-10549
-8419
-11584
-18582
-17923
-13820
-15136
-23754
-20051
-8853
-14044
-26322
-28558
-6274
-9254
-25075
-26848
-9732
-9681
-20049
-11761
-6191
-18404
-17526
5338
3070
-16964
-9417
14844
4079
-14981
3194
19603
4183
-6399
12832
18059
-1091
2104
19963
15246
-2151
4643
18723
12189
3315
8146
13176
6947
5702
9645
11929
6711
5249
7725
9071
7846
3575
6301
8611
7488
3243
3274
7643
6616
4456
2540
4111
4847
7098
5658
4417
3371
5713
4399
3073
4909
4532
3007
2560
6735
5554
2696
3648
5938
3879
2026
4198
5777
1813
-470
313
268
-939
-1636
-1878
-5478
-6338
-5596
-5668
-9652
-10820
-11220
-12405
-17802
-17316
-17718
-15667
-12992
-19180
-26654
-29482
-11881
-13646
-24785
-28617
-15725
-14547
-18885
-12227
-10113
-20712
-16084
6346
1689
-17018
-7589
16566
5335
-14986
3500
20920
6276
-5574
12785
18990
596
2859
21184
18067
621
5972
20717
16441
6446
9847
15384
11234
8978
10215
13100
9685
8173
8865
9848
9503
5692
7595
9231
7067
3055
5007
8562
5462
3294
4068
5104
1056
3893
7319
4906
-368
1245
6521
5390
3449
2819
2827
2068
5914
6258
2958
624
4924
6382
2470
1541
3525
4631
901
-596
654
596
78
-1537
-3455
-4605
-5494
-5918
-6629
-6990
-9484
-13615
-14724
-12803
-14774
-19987
-21854
-12145
-14110
-24358
-31759
-16560
-9909
-21755
-28439
-18621
-11873
-18364
-14954
-9512
-16763
-19944
-438
5361
-12369
-13600
10235
12351
-8269
-1750
20017
13058
-2338
9755
23754
8500
683
19122
24431
6136
2641
19519
20934
8688
8179
16783
13369
8186
10716
14550
11572
6572
8937
11489
11740
6827
6248
9776
9901
5613
3317
6442
7205
3758
1962
2596
2623
2525
1705
1679
1342
1765
1141
880
1926
3072
958
366
2259
3980
2654
2638
3788
2501
2580
4711
5623
2498
1261
2347
2395
815
1894
996
-2413
-4800
-3599
-3374
-6814
-8054
-8757
-10807
-14366
-14419
-14608
-16454
-18614
-11838
-14675
-23671
-30611
-15140
-7897
-21186
-29047
-18841
-9480
-16358
-15157
-10497
-16055
-18370
198
4554
-12854
-12631
11130
10952
-10910
-1925
20779
12504
-3406
10390
23802
7189
1060
21498
24548
4186
3270
22194
21518
6998
9145
17740
13032
7479
12247
16092
10909
7407
11306
11984
9071
6560
7714
9001
6311
4441
4511
6421
3855
3148
4416
3498
-1446
1667
6283
3241
-2142
-852
4750
2161
2440
2537
2220
-102
4415
6564
3206
245
4819
6372
2239
2936
5967
5784
667
1845
3283
2154
1313
1088
-818
-5320
-5377
-2777
-4821
-8730
-11041
-11945
-13745
-14897
-15798
-18320
-20791
-13390
-14089
-23290
-31816
-18985
-8520
-20946
-30283
-21421
-11209
-17115
-17071
-11003
-16516
-21400
-3510
5305
-11275
-15255
7093
12514
-8364
-5340
18026
13948
-1978
7678
23776
10660
478
19007
27017
9269
3199
20362
24718
12110
9948
19107
16962
11137
12939
17080
14583
8701
10875
13903
13312
7478
6542
10872
11002
5181
3578
6942
8317
4147
2117
3028
2644
3267
2597
1476
-15
283
636
1209
1071
1058
-2273
-6
1945
958
-1685
193
2603
-980
-1977
2420
3492
-1357
-2616
-384
-428
-2498
-1048
-859
-5304
-7038
-5165
-4287
-8059
-9199
-8845
-11323
-14777
-14334
-13546
-16373
-19897
-18776
-10981
-16710
-24848
-29239
-12729
-11546
-23927
-27083
-15153
-10091
-17529
-13752
-9193
-16035
-15477
2770
2958
-11654
-7289
12094
7457
-7703
5400
19564
7563
939
16124
21363
4596
7330
25234
20189
4600
10560
24365
17526
8214
13611
18291
10469
8935
14398
15168
9088
7241
11655
10405
8009
4904
6682
8140
5639
2379
2517
4923
2792
1125
-191
1965
-1122
2622
1568
-322
-3021
142
3069
-1707
-2602
-1125
957
-1580
468
179
-80
-2483
1075
1390
-375
-95
519
329
-2471
-1213
618
-42
-1623
-3216
-4728
-5152
-4742
-4698
-7504
-10566
-10271
-11235
-13618
-15997
-15324
-16736
-17805
-12721
-16542
-24997
-28733
-11265
-9649
-22740
-27001
-13683
-9036
-14957
-11738
-9147
-15904
-12283
4601
1009
-12406
-2488
14725
5319
-7666
10465
21219
6315
2463
20418
20972
2870
10240
28023
19989
3663
12601
24732
16828
8993
15608
19222
11361
11338
14972
15665
9676
8485
10966
11384
8888
4366
6849
10295
8307
2529
4401
8543
6873
2667
4366
5989
2854
4012
5556
4405
-570
2551
6164
4719
1449
1749
2936
3478
3603
2725
1157
1905
4013
2238
1031
1619
2295
-179
-1486
-447
382
-1240
-1966
-2809
-5216
-6398
-6473
-6122
-9109
-11771
-12923
-14569
-17472
-19274
-18245
-20381
-16175
-18976
-23815
-31195
-21884
-12499
-21794
-28583
-23908
-13728
-18057
-15844
-11553
-16242
-20239
-2771
5427
-10090
-12441
9364
14587
-6374
-2305
21208
15506
-707
9388
25921
11366
1685
20580
27672
9585
4575
21575
23376
11512
11454
19508
15535
10730
14722
16125
13863
9446
11906
11329
11625
9272
5976
7177
8916
6449
1549
3437
6227
4955
-389
1354
2462
3875
1577
1258
1991
467
1415
1413
3593
1219
-695
-904
2677
1167
129
-42
828
-1009
-1699
1602
485
-1634
-2884
-2360
-3638
-3811
-1882
-3947
-8717
-9698
-7976
-9333
-11339
-12893
-14076
-18332
-19829
-19233
-19800
-22599
-18730
-18135
-24575
-31771
-24635
-13191
-21560
-29413
-25400
-16020
-19369
-18225
-11832
-15337
-23303
-8423
5457
-5555
-14711
2825
15303
-1065
-5830
15849
20227
3619
4515
23036
19486
5749
15773
27692
16221
6275
17905
26123
16481
11850
18025
17698
12355
14073
16801
14853
10057
10638
11302
10682
9453
7004
6202
5915
4991
4008
3763
3426
2145
1136
1594
1041
511
2085
925
-637
-1403
-776
365
-481
990
-1724
-4224
-3365
399
195
-1638
-3008
-1786
-2539
-993
1410
-747
-2690
-4058
-1767
-1961
-2248
-2822
-4601
-7173
-7820
-8228
-7989
-9498
-12488
-15727
-17644
-16615
-17200
-22204
-20642
-14952
-20147
-29295
-29532
-12252
-16317
-27917
-25896
-14446
-15255
-19874
-10507
-9150
-20299
-14055
7239
2800
-12572
-3393
16316
7977
-5660
11539
22764
9421
4150
20241
23737
8418
13209
28205
21938
8536
15534
26931
21637
14547
17836
19594
14842
15887
18171
16436
12072
10733
12747
12117
11793
9008
7659
8423
7299
5968
5685
5241
3828
2654
3558
3041
1211
2939
3107
1704
-399
995
2366
1647
2858
2070
-853
-1136
3824
4266
527
-1296
2821
2276
-293
1424
3880
1960
-2150
-1529
708
50
-1569
-2240
-3670
-5614
-7019
-6317
-6371
-10263
-13997
-16254
-15663
-15435
-17764
-14319
-17858
-22946
-28707
-18651
-11784
-22160
-28477
-21100
-12257
-17240
-16610
-11767
-15328
-19582
-4486
2290
-9521
-9783
8142
10273
-6461
156
21214
15216
1409
11333
24415
12656
6625
23116
27186
9667
8916
24340
24995
13693
14853
21754
15797
12206
17004
18320
13590
10862
11873
10862
10529
10793
7940
5882
6811
5719
2780
3777
5866
3044
-2280
205
4195
2652
-799
427
2516
-566
-796
1448
2700
-413
-96
636
269
-58
2335
2741
-168
-1097
470
2034
722
70
701
-1316
-3805
-2362
844
-2485
-7363
-7033
-5093
-8316
-12637
-11379
-11808
-17211
-21444
-20217
-15246
-13016
-22736
-30976
-29972
-14042
-16209
-30081
-31583
-19598
-17538
-22721
-18163
-14697
-23665
-20015
-399
-3221
-19934
-9963
13207
4932
-14312
2418
22397
9048
-574
15493
22914
7066
9353
28075
23283
6457
13622
28503
22812
12872
18240
22791
15167
14254
19182
17336
12460
13081
15797
11314
9192
10258
11373
8987
5702
3738
5849
7693
4740
2213
2165
3975
790
2376
4293
2201
-597
951
4284
927
1231
3213
3125
-1596
1384
5004
3763
-798
1642
3810
222
-98
1936
1624
-2991
-2228
-374
-1117
-4467
-4791
-5477
-6637
-6951
-9420
-11427
-14275
-13894
-17772
-19212
-21422
-13315
-14953
-23197
-31376
-23641
-11236
-20754
-29993
-26644
-16111
-20503
-20471
-15067
-17169
-25283
-11199
2118
-10112
-19273
-396
12554
-4855
-10778
12209
17717
1263
4157
21533
16788
4145
17377
29645
15414
6648
20675
28042
17448
13917
20395
20153
14760
18151
19041
16035
13279
14553
13953
12146
12704
10953
8822
9182
8103
4676
4762
7251
6159
-510
538
4268
3527
-331
-205
2535
735
-1139
1323
3828
822
-1517
-930
3793
2826
1323
524
1814
2066
1595
1932
1828
-154
-1055
346
-914
-1849
-3333
-2331
-4222
-7111
-7153
-7333
-8395
-11975
-13491
-14737
-17320
-19563
-9301
-11705
-22126
-31957
-16538
-6312
-20722
-31381
-21247
-11204
-18232
-19738
-13874
-16282
-22707
-7367
134
-12302
-16891
3066
9000
-7423
-6390
14231
12690
370
8977
20497
10379
4063
21769
26429
9131
7172
22883
24576
13512
14519
21030
16615
13219
18770
18505
13246
12422
15734
13739
9719
10596
11160
9636
8658
6238
4546
3767
6496
5148
827
1442
2821
2504
-196
834
2013
808
-1596
-787
1718
3648
1075
-2428
379
3511
3169
90
1292
3178
534
-338
2317
2875
-754
-2121
-107
608
-3450
-4351
-4247
-4925
-8138
-8549
-8627
-11249
-14772
-14287
-17340
-16124
-10642
-15907
-26032
-29879
-10520
-11831
-26272
-30673
-15641
-14432
-21365
-19342
-13316
-20772
-19174
-3352
-6141
-18927
-10876
8148
980
-13149
1436
15364
2301
-1647
14521
17664
2277
7340
25365
18028
4309
13602
25728
18555
11614
17629
20335
13439
15345
19909
17104
12720
12684
15598
13795
12263
10249
9019
9659
9672
6304
4837
5829
5553
2381
1035
2058
875
127
1150
840
-914
-495
448
605
85
2792
1095
-286
1640
5936
4700
1145
1286
4415
4608
3414
2379
2062
1711
786
1233
84
-1471
-2949
-3132
-4760
-6182
-7147
-8651
-10296
-12450
-12699
-17931
-11818
-9785
-16175
-29129
-23242
-7917
-14176
-27982
-25219
-12135
-16314
-20577
-16124
-13333
-22674
-14478
-2124
-8916
-19825
-6528
6458
-4794
-12110
4910
11147
-962
1197
14592
11209
1125
12434
23349
12397
4944
17292
23222
15065
13615
20498
18559
12205
17590
21378
16849
11779
15208
16697
13204
9868
12107
12866
10101
6075
5880
8711
6344
3664
2738
4022
2258
987
1763
2691
-494
-105
2023
2390
521
-168
3162
2813
796
339
3081
4686
3141
1393
3030
3278
1668
402
1796
2333
-1200
-1995
-759
-1348
-4944
-6431
-5897
-6765
-10346
-11486
-12602
-14328
-16605
-19566
-14000
-13801
-20343
-30285
-23723
-12052
-18073
-29386
-25694
-16446
-18850
-20647
-16152
-16527
-24659
-14245
-2391
-10496
-20443
-6185
6291
-5030
-12818
4157
10848
-718
210
13388
11310
899
10848
22130
12996
4566
14985
21467
15529
12969
17814
16973
12668
16908
18701
15377
12327
15414
15750
13202
11203
11630
10464
10677
10118
7081
6287
6931
8560
4908
3525
2725
4021
4315
3890
460
-248
3011
3589
605
-370
3470
3498
1459
2387
4221
2732
1145
3631
5348
3212
1782
2861
3043
1014
30
-1
-290
-2858
-4023
-5784
-6254
-7046
-9888
-12497
-15075
-14030
-17501
-14695
-14700
-17618
-27175
-25999
-14899
-16922
-24478
-28968
-19078
-17821
-18862
-19725
-18363
-21387
-15606
-7513
-10245
-16700
-10265
924
-4574
-10616
-1034
6976
1499
-620
8362
9729
2400
6885
16849
13110
4825
10365
18295
15956
11057
15245
16651
12961
13800
16759
16547
11611
12989
14516
13945
10688
10429
11485
11199
9812
8046
8349
8439
8728
7023
5479
4291
4898
6618
6181
2876
733
3841
5920
3157
397
2528
5142
3506
2599
3343
4402
2816
3328
4306
4230
2880
2665
3355
2175
335
193
856
-1018
-3552
-5145
-4804
-6212
-8239
-10452
-13165
-15123
-15343
-17294
-14681
-15455
-19170
-27905
-25418
-15258
-16949
-25399
-28277
-18870
-17886
-19143
-19389
-16991
-20935
-15394
-7463
-9911
-16014
-8212
2563
-3745
-9944
1101
8294
1860
770
10370
10356
3339
9460
18692
12963
5933
13265
19238
15101
12069
17182
16638
12856
15634
18980
16744
12497
14855
16500
15835
12825
13139
12404
13673
12083
9927
9427
11519
11239
7547
6464
6096
7237
7415
8480
3811
1514
5369
9327
4800
220
4040
7531
4656
2137
4677
5963
3231
2817
5457
5541
2293
2217
4137
3045
131
-793
184
-1086
-4083
-6010
-6764
-6934
-8731
-12283
-14780
-15449
-16900
-20199
-16982
-15574
-20865
-31509
-26946
-16185
-19235
-28841
-29277
-19402
-19633
-21388
-18874
-17975
-23435
-16695
-6702
-9027
-17939
-9061
2534
-3680
-11088
155
8789
2127
-539
8712
10405
3670
8781
17281
13153
5511
10985
18540
16362
12112
14873
15578
13352
15043
17378
16521
12458
13406
14728
13800
11596
10656
12263
12414
10446
7322
8122
9350
10748
7253
4427
3515
6953
8242
5822
2384
2873
4452
4885
4494
3112
2939
2996
5237
4500
3081
3196
4039
3102
2270
3496
3130
1061
72
1074
-404
-2186
-1874
-1187
-4600
-8057
-7037
-6991
-10170
-14126
-14469
-15337
-18016
-21056
-17620
-15452
-20524
-29609
-29206
-16477
-17434
-26059
-31062
-21001
-18687
-20707
-20641
-17786
-21525
-18649
-9358
-8307
-15397
-11715
78
-2321
-10289
-3072
7645
3633
-1248
5779
10341
3429
5877
15577
13980
4408
8215
17444
16330
11203
13780
16125
12630
13532
16750
16312
12028
12752
15274
13066
10556
11026
12800
11630
9759
7840
8124
9815
9632
6672
3728
5686
6568
5862
4509
4273
3838
4319
6287
4468
2373
4259
7042
4046
1919
4222
7153
4180
2062
4273
5434
2556
1199
3459
3052
-1105
-1686
208
-1078
-5458
-6992
-5565
-6910
-9449
-12850
-13013
-14600
-16505
-19874
-16501
-14071
-20015
-29291
-27565
-15077
-17870
-26978
-30401
-20313
-19485
-21290
-20162
-18517
-23120
-19301
-8869
-9178
-17798
-12353
223
-3086
-11580
-3193
7418
2244
-2327
6326
10929
3616
6281
16338
15060
5631
9284
18519
17439
12114
14331
16897
13762
14069
17604
16940
12441
13471
16310
14777
11724
12292
13627
12334
11205
9899
9412
9323
10159
9669
7047
4972
6550
8777
9358
5132
4308
6239
7655
5990
5821
6440
5755
3931
6319
8601
6134
2897
3718
6786
5491
2635
2303
3551
2308
413
-95
178
-1524
-3964
-5183
-5736
-6202
-8606
-11340
-13062
-14232
-15947
-19138
-15260
-13413
-19939
-29822
-26139
-13826
-16588
-27718
-29035
-18422
-17922
-20068
-19261
-18165
-22413
-16055
-6666
-10496
-17924
-8418
2090
-5147
-11722
786
8430
704
-530
9701
10115
1938
8366
18314
12615
3162
11593
19925
15172
10838
15964
17523
12738
14522
19203
17008
12345
14610
17748
14861
12635
13535
14513
12050
11454
11665
10608
9754
10795
9984
7162
5934
7571
8954
7076
5851
4810
6208
6562
6285
5149
5352
5907
5616
5184
6140
6521
4075
4172
5966
6280
3392
2079
3652
3399
50
-843
-118
-1211
-5479
-6664
-6138
-7285
-11394
-12652
-14682
-16052
-20379
-16894
-13789
-19463
-28872
-28336
-14449
-17030
-26975
-30936
-19635
-19105
-21044
-20977
-18879
-23656
-17653
-7455
-11065
-20293
-11674
1516
-4749
-13341
-2864
7099
-1085
-3655
7511
8926
-536
4119
16805
10745
226
7810
18505
13101
6506
12221
16162
11627
11557
15601
15437
11423
12213
15260
15343
12292
10432
12277
13845
11874
8213
8891
11134
9346
7775
7683
9098
5412
5402
8002
8074
4358
4446
8171
7268
5140
6022
8525
4789
4428
6832
9216
5610
4072
6318
7190
5416
3050
3409
3669
2272
425
-79
-512
-2908
-4879
-6385
-6379
-9071
-11315
-13471
-14814
-17127
-17555
-13685
-17006
-26327
-30276
-16997
-14600
-24836
-31829
-20504
-17141
-21927
-22522
-18407
-22191
-21070
-9729
-9013
-19378
-15647
16
-2072
-13513
-6312
7106
1160
-5714
4620
10568
163
1109
14910
13428
315
5267
18121
14157
5748
10702
16312
11600
10115
14822
15129
11000
11077
13769
12929
11669
10442
11049
12318
10529
7350
6164
11667
9998
5082
2565
8679
8440
4860
4944
6015
4847
3497
8827
7442
3523
3603
9890
7780
4540
5847
9199
6724
4547
6938
7387
5973
4768
5194
3465
2012
2540
1978
-112
-3225
-4459
-5490
-5683
-7918
-10495
-13872
-14394
-16311
-14418
-12987
-17482
-26152
-26614
-13705
-15341
-25498
-30316
-17466
-16594
-20423
-22127
-18168
-21395
-16679
-8630
-11751
-19751
-10856
794
-5992
-13403
-1363
7762
-1842
-3975
8351
10194
-663
4362
17625
11630
1005
9443
20733
13843
6953
13089
17133
11990
12392
16846
15882
12468
14218
15901
14229
13378
14128
13420
12054
12683
11628
9948
10381
11885
9648
6484
7183
9763
8689
6821
7209
7282
5729
6501
9284
8417
5274
5987
9229
8999
6358
7086
8727
7415
5573
6478
7958
5977
4474
4060
3771
2552
1839
796
-2397
-4635
-5127
-6329
-9083
-11426
-12850
-15858
-15672
-11696
-16428
-24303
-27700
-15294
-15442
-24517
-30531
-21959
-17234
-19924
-21140
-21150
-23278
-19318
-7629
-10532
-20664
-15829
361
-2765
-14345
-6652
7106
507
-6817
3291
10353
892
-36
12951
13417
379
3605
16372
15898
5877
7124
14039
11761
9578
12068
13384
9673
9268
12100
11918
10022
8392
10174
10036
10381
7242
7342
8591
9054
6838
5768
6708
6992
6679
7257
7302
5384
5526
6259
7623
6768
6144
6388
6488
7572
7763
7336
6664
6769
7377
6843
6438
5994
5687
4284
3520
2407
2241
1195
-2087
-4181
-4484
-4789
-8600
-11826
-12723
-14048
-15743
-12212
-15430
-23147
-29187
-17642
-13478
-23339
-32091
-24442
-16840
-19586
-21866
-21693
-23122
-21526
-10146
-9547
-19443
-18670
-2751
-1897
-13630
-9818
5700
3284
-6072
413
9884
3114
-353
10731
14442
2224
1330
13327
16762
7902
6030
11384
11883
10342
11580
11750
9754
9752
11916
10827
9276
8876
9232
9594
9979
7906
5766
7838
10181
8483
3727
4644
7534
8700
6007
4494
5702
7399
7209
5672
6119
7307
7276
6111
7557
8032
6963
6550
8390
8345
5860
5998
7156
6355
3170
3442
4355
2562
307
-968
-2461
-4829
-5590
-7152
-10502
-13761
-13893
-11820
-12360
-17888
-25462
-25161
-15576
-16925
-25254
-30571
-21753
-18687
-20986
-22403
-22605
-24723
-19299
-10365
-12644
-20507
-14439
-1538
-5740
-13305
-4867
5550
-147
-4285
4307
8023
681
4118
14204
10184
937
6999
16492
13077
6564
10420
11857
8744
10439
14468
11447
7030
10123
13897
10344
7739
9703
11358
9699
8277
9660
8573
7584
9158
9027
7099
5093
8019
9718
7378
5885
6415
8214
8342
7788
8036
8237
8032
9207
9578
9250
8514
8623
9700
8991
7776
7828
6969
6884
5602
4736
3491
3185
2015
-1227
-3460
-3002
-3861
-8270
-11854
-12794
-11524
-9704
-14989
-20462
-26728
-18489
-15123
-20022
-28229
-27216
-19628
-18708
-20275
-23664
-24451
-21447
-11296
-11210
-18499
-18662
-5382
-2524
-11271
-10136
2428
2406
-3560
572
8135
2675
-357
10479
14931
3960
411
11806
16595
8764
5048
10400
10565
8317
9611
11782
9509
6721
9362
10570
9376
7158
8138
8028
8330
7358
6476
5846
8087
7272
4804
3509
6604
7792
5486
4496
5304
7427
7812
7544
6650
7431
8110
9391
9161
9402
8603
8671
10302
11276
9517
7600
7554
8889
7192
4411
4424
5087
2844
-876
-2398
-2162
-4643
-7126
-9394
-12640
-13894
-10159
-12185
-19104
-26945
-20165
-14902
-19766
-25932
-27558
-21154
-20950
-20079
-22046
-24606
-25280
-15808
-12559
-17031
-21009
-11835
-5625
-10712
-11412
-2584
-259
-4080
-1963
4175
3365
-530
5914
10695
6184
2513
6983
12652
10201
7489
8455
8958
8526
10148
10461
8289
6273
8442
9838
7688
5921
6170
6772
7213
6632
5429
6044
5870
5923
4505
5897
6232
6022
5432
5862
6102
6762
7533
7343
7262
7256
9012
9345
9863
9757
9990
10190
9792
10225
11104
10917
8705
7509
7891
8734
7196
5292
4820
2485
826
-745
-512
-2616
-7950
-10658
-10046
-6335
-9531
-16717
-22359
-20594
-14182
-18098
-22706
-27200
-22325
-20178
-19554
-21859
-25266
-25424
-16736
-11713
-16816
-20585
-13274
-4903
-9861
-12753
-4952
706
-3530
-3715
3831
5133
-986
2741
12249
9337
987
4625
14363
14168
7223
7647
10609
10251
10438
11729
10767
7115
7322
11092
10884
7816
6295
7324
8263
8107
6854
5967
5973
7284
7142
5923
5351
5974
6614
6859
7225
5705
6001
7156
9126
8909
8182
8504
8746
9727
10793
10848
9524
9650
10992
11562
9860
8311
8017
7835
6688
6383
5061
2772
434
-205
-868
-4142
-7372
-9504
-9515
-6931
-10446
-16571
-22203
-16999
-12070
-18686
-24169
-24936
-18394
-18300
-19628
-22071
-23804
-23705
-15790
-12966
-17132
-19721
-13022
-7690
-12240
-12242
-3745
-1433
-5837
-4818
1839
2833
17
4057
8649
5096
3282
7203
11612
10438
7825
8292
8327
8766
11569
10639
8356
6737
8772
9360
7185
7806
7194
5312
4992
7356
6155
3387
4197
6718
4817
2219
5170
6805
4866
3211
5707
7198
6363
6670
7862
7353
7245
9510
10469
9264
8224
9765
9695
8682
9318
9496
7952
6373
6715
6157
4345
4391
4370
1264
-2199
-2382
-1960
-3231
-7792
-10578
-10908
-6094
-9345
-16616
-23520
-17085
-12128
-18182
-24950
-25257
-19132
-19270
-19736
-21120
-23655
-24490
-16043
-12236
-17164
-20806
-12337
-6495
-11492
-12513
-2925
-710
-5282
-3780
3622
3676
-1093
4320
10423
6381
1595
6417
12598
10832
6665
8020
8953
8033
9513
10305
10053
5734
6665
8265
9483
7370
5162
5314
6969
7267
5400
4831
4104
5107
4433
5850
4564
3607
4199
6160
5814
3956
4588
6899
7769
6407
6882
6930
8448
9243
9363
7949
7482
9279
10015
7960
7111
6847
6136
5098
5486
4844
2618
537
407
-690
-2894
-3717
-5917
-8160
-7397
-4181
-9301
-16605
-19340
-9606
-10637
-17530
-21724
-18630
-14578
-15203
-16166
-19350
-21492
-16102
-8510
-11066
-16283
-13607
-5795
-6153
-10719
-6272
371
-1169
-2833
70
3476
2054
3207
8574
7244
3471
5285
10050
11211
8621
8138
8713
7422
9148
11074
10127
7121
6231
9132
8882
6996
6292
7417
5408
5440
5888
7184
4846
4251
5787
5494
4814
4324
5508
5958
5400
5366
5615
6430
8131
7802
7458
8114
9210
9530
8592
9398
10683
9156
8197
9783
10198
7815
5171
6793
7715
5374
2983
2957
2364
-354
-3054
-3072
-3410
-7637
-10763
-6434
-5108
-12088
-19823
-16920
-7611
-13868
-19673
-22228
-16206
-15554
-16653
-17352
-19738
-21874
-15522
-9223
-12983
-17790
-13446
-5323
-8366
-12507
-5403
195
-2630
-4236
148
2943
-481
1564
7313
5595
1156
2911
8736
9536
5309
4935
5809
5634
6447
7293
7106
4515
4468
5337
5922
5005
3658
2863
3918
5276
4515
2847
3162
5060
4278
3098
3786
4665
3571
3974
6027
5833
3526
4779
8135
7169
5247
6110
9662
8120
6093
7089
9042
8276
6845
7665
8122
6166
4314
5801
6048
3764
1133
1077
969
-1790
-4241
-4915
-6480
-9129
-7623
-5144
-10718
-18509
-19357
-8347
-11220
-19531
-22841
-17371
-13989
-16765
-15685
-17777
-21756
-17539
-8370
-10149
-17061
-15400
-6126
-6312
-11855
-7576
-559
-2311
-4984
-1442
2478
-1451
-1051
5891
6112
-264
-272
5738
8537
4041
2997
3883
4051
4675
5336
5916
3722
2228
3290
4978
4790
3224
2145
3206
4623
3686
3298
3287
3917
2762
1975
4871
4485
3324
2370
5010
6222
5124
4723
6342
7086
7321
7605
7452
10036
10232
9628
7582
9199
11525
10060
8474
8816
8308
6244
5823
7208
6885
1328
429
1193
151
-4525
-6014
-5866
-8299
-8784
-6298
-10126
-17932
-19139
-9390
-10421
-18531
-22150
-15832
-11937
-14662
-14841
-16683
-18167
-14925
-6616
-8250
-14636
-12347
-2623
-3760
-10015
-5896
1658
-960
-4735
-278
3667
-60
488
6800
6435
664
1478
7443
8669
4645
4245
5726
5242
5959
6768
7236
5055
4075
4927
6177
7834
5101
3706
4202
7657
7045
5219
4272
5728
4989
5852
7527
6629
4750
4702
8114
8906
7302
7735
10116
11023
9918
9538
10753
11900
11124
10870
10451
11241
11168
10544
10780
9497
7439
6485
7172
7659
4534
2168
796
849
-1294
-3994
-5784
-7635
-9725
-8582
-6491
-11565
-18001
-19738
-10471
-12352
-18141
-22605
-17642
-14127
-14917
-16040
-18064
-19644
-15389
-7988
-9565
-14840
-12916
-4035
-3948
-9445
-5503
1236
-592
-3311
835
4859
536
502
7546
7705
1647
1471
7857
9904
5751
4480
5670
4922
6268
7582
6917
3553
3475
6216
6581
4900
4076
3760
4303
6110
6269
4278
2839
4795
6271
5087
4531
5624
5811
6321
6778
7406
6591
7015
9183
9730
8268
7369
9057
10864
10130
8941
8930
9628
9539
9736
8998
7121
5025
5457
5976
4606
2506
590
-364
-1884
-4122
-5602
-7252
-10474
-11697
-8324
-8585
-15010
-22238
-17283
-10624
-15623
-21461
-22688
-15257
-14790
-15086
-16272
-18530
-19376
-10671
-5758
-11549
-16415
-8242
-965
-7141
-9901
-1137
1608
-3931
-3138
4384
3291
-3027
2511
9200
3432
-2283
2779
9448
5870
1991
4312
4296
2669
5229
6651
3776
477
4085
5857
3449
2210
2796
2080
2912
4511
3936
1378
1681
4941
3107
2943
3429
5150
3760
5322
6936
6816
5466
8479
10462
8203
7654
9363
12447
10361
9576
10106
10264
9489
9789
9581
7959
5717
5056
5565
4662
3133
882
-614
-1300
-2757
-5164
-6583
-8402
-10537
-10459
-7671
-11852
-18445
-20877
-10578
-10992
-19125
-23039
-17476
-11910
-15863
-16391
-17115
-17725
-15245
-6914
-7342
-13000
-12059
-2371
-1810
-8054
-4266
4169
2027
-2535
1330
7023
3394
1509
7236
7666
1500
1983
7691
8979
3657
3172
5080
4160
3982
6308
5665
2737
1648
4844
5305
4029
3191
2534
1791
3846
5622
4490
2594
3361
5015
3014
4414
6480
7122
3671
5283
8552
9216
6481
8417
11035
9792
8309
10436
14082
11211
8772
10197
12647
11096
9859
10622
10060
6274
4636
7304
6966
3570
-833
-261
-81
-2370
-4787
-6809
-8313
-11462
-7018
-6595
-13596
-21373
-17480
-7365
-13818
-21477
-22101
-14562
-12526
-14936
-15281
-17635
-18049
-10320
-4102
-9880
-14940
-7679
1082
-3558
-8912
-966
4939
559
-1158
3448
5284
1709
3996
9290
5328
415
3954
9182
8612
3379
3328
4737
4804
5486
5524
3810
1771
2524
4674
3801
2138
1877
1728
1520
3231
3775
2379
1397
2715
3946
1832
3206
5092
5155
3050
4711
7436
8017
6931
8785
9440
8103
8906
12231
13591
9522
8530
11430
13061
10889
10212
10749
9224
6269
6594
8443
7038
2949
1454
1446
882
-2577
-4132
-5161
-8291
-10968
-6561
-7313
-14472
-21737
-15961
-7823
-15392
-21013
-21150
-13607
-13098
-14904
-15803
-17643
-17154
-8742
-5579
-11184
-13901
-5359
1407
-4272
-7488
1001
4828
566
-325
3988
5707
2140
5740
9001
3911
1141
4850
9438
6902
3134
3757
4552
3897
5377
4574
1915
230
2198
4057
1460
241
597
240
74
1902
2145
502
-801
1529
1440
1000
2391
4053
2557
2244
4475
6475
5165
5579
8288
8216
6682
7963
11979
11627
7739
7516
10520
10761
8838
8953
9312
7435
4553
5942
6978
4981
1514
-212
524
-530
-2195
-4416
-6990
-9664
-9734
-5453
-8475
-15591
-20910
-13242
-7969
-15868
-20929
-20424
-12066
-12840
-14946
-17160
-17585
-14570
-7440
-7285
-12288
-12454
-3633
580
-4958
-5757
2087
4659
1597
1543
5221
5099
3184
7455
8547
3743
2448
6313
8784
5410
3323
4261
3768
4273
5630
4104
904
802
4042
3717
779
342
1217
211
119
1873
1782
-149
-393
999
1619
1800
3092
2861
1888
3579
5149
5432
4969
6949
8569
7560
7089
9218
11601
10757
8316
8587
10380
10527
9651
9005
8033
6707
5411
6242
6096
4532
1361
105
-571
-1348
-4269
-5411
-7563
-10188
-10590
-7032
-9274
-16049
-20566
-15113
-10608
-16929
-20678
-21260
-15262
-14422
-14706
-17102
-18873
-15620
-7056
-6662
-12044
-11628
-3431
145
-4662
-4302
3120
4504
1987
2486
5609
5726
4015
7777
9088
5104
3737
7315
9911
7299
4003
4062
4731
4725
6248
3940
2090
775
3801
4246
2018
138
500
763
1522
2241
473
-42
-603
1972
-110
718
1611
3332
2212
3220
4705
5499
5877
8296
9633
7200
7562
10628
13879
10880
9697
10987
13163
11879
11844
12105
10954
8983
8598
9987
8112
6546
5136
4393
1821
-45
-1311
-1558
-5350
-8808
-10050
-6179
-5972
-13785
-18495
-17768
-10175
-13705
-17983
-20753
-18297
-15028
-13264
-15195
-18943
-18439
-10241
-6091
-11380
-13117
-6757
-1247
-5054
-6531
-866
3934
1271
1095
3682
5168
4175
5991
9051
6717
3668
4830
8201
8935
6261
3206
4138
4930
6398
4567
2442
1964
2494
3669
2281
1459
210
837
1406
2666
1205
542
788
1882
1622
1170
3597
3157
2876
2847
5849
6232
6017
6743
7892
7877
8183
10484
10892
10674
10027
11401
11339
10590
11370
11729
9870
7798
8175
8914
7313
4599
4330
3229
1288
-561
-1275
-2828
-5582
-9603
-10745
-10639
-6779
-10593
-17815
-21819
-18171
-10652
-16667
-21952
-24245
-18574
-14740
-14205
-17663
-20985
-18768
-8842
-6285
-11858
-12572
-4775
-1515
-5720
-5661
2590
4529
218
1683
4961
5057
3024
6659
9993
4675
1252
5514
10274
8852
4301
3725
5529
5686
6292
5051
3804
3047
3473
3923
2932
2209
1679
2215
2298
1815
-97
1979
3900
2285
88
718
4419
3563
3657
3607
4268
4631
8803
8235
6830
6073
10950
11940
8737
9876
12358
11953
8918
10904
12640
10842
7814
9221
9746
5663
4632
6028
6971
1433
-1627
-590
137
-2340
-7238
-9817
-10230
-9797
-9761
-9214
-16046
-20462
-20996
-12030
-12895
-21190
-24023
-19521
-13526
-13070
-16743
-19683
-18991
-11109
-5735
-10829
-14236
-9028
-2782
-3452
-6050
-2023
3152
759
1052
3989
4335
2672
4891
9739
6709
1427
5268
10383
9860
6311
3787
5275
5462
7466
6928
3905
2896
3146
4844
3704
2513
2445
3120
1724
2195
1985
1800
2542
3445
3102
340
2138
6303
6120
3535
4526
6822
7661
6210
7112
9240
8049
8215
9398
11625
10222
8153
9166
10530
9791
8817
8927
9236
7765
6212
5644
6768
5510
2365
-899
17
418
-2241
-5091
-7391
-9777
-11966
-12338
-9206
-9961
-18040
-21641
-20530
-11644
-15847
-21948
-22816
-18827
-14322
-14558
-16691
-18985
-17471
-9807
-6552
-12012
-12547
-5955
-676
-4155
-7084
-1280
3751
1349
732
3070
3736
3004
4888
8707
5066
1877
5617
9446
8952
4886
3823
5956
6548
6326
4904
4140
4378
3851
4034
4305
4128
3009
2284
2527
3040
2597
2518
3576
3066
1984
1239
3948
5326
4695
3938
4841
5574
6340
7995
8042
7173
6657
9426
10010
9261
7249
8613
9671
9067
7837
7979
7447
6006
5519
5745
4059
2615
2368
1758
-221
-2272
-2477
-4078
-5573
-9102
-10918
-11759
-12681
-12695
-12159
-15674
-21190
-21716
-16489
-13450
-20389
-22883
-20991
-16686
-14591
-15762
-17943
-19622
-15007
-8699
-8960
-12191
-9568
-5477
-5044
-5946
-2234
1510
-595
-995
3236
3961
1898
3303
7604
6683
2636
4039
7342
7226
6492
5536
5225
4421
5680
6657
5566
4268
4004
4839
4047
4136
3895
3854
3353
3973
4673
3442
3791
5127
5443
3904
4982
7149
6692
5787
6829
8379
7263
7139
7883
9579
8810
8527
8831
9293
9213
9126
9333
8364
7469
7888
8559
7940
6181
5017
4000
4077
4219
2127
184
-1187
-1334
-2463
-4088
-5566
-8383
-10860
-11701
-12742
-13688
-12432
-13339
-18730
-21651
-19026
-13724
-17902
-21566
-20623
-17938
-15501
-15978
-16468
-18089
-16234
-9356
-7400
-11482
-10425
-4268
-1631
-4431
-3914
1204
2180
1447
4110
4711
3798
5001
8902
8708
5656
6329
9717
9675
9218
8470
7721
7155
7859
10375
8715
6980
6364
7511
8116
8498
7640
6959
6086
7103
7696
6749
6579
7625
8264
6456
4876
6759
9494
9005
7144
5470
6794
9286
10010
8324
6735
6610
9556
9743
8727
7319
7430
8880
8734
8395
7174
5810
6314
7423
6115
3687
2378
2871
2191
-1378
-3227
-3687
-3932
-5567
-8709
-10704
-11919
-13175
-13831
-13593
-13600
-17825
-21643
-20104
-15722
-15912
-20721
-22469
-20473
-17616
-15066
-15520
-18170
-19935
-14963
-9314
-10073
-12898
-9455
-6035
-6773
-7652
-3222
160
-436
-118
2093
1992
2101
5759
8314
5793
2981
4991
7984
8474
8674
7937
6345
6181
8407
9860
8517
7802
7378
7623
7861
8634
7800
6894
6638
8127
7725
7283
7888
7903
7379
5842
6055
7313
8039
7212
5071
4786
7769
8199
6661
5790
6677
7303
6419
7844
8828
7165
5948
6469
7820
7189
5702
5032
4949
4138
3719
1820
1163
820
-143
-1475
-4047
-3451
-4594
-6409
-9030
-10567
-12409
-13789
-14397
-14838
-15252
-17884
-21419
-22983
-20146
-18164
-21313
-24773
-22974
-21650
-19646
-19746
-20314
-22635
-20580
-14469
-12145
-14669
-12301
-8309
-8762
-9366
-4973
1005
-2044
-2757
2084
4178
1873
3854
8006
7196
3892
8767
11742
8240
8920
12054
11842
8441
10617
14553
12089
10501
12580
12658
10531
12102
13977
12427
8185
9716
11428
10023
9741
8766
8541
6791
7285
7505
7407
7908
7910
5332
5137
7679
9569
9289
6797
6491
6902
9204
9491
7279
5686
6717
6929
6836
6403
5992
4884
3951
4774
3983
1424
1088
1585
585
-2248
-3696
-2602
-4930
-5967
-6922
-8852
-12721
-13579
-12672
-14867
-16708
-17115
-17878
-22132
-21820
-21319
-20324
-23906
-23758
-22711
-21463
-19344
-19558
-21108
-21478
-16350
-12552
-12978
-13857
-8916
-6910
-7482
-5566
-630
1172
-382
2219
5924
5902
6405
9239
10819
9827
10510
13004
14333
14524
15738
16219
14374
15007
16576
18115
16807
15259
15174
14934
15837
15465
15044
12034
11659
12720
14368
10862
9087
9860
11441
9239
6797
9165
10571
9193
7050
6924
7282
7724
8219
8338
4994
5094
7874
9091
6785
4858
6138
6571
6311
6361
6267
4408
3802
4110
3755
1605
692
836
-35
-1599
-3157
-4808
-6375
-6566
-8443
-11586
-15166
-15027
-15754
-17808
-19324
-19316
-22000
-25412
-25172
-23018
-22765
-26165
-25867
-24819
-23338
-20927
-20425
-22410
-23457
-17638
-12136
-13336
-14697
-10332
-6794
-6259
-5131
-532
1535
505
2888
6757
7340
8006
11209
14051
12612
11877
14941
17078
17486
17783
17919
16362
16882
18568
19792
17154
15974
15454
14963
15411
14959
13975
11447
10809
11844
11338
9999
9759
8553
7656
5613
7346
7177
6346
4927
5135
4733
5695
5637
5569
4210
4232
5308
5059
5629
5142
4464
3561
4326
5107
5389
3398
2838
2508
2461
2171
1456
422
-1225
-2552
-2926
-4183
-5542
-7533
-9477
-11476
-13546
-15311
-17024
-18120
-20752
-21732
-21776
-21038
-25418
-28295
-27045
-24601
-24573
-28504
-27085
-26455
-23845
-22093
-21795
-23769
-23114
-16899
-12177
-13446
-14243
-9014
-5798
-5024
-3630
1422
3646
2762
5508
9012
9865
10339
13365
15342
14203
13393
16048
18241
18008
17898
16155
16132
16815
18673
17654
14584
14451
14772
14708
13805
13594
12268
10421
10163
11376
10916
8529
8122
7900
7532
7008
6695
7398
6254
5681
5401
5594
5306
5566
6080
6760
5217
5386
6486
7287
6234
4442
5254
6110
5619
4182
3728
3233
2198
358
-132
-1257
-3396
-4612
-5351
-6795
-9252
-10713
-11186
-12874
-15233
-16808
-18557
-19190
-21729
-22238
-22093
-21456
-24339
-27554
-26489
-24248
-23484
-26202
-26102
-25063
-23065
-19644
-17701
-20009
-21738
-16210
-9095
-8723
-11140
-7796
-2931
-1549
33
4017
6612
6094
8551
12168
12950
13206
16834
19618
17602
16236
18673
21601
21106
20585
19989
18119
18009
19834
21125
17843
15859
15843
16563
15757
15033
13840
11784
11070
11877
12216
10084
9162
8421
8592
7795
8187
8059
7607
6846
6767
7336
7831
7981
7067
6988
7224
7455
7495
8008
7580
6062
4635
4874
5280
4239
2079
544
-156
-1143
-2236
-3161
-4561
-6465
-8253
-9360
-9813
-11429
-13401
-15351
-15779
-17569
-20328
-21152
-21249
-22730
-24711
-23436
-21768
-25214
-27818
-26679
-23069
-22904
-25517
-24108
-23073
-19463
-16019
-15362
-17492
-16843
-9901
-4359
-5939
-5888
-1296
1652
2283
4470
8697
10403
9790
12628
14461
13801
15212
18236
18795
16375
16072
19107
19368
18442
18568
17775
16974
16514
18497
17469
15762
15012
15125
14468
13378
13534
12640
11006
9579
11217
10353
9853
8122
8804
8636
8223
7727
8201
8405
8031
7923
7069
7950
8331
9083
6986
6074
6494
7360
6638
4591
3352
2460
1950
1010
328
-1705
-3200
-4602
-5608
-6861
-7608
-8533
-10447
-12398
-12910
-13952
-15855
-16402
-17454
-18170
-21317
-21592
-22188
-23269
-24499
-24229
-22296
-23782
-27555
-26968
-23155
-20749
-24272
-25266
-22630
-20076
-16786
-14232
-14922
-17165
-12875
-4885
-3264
-7126
-4568
2485
3281
2426
5880
11185
9595
8379
12214
14711
13353
14502
17868
17025
14338
15856
19430
18303
16710
16573
16017
15211
16367
17877
15971
12953
13170
14071
13989
13229
13010
11143
9603
9806
11090
11174
9203
8145
7196
7898
9309
9499
7702
6029
6617
8068
8115
6980
6176
5486
5513
4618
4140
3768
3315
1904
-3
-956
-1091
-1725
-2942
-4842
-6777
-7957
-8546
-8252
-9906
-12182
-13707
-13336
-14086
-15597
-16936
-17066
-18383
-19726
-20664
-21523
-22517
-24056
-23149
-21146
-20683
-24751
-25861
-23566
-17356
-19170
-22499
-21738
-17899
-13017
-11716
-12906
-15378
-12902
-4937
-916
-5027
-5637
990
4980
3063
3605
9861
12245
9712
11600
14864
14972
15174
18851
20088
15492
13969
19695
21698
19076
16976
17339
17156
17438
18525
17892
14478
14601
15446
14919
14098
14031
13301
10368
9896
10768
11166
10300
11168
8658
7074
7684
11008
9944
5675
5407
7186
6774
6008
5872
3936
2192
2544
4437
2211
-108
885
598
-2284
-4506
-3662
-3283
-5706
-7585
-7935
-8931
-9060
-9315
-10470
-12702
-13564
-12005
-11950
-13853
-15103
-15688
-15684
-15723
-17035
-17969
-19919
-20056
-20239
-18194
-17357
-20563
-22720
-21810
-16802
-16854
-19247
-19782
-17542
-14221
-10865
-11235
-13728
-12702
-5560
-79
-3829
-5289
599
5941
4025
3967
9328
12006
9319
10813
15259
14584
13386
16584
19249
15626
13509
18345
20937
18289
16523
16741
16767
16713
17991
18248
15249
14531
15552
15951
15079
14804
13488
11268
10855
12090
11946
9844
9556
9350
6523
5330
6446
8130
4886
1632
2248
2999
2991
2505
1009
-2000
-2963
-1197
271
-2733
-4626
-4839
-4759
-5442
-5948
-5369
-6319
-8102
-9084
-8570
-8456
-8501
-9230
-10393
-11977
-11742
-10007
-10625
-13158
-14117
-14464
-13495
-14851
-15946
-17196
-19175
-18050
-17096
-14042
-17987
-21556
-22039
-15557
-13448
-17238
-18495
-17089
-12410
-10146
-10637
-12688
-11987
-6010
-71
-2792
-4386
-415
5155
4802
2638
6496
11557
10929
9812
13113
14397
13245
15051
17998
16723
12911
16364
20284
18631
15439
15394
17214
17147
17483
17756
15765
14048
14131
14903
14362
12696
11994
10717
9511
9447
10220
8494
6667
5879
5921
4009
2800
3483
3722
1269
-1024
-753
302
506
-1285
-2634
-4342
-3689
-2308
-2153
-4485
-6214
-5309
-4105
-4696
-5851
-5931
-6234
-7132
-6849
-6148
-5871
-6473
-6998
-8232
-8989
-8319
-7350
-8751
-11717
-12261
-11389
-10874
-13275
-16010
-17022
-17429
-17457
-13883
-14187
-19227
-22677
-18781
-11390
-15392
-19620
-18861
-13892
-10591
-10400
-10876
-12091
-10786
-3069
520
-3643
-3463
3089
6996
3254
2510
9911
12588
8935
10407
14055
14671
14213
17484
18756
14435
14855
20887
21339
18334
16706
18526
18910
17711
18601
17723
15599
14486
15097
14781
13482
11638
10567
8942
7586
7674
7172
5903
3486
1963
1563
1851
1241
419
-796
-1467
-1814
-2174
-1437
-2310
-3361
-4485
-3988
-4320
-4140
-3538
-3328
-5340
-5528
-3812
-3000
-3469
-4766
-4443
-4856
-4822
-4336
-3820
-4597
-6024
-7068
-5936
-5728
-6998
-8596
-9981
-10501
-10823
-11269
-13208
-14704
-15862
-15855
-16579
-12892
-14746
-19045
-21233
-16504
-10558
-16722
-19076
-17825
-11831
-10273
-10711
-10811
-11542
-9705
-2574
27
-3517
-2503
3717
7614
3481
4365
12270
12789
9936
12117
16109
16024
15125
18602
20123
15697
16455
20560
21082
18686
16664
17994
17451
16419
16769
15022
13138
12359
12559
12346
9513
8021
7013
6344
4756
3834
2877
2561
1610
354
287
-148
-639
-1599
-1444
-1399
-3197
-3690
-2259
-2806
-3260
-3188
-3508
-4440
-4273
-1329
-1583
-4456
-4338
-2124
-864
-2555
-3339
-2610
-2675
-3062
-2463
-2432
-3724
-5168
-5367
-4892
-5820
-6848
-7207
-9559
-10173
-11475
-11871
-14025
-15784
-16380
-17557
-17254
-13168
-16961
-20291
-22266
-14563
-11241
-18528
-19084
-15809
-9001
-9530
-9567
-9694
-9444
-6092
1833
1123
-2575
-119
7480
9092
4263
7407
14532
14013
11881
14434
17148
16452
16688
20357
19764
14743
17019
20289
20244
16576
14964
16402
15576
15173
14817
12644
11173
10375
10861
9057
7423
6612
6778
4156
2612
2012
2021
1617
-859
-1553
-2571
-1025
-1354
-2135
-4391
-2866
-2849
-1774
-3420
-4093
-3417
-2800
-1671
-3936
-4088
-2794
-664
-1679
-2502
-3423
-1038
-1196
-1889
-3016
-3015
-1871
-1935
-2433
-3504
-4665
-4911
-4431
-5394
-6410
-7708
-7873
-8308
-9392
-11247
-11962
-13598
-13881
-15513
-13044
-11961
-16683
-18386
-17959
-9467
-11200
-16634
-16954
-12542
-6568
-7321
-8806
-10042
-7801
-2730
3224
838
-428
2628
8901
8190
4723
8930
14236
12725
10661
12888
15045
14997
15202
18215
14839
11130
14476
18172
16729
11709
11012
13030
11684
10958
10908
9630
7933
7141
8377
6631
5066
4559
3777
1844
625
1501
1374
455
-1444
-827
-2240
-792
-296
-459
-2634
-3737
-1571
592
-811
-3005
-2388
-1249
2
-1699
-706
-724
179
454
76
-264
-141
660
673
-1138
-2247
-701
-89
-1356
-3734
-4183
-3729
-4077
-5026
-6083
-7027
-8293
-8602
-9024
-10107
-12551
-13026
-13626
-14146
-15579
-11934
-13227
-17095
-19429
-14776
-8047
-14606
-16128
-14979
-8343
-8040
-8126
-7814
-8020
-6532
643
3640
-1198
-993
5625
10602
5199
4905
12548
14221
9975
9613
14144
14023
11955
14301
15700
11255
9933
14381
15339
12019
9210
11478
10791
9514
10278
9438
7435
5867
7437
6658
5251
4598
5247
3040
1691
3522
3970
3132
-49
1278
925
1350
1549
1991
375
-1253
189
2374
1767
-1169
-810
861
1335
-1067
-1190
272
1019
-684
-2136
-1090
97
158
-880
-1707
-1555
-819
-205
-1153
-2526
-3898
-3869
-4104
-4508
-5096
-7339
-8479
-9049
-8445
-10199
-12561
-12929
-13374
-14838
-16774
-14083
-11249
-16390
-19645
-18875
-10659
-11198
-16411
-15561
-12587
-7117
-7047
-7081
-8116
-7576
-2731
3031
1105
-1239
1663
7239
6947
3082
6571
11368
10195
8110
8944
11941
11865
12092
13781
12744
9830
11650
14002
14200
11013
9532
10954
10723
10747
9742
8429
7576
6996
6822
6026
4891
4922
3181
2802
3188
3275
1873
771
1895
2051
89
-290
970
863
-1195
-1248
196
-384
-1881
-1400
90
-915
-2193
-2359
-280
-86
-1334
-2567
-2059
-625
-926
-1953
-3135
-2385
-2013
-2336
-2900
-3054
-3156
-5126
-5153
-5024
-4576
-6589
-8177
-8327
-9122
-9276
-11649
-11065
-12098
-13058
-15211
-14292
-11205
-9671
-15759
-17050
-14836
-7839
-8799
-13737
-12511
-10230
-4852
-4639
-4747
-7774
-6894
-1283
4503
674
-2158
2815
8076
6625
2604
7538
12357
9280
7134
9738
12663
11164
10842
12372
11733
8187
10940
13250
12751
9296
8350
10246
9516
9490
9177
7811
6524
6160
6314
6519
5988
5276
3803
3097
3813
3472
2170
2497
2592
1443
224
1378
3012
579
-793
564
1076
7
-901
734
1818
-144
-1245
-361
746
1531
243
188
96
351
1448
954
-61
-681
-779
-526
-649
-1365
-2421
-3773
-3562
-3811
-4798
-5948
-7404
-7593
-8868
-9489
-11071
-10967
-11850
-12726
-14375
-14014
-12263
-10590
-13667
-16680
-15431
-9960
-7520
-13381
-13091
-10689
-5453
-5141
-5798
-7093
-6239
-1632
3699
1813
-1034
2659
6791
6894
2966
6301
11018
9398
7630
9178
11613
10120
10678
13107
11646
7987
10535
14414
12933
9084
7784
10178
9794
9103
8819
7716
7004
6355
7672
7262
5248
5164
5499
6146
4285
3728
4111
4881
2089
1519
1078
2187
2325
1295
1325
-29
158
448
1103
195
-106
-764
-361
-946
485
893
-386
-1369
-940
-24
-270
-565
-859
-1470
-2546
-1943
-1570
-1789
-3098
-4050
-4194
-4465
-4849
-5085
-6797
-7793
-8581
-7997
-9042
-10527
-11532
-12144
-12595
-13036
-11044
-9570
-12281
-15052
-11930
-7467
-6632
-11771
-10521
-7754
-5134
-3549
-3388
-4802
-5239
-915
4594
2868
-619
1977
6529
6474
4215
6196
9310
7795
6780
8188
9178
8126
9090
10566
8731
6516
9125
11508
9354
7494
7469
8175
6945
7296
7712
5746
4147
4366
6625
5314
3723
2869
3346
2321
1573
1926
2714
2247
110
1314
1263
2290
89
1107
775
924
-111
830
371
239
406
342
-553
-1917
251
858
-236
-2640
-1364
-279
-404
-1551
-1866
-2902
-3451
-2721
-2475
-3400
-4956
-4527
-4931
-5145
-6291
-6425
-8259
-8495
-8437
-8186
-9655
-10787
-9988
-11268
-11864
-12472
-10774
-10064
-11177
-14135
-12517
-10511
-7762
-10180
-11337
-9651
-8309
-5602
-4836
-5667
-7245
-4506
827
1831
-1564
-1182
3509
4784
2483
2771
6523
6543
4426
6147
7554
6504
5949
8652
8533
5265
5470
9701
10018
7425
6549
7555
7923
7720
8471
7631
6331
6429
8026
7784
6823
6065
6025
5665
5273
5947
4529
5093
4462
3807
3097
3681
4824
3235
1943
2471
2773
1986
2706
1933
1430
436
2017
2645
1150
819
1422
1635
-33
-24
1033
712
-1189
-1029
-1005
-1378
-1956
-1671
-2034
-3623
-4319
-3138
-3877
-4763
-5908
-5987
-5785
-7505
-7423
-8479
-7725
-9055
-9065
-9427
-8612
-9015
-7923
-10237
-10951
-8790
-6106
-6705
-9854
-7226
-5377
-4025
-4568
-3281
-4408
-4035
-367
3440
1098
-910
2876
5823
3529
2010
5893
8845
5863
5166
8211
9184
7681
9106
9976
7686
6173
10099
11557
8419
7020
8949
9343
7960
9166
10359
8524
7342
9225
9609
8021
6830
8393
7899
5088
5432
7042
6519
4540
3794
4086
4007
3794
4438
2880
2280
2551
3110
2453
1270
1763
1233
-291
-795
229
691
-314
-1682
-1367
-709
-964
-1535
-2512
-2801
-3492
-3128
-2791
-2984
-3867
-4347
-4446
-4026
-4287
-5072
-5224
-6011
-6261
-7344
-6812
-7274
-8440
-8998
-8858
-9101
-9868
-8125
-7379
-7694
-11192
-9352
-6872
-4711
-7748
-8132
-6747
-4990
-3636
-3553
-2842
-4500
-1832
1057
1491
-1340
451
3698
3465
1302
3358
6834
6132
3380
5069
7064
6967
6515
8126
8412
6783
7013
9723
9334
7626
7508
8611
8294
8135
8761
7656
6773
7282
8202
6552
5577
5890
6216
3889
2560
3904
4226
3482
818
2442
2114
2745
1660
1307
566
-468
462
630
-120
-1671
-167
-488
-1052
-3563
-1279
-596
-991
-2943
-3090
-1626
-1658
-1890
-2855
-2264
-3035
-2008
-2519
-2539
-3667
-3664
-3645
-4131
-3584
-4344
-4664
-4986
-5044
-6625
-7345
-7725
-6915
-8718
-9389
-9681
-9164
-8825
-9614
-8696
-9677
-11398
-9955
-8215
-6632
-9286
-9374
-8200
-5455
-5238
-5502
-6238
-6724
-4185
-2039
-2268
-4014
-2116
296
434
-1200
1216
3834
3262
790
3376
5352
4903
4405
5925
6331
3963
5668
9446
8849
5904
5961
8546
7979
6714
7356
8014
6776
5670
5916
7518
6786
6070
4748
4842
5457
5130
4579
4033
4207
3775
2966
2671
2769
2470
1933
1236
1115
1419
1061
1152
754
252
361
349
922
465
99
-413
-51
976
705
-231
-420
-818
-1367
-1481
-795
-605
-1795
-2249
-2245
-1679
-2009
-2111
-2634
-2981
-3640
-3504
-3491
-3944
-5070
-5479
-5505
-6220
-7126
-6965
-6884
-7355
-6600
-8064
-7847
-7470
-4875
-4912
-6791
-6282
-3509
-2697
-4490
-4208
-3480
-2543
-1525
575
555
123
1093
2469
2595
1363
4950
6537
4806
3871
6421
7933
6368
6371
7995
8467
6890
8807
9864
8689
6939
7919
8621
7789
7548
8509
7687
6377
6400
6890
7329
5913
5929
5587
5470
5825
5446
5519
4131
3592
3475
4275
4418
3443
2315
2326
2776
2936
2971
1652
1475
799
1893
1615
733
164
213
76
-334
-23
-137
-296
-1567
-1342
-1364
-1277
-1928
-2270
-2626
-2966
-2595
-1993
-2402
-3189
-3659
-4204
-4802
-5105
-4955
-5876
-6131
-6551
-7121
-7293
-7403
-7268
-7876
-8136
-8391
-6843
-8373
-8700
-7383
-6367
-7798
-8809
-7632
-5640
-5995
-7351
-7017
-6303
-4514
-3612
-2607
-3140
-2683
-1442
1025
648
107
2042
3461
3104
3091
4962
5921
5882
6188
7307
6737
6150
7702
8253
6819
5784
7468
7750
6331
5625
6556
5802
4872
5178
5432
4893
4167
4652
4138
3827
4354
3968
3563
2673
2561
2390
1486
1542
1680
814
-203
-215
509
492
-764
-1041
-1686
-1849
-1235
-1132
-1945
-2872
-1951
-1225
-1574
-1921
-1283
-1384
-1932
-2300
-1411
-1331
-2203
-2820
-2597
-2487
-2571
-2997
-3548
-3807
-4471
-4056
-4711
-4937
-4934
-4954
-5724
-6439
-6601
-6834
-6464
-6925
-7786
-7667
-7250
-6471
-6766
-8390
-7290
-7500
-6735
-6928
-7264
-7484
-7417
-6521
-5631
-6292
-6495
-5273
-3655
-3159
-3008
-2187
-1383
129
1271
1356
1881
2757
3740
4299
4915
5681
5522
5334
6309
6583
6453
7017
7231
7367
6777
6930
7024
6935
7065
6989
6584
5754
5243
5649
5358
4340
4013
3240
4172
3617
3624
3075
2188
2197
1817
2113
1388
526
-933
-357
-398
-300
-1558
-1565
-1266
-974
-876
-1211
-959
-804
-294
-805
-1090
-1019
-66
-451
-978
-953
-217
228
-295
-237
-1020
-1277
-994
-640
-1455
-2768
-2366
-1794
-2835
-3396
-4228
-4709
-4956
-5698
-4949
-5241
-5602
-6860
-6845
-7808
-7635
-5778
-7360
-8698
-8809
-7823
-6997
-9433
-10060
-9187
-8112
-6760
-6492
-7200
-5848
-4675
-3339
-3404
-3102
-1497
207
1155
1188
2259
3685
5109
4361
5244
6468
7729
8317
9169
9156
8240
9287
10523
10200
9106
9730
10564
9448
8621
9065
9473
8704
8060
7757
7381
7071
6587
5737
4533
3971
5047
4189
2516
1701
2274
2399
893
384
347
607
596
254
-648
-1298
-505
747
-794
-2534
-1867
2
-9
-1367
-1651
-453
616
246
270
263
237
-452
-90
-502
-1193
-1420
-1595
-1782
-2400
-2980
-3578
-3624
-3026
-3287
-4609
-5985
-5843
-5619
-6363
-6911
-7967
-8431
-7762
-7437
-8837
-9561
-9700
-7583
-9033
-8901
-8776
-9398
-8767
-8464
-7824
-7967
-7799
-6095
-5801
-7427
-4922
-2992
-2813
-2772
-917
796
1231
2069
3467
3053
3174
5807
6605
5480
5556
7753
8679
7208
7622
9201
9420
8727
8570
8377
7596
7968
7928
6074
4972
5768
6092
4436
3373
3293
3123
2292
2391
2838
1396
-396
-317
671
49
-926
-923
-520
-945
-344
-80
-1016
-1626
-787
308
-363
-838
-583
58
-421
-326
540
868
579
259
869
1211
1446
1821
1210
585
332
931
581
-100
-1093
-1389
-1497
-2145
-2685
-3619
-3343
-4896
-4950
-5666
-6112
-7301
-7961
-8417
-8564
-9279
-9551
-9223
-10257
-10910
-11753
-10602
-10895
-10439
-9975
-9277
-9193
-9178
-7409
-6159
-6619
-5937
-3182
-2129
-1880
-581
485
1034
917
3475
4693
4195
4534
7305
8013
7080
7070
8865
9687
8770
9585
10155
10201
9546
10170
9782
8700
8925
9175
8302
7228
7364
7039
6219
5735
5659
4232
3183
3427
3484
2430
503
1548
1657
1204
503
557
941
640
1196
1125
888
573
1373
1491
1028
559
1610
2185
1201
1020
1837
2218
1854
1332
1916
1934
1145
1306
669
422
229
-236
-347
-1013
-1742
-2178
-1713
-2606
-3749
-4542
-4415
-5046
-5852
-6855
-7497
-7754
-8483
-9452
-10910
-10366
-10000
-10306
-12080
-11567
-11515
-10635
-10558
-11918
-11358
-11402
-9913
-9323
-8693
-7845
-7018
-5795
-4317
-3613
-3111
-1008
554
1344
1404
3886
5290
5167
4601
6151
7993
7605
7959
9161
9716
8565
9700
10856
10699
9865
10101
10622
8935
8730
9438
8764
7235
6902
7082
6191
5355
5177
4583
3548
3471
3279
2314
881
850
892
611
-97
-381
-586
-185
-235
-438
-525
-290
227
429
266
1279
2015
1933
1838
1794
2264
2087
2003
1731
1776
1151
1065
1308
990
353
-198
-77
-64
-367
-1693
-1474
-1805
-2358
-3229
-4242
-4745
-5551
-6494
-7340
-8395
-8805
-8927
-9927
-10673
-11036
-10643
-10978
-12424
-13297
-13653
-11867
-11478
-12376
-12249
-11518
-10337
-9920
-9136
-9424
-8792
-7069
-4236
-4380
-4208
-2864
-812
-225
245
2120
2959
3372
4392
6043
6134
6392
7493
8916
8894
8147
8713
8555
8997
8711
8284
7420
7293
7668
7402
5844
5595
5667
4982
4859
4249
3740
2808
3490
3095
2056
1114
2232
2116
1149
229
885
1438
1353
589
-18
83
937
2012
999
316
704
2117
2035
1514
1685
2829
2616
1846
1567
1808
1700
1073
801
-53
234
200
-299
-1416
-2135
-2364
-2872
-3187
-3922
-5053
-6043
-6446
-6991
-8152
-8825
-9060
-9635
-11074
-11609
-10450
-11139
-11601
-11342
-11287
-11068
-11430
-8970
-9734
-9774
-8935
-7410
-6773
-6568
-5065
-4421
-4813
-2591
-353
-987
-117
2228
4731
3227
4260
7849
9206
8077
8943
11613
11462
11349
12179
13168
11349
11631
13882
13933
12679
11462
12432
11642
10762
10478
10189
9045
8456
8570
7709
6874
6323
5806
5239
4915
5345
3868
3989
3845
4345
2908
3346
3232
3465
3173
3658
3628
2746
4122
4515
4114
2373
3349
3860
3462
2289
2709
3425
2485
2270
2334
2657
1890
1992
1770
1186
723
898
888
-112
-1142
-1771
-2276
-3122
-3215
-4115
-5764
-6076
-6911
-6836
-8566
-8784
-9334
-9349
-10035
-10386
-9446
-10314
-10635
-10731
-9726
-9309
-10500
-9288
-8359
-8464
-8134
-6308
-4581
-5186
-5367
-2539
-1224
-1626
-515
1528
2666
1665
4115
6309
5874
4432
6548
8043
7686
7825
8798
9204
7815
8912
9644
9527
9270
9622
9638
8116
8251
8725
7847
6849
6662
6712
6387
5278
5181
4890
4148
4255
4256
3312
2704
3009
4145
3208
2542
2232
3126
2771
2295
2244
2240
2386
1998
1897
1325
1490
1000
823
109
-321
-473
-947
-1211
-1871
-1752
-2385
-2868
-3313
-3608
-4117
-4333
-4412
-4699
-5462
-5928
-5764
-6057
-7327
-7867
-8040
-8551
-9644
-10495
-10683
-10829
-10868
-11603
-11137
-11619
-11915
-11670
-11015
-9901
-10859
-10212
-9099
-8460
-8505
-7710
-5918
-5594
-5804
-3758
-1630
-1908
-1760
-225
1273
501
1498
3977
4652
3853
4303
5790
5791
5489
5828
6754
5701
5632
7012
7270
6457
5501
6561
6122
5735
5629
5495
4656
4354
4337
4129
3286
3034
3342
3489
3661
2966
2923
3267
3623
3217
2999
2971
2999
2884
3261
2683
2161
2081
2862
2805
2335
2158
2902
3072
2356
1890
1328
1156
110
-251
-787
-1394
-1671
-2069
-2664
-3825
-4330
-4887
-5113
-6215
-7101
-7559
-7791
-7579
-8766
-9370
-9445
-9059
-9887
-9992
-10298
-9893
-9945
-10449
-9831
-9014
-9149
-9603
-8733
-6807
-6949
-7421
-6021
-4902
-5064
-4916
-3071
-2128
-2999
-2154
-226
-253
-573
763
3181
3035
3084
5307
6830
6128
6115
7901
8621
7864
8403
9468
8972
8323
9042
9403
8587
8104
8855
8849
7675
7902
7899
7896
7022
6895
6574
6222
6611
6615
5507
4837
5439
6282
5949
4907
5762
5995
6315
6570
7275
6551
5979
6703
7105
6348
5476
6090
5947
4851
3753
3932
3339
1558
618
-57
-223
-919
-1262
-1897
-2767
-3327
-3349
-3762
-4793
-5622
-6150
-6534
-7139
-7251
-7238
-8116
-8420
-8698
-8718
-9230
-9604
-9242
-9101
-9387
-9619
-8393
-7240
-7466
-7775
-6437
-4782
-4586
-4391
-3686
-2618
-2140
-1009
105
-25
282
2499
3793
3738
3885
5822
6785
6152
6418
7550
8039
7356
7653
8298
8167
7771
8459
8665
7396
6805
7386
7135
6605
6176
6214
5773
5861
5534
4585
4015
4068
4420
3906
3573
3214
3243
2881
3247
2936
2683
2072
2498
2891
2807
2921
3548
3997
3141
2997
3431
3916
3386
2975
2788
2424
2183
1308
736
-178
-1330
-2343
-2925
-3108
-3847
-4995
-5501
-6216
-7013
-7999
-8563
-9156
-10386
-10846
-11261
-11440
-11808
-12406
-12191
-12266
-12179
-12415
-12445
-12414
-12670
-12621
-12274
-12229
-11286
-10981
-11137
-10938
-9301
-7501
-7208
-7042
-5519
-4159
-3634
-2604
-1355
-1034
160
1795
3445
3541
3926
5857
6619
6560
6822
8196
8268
7415
7477
8187
7978
7666
7994
7933
7039
6791
6615
5683
4790
4953
4537
3673
3416
3520
2704
2386
1296
1251
867
1521
1569
511
50
577
1495
1136
876
724
1424
1519
1938
1740
1629
1887
2114
2092
1473
2220
2218
1592
853
1000
901
385
-373
-1130
-1761
-2467
-2609
-3424
-4392
-5014
-5484
-5840
-6324
-6465
-7063
-7884
-8100
-8369
-8530
-9044
-9556
-9584
-9681
-9671
-9814
-9602
-9051
-8725
-8031
-7933
-7461
-5765
-4962
-5368
-5465
-3837
-2366
-2883
-2539
-786
153
260
1188
2092
2191
2371
4241
5322
4906
5524
7877
8486
7485
7844
9809
9966
8602
8961
9926
9509
9008
9512
9513
8216
8248
8739
8346
6749
6279
6207
5257
4719
4323
3825
2954
2432
2052
1695
1058
1306
1511
1549
1460
1699
1957
2197
2277
2832
3170
3377
3757
3630
3735
3590
3339
2894
2831
2475
1803
1581
1090
416
-533
-978
-1316
-1913
-2406
-2886
-3447
-3782
-4325
-4476
-4967
-5398
-5493
-5841
-6204
-6712
-6748
-6880
-7095
-7586
-7954
-7982
-7852
-7978
-8215
-7938
-7822
-7487
-7659
-6496
-5014
-4953
-5546
-4828
-2718
-1819
-1788
-984
234
1280
2175
3657
4273
4072
5179
7623
8137
8050
9191
10671
10631
10065
10840
11397
11054
10629
10551
9949
9433
9248
9426
8223
7057
7270
7318
6305
5086
4587
4636
3241
3066
3012
2978
2002
2054
2159
1386
1032
1092
1260
407
104
689
1119
151
-1
236
329
-158
70
251
-209
-567
-778
-495
-1194
-1638
-2021
-2075
-2648
-3058
-3437
-4034
-4573
-5054
-5142
-5525
-5842
-6286
-7016
-7610
-7825
-7934
-8466
-9173
-9492
-9129
-9566
-9873
-9530
-9436
-9500
-9164
-8807
-8518
-8405
-7909
-7176
-7283
-7144
-6450
-5738
-4882
-4689
-4205
-3950
-3208
-2167
-1316
-1093
-667
435
1639
2586
2658
3038
3920
5377
6135
6220
6052
7008
7232
7386
7360
7931
8659
8531
8375
8399
8882
8789
8624
7827
7779
7519
6911
6821
5877
5603
4958
5156
4838
4237
3829
3664
3138
2533
2382
2394
1829
762
265
229
-13
-449
-685
-611
-818
-1219
-1454
-1715
-2133
-2775
-3703
-4039
-4395
-4603
-5145
-5068
-5491
-6204
-6377
-6303
-6326
-6978
-7548
-7600
-7668
-8520
-9199
-9472
-9692
-9952
-9811
-9428
-9779
-9930
-9995
-9869
-9844
-9584
-9082
-8956
-8947
-8320
-7573
-6991
-6626
-5722
-4961
-4844
-4226
-3355
-2881
-2515
-2330
-1980
-677
-77
815
1380
1997
2866
3702
4316
4689
5257
5950
6644
6968
7275
7982
8862
9330
9843
10343
11116
11102
10801
10882
11434
11313
10247
9964
9603
9452
8499
8364
8306
7725
7319
6996
6305
5018
4381
4217
3623
2660
2022
2094
1567
483
109
229
263
-74
-218
-201
-194
-528
-999
-1273
-1695
-1870
-2528
-3016
-3325
-3970
-4770
-5429
-5514
-6220
-6901
-7335
-7867
-8151
-8332
-8508
-8828
-8927
-9162
-9155
-9117
-9100
-9279
-8846
-8150
-7998
-7458
-6818
-6543
-6066
-5743
-5041
-4822
-4671
-4081
-3296
-2700
-2678
-2707
-2193
-1752
-1469
-1143
-525
402
863
1297
1799
1957
2467
2901
4059
4873
5358
6571
7510
8464
8691
8933
9615
10278
10313
10220
10321
10306
10226
10143
9835
9842
9853
9643
9303
8791
8528
8101
7597
7206
6897
6354
5697
5010
4246
3268
2585
2522
1895
1172
603
202
-271
-1031
-1577
-1909
-2423
-2860
-3376
-3611
-3457
-3721
-4090
-4710
-5122
-5591
-6104
-6225
-6315
-6650
-6981
-7337
-7720
-8051
-8371
-8688
-8992
-8879
-9039
-8934
-9068
-9018
-8916
-9258
-9103
-9307
-8974
-8702
-8382
-8012
-7538
-7023
-6854
-6438
-6242
-6175
-5646
-4851
-3970
-3650
-3305
-2902
-2563
-1856
-1267
-726
-418
106
1177
2128
2482
2687
3433
3922
4454
4694
5474
6258
6949
7379
7923
8429
8956
9482
9615
9547
9180
9375
9169
8799
8458
8024
7762
7573
7555
6938
6367
6066
5932
5420
4713
4191
3272
2678
2023
1710
1178
568
480
147
-304
-621
-704
-956
-1370
-2055
-2434
-2563
-2945
-2968
-3391
-3292
-3595
-3621
-3969
-4466
-4689
-5222
-5409
-5777
-5743
-5840
-6328
-6342
-6799
-7154
-7485
-7756
-8061
-8199
-8018
-8223
-8512
-8782
-8945
-8779
-8804
-8496
-8242
-7935
-7740
-7382
-7063
-6867
-6412
-6476
-5989
-5447
-4884
-4434
-3892
-3096
-2814
-2589
-1723
-976
-532
-26
787
1462
1683
1965
2123
2744
2881
3273
3806
4683
5278
5504
6136
6497
6893
7132
7248
7384
7344
7350
7665
7802
7884
7946
7726
7463
6996
6855
6850
6371
5755
5629
5169
4857
4250
3844
3655
3250
2993
2778
2277
1775
1476
1103
836
423
519
420
354
267
358
118
-64
-142
-380
-456
-752
-938
-1132
-1338
-1663
-2090
-2640
-2930
-3242
-3703
-4151
-4782
-5005
-5434
-5637
-5819
-5886
-5948
-5881
-5712
-5832
-5938
-6276
-6066
-5777
-5564
-5362
-5021
-4905
-4674
-4406
-3797
-3823
-3536
-3043
-2630
-2269
-1904
-1212
-872
-691
-550
77
640
1185
2234
2524
2802
2677
3216
3592
3681
4171
4914
5554
5808
6364
6603
6850
6916
6881
7066
7265
7303
7509
7412
7376
7408
6850
6141
5968
5667
5292
4870
4574
4140
4121
3795
3440
3333
3175
3056
2908
2959
2868
2923
2810
2562
1824
1820
1636
1205
584
435
401
-19
-233
-654
-710
-1196
-1452
-1972
-2509
-2681
-3086
-3633
-3847
-3974
-4441
-4868
-5336
-5907
-6504
-6752
-6535
-6897
-7093
-7584
-7660
-7632
-7657
-7689
-7878
-7987
-8089
-8323
-8264
-8088
-7502
-6875
-6972
-6614
-6170
-5631
-5479
-5013
-4170
-3510
-2899
-2206
-1569
-1595
-1194
-589
214
596
1158
1955
2562
2792
2720
2904
3237
3801
4035
4325
4657
5102
5301
5319
5333
5489
5474
5682
5763
5266
4848
4797
4851
4664
4241
3988
3936
3788
3908
3686
3382
3268
2736
2496
1980
1419
1040
546
372
-81
-348
-323
-24
64
-455
-716
-685
-799
-918
-1099
-1200
-1595
-1903
-2122
-2837
-2997
-3020
-3047
-2976
-3175
-3313
-3850
-3945
-4043
-4530
-4614
-4818
-4872
-5013
-5238
-5375
-5297
-5309
-5477
-5209
-5167
-5128
-4746
-4781
-4603
-4553
-4080
-3565
-3216
-2991
-2481
-2037
-1662
-1151
-774
-561
142
626
1021
1512
1998
2931
3284
3478
3945
4156
4071
4243
4394
4931
4932
5007
5477
5489
5519
5807
5935
5792
5984
5760
5732
5682
5562
5547
5526
5562
5231
5034
4595
4673
4455
3899
3480
3675
3621
3199
2635
2250
1903
1381
1266
955
848
752
729
586
460
220
140
-141
-448
-320
-191
-241
-421
-201
-272
-367
-521
-504
-995
-1177
-1035
-1057
-1208
-1379
-1341
-1610
-1665
-1894
-2249
-2429
-2527
-2628
-2760
-3007
-3082
-2893
-3090
-2993
-2929
-2927
-2727
-2672
-2260
-2040
-1839
-1449
-761
-177
109
539
1008
1365
1439
1690
1731
2019
2296
2703
3011
3073
3577
3699
4211
4203
4430
4496
4641
5029
4881
5038
4959
4915
4815
4996
5142
5150
5267
5265
5111
4707
4445
4366
4029
3909
3830
3419
2806
2386
2135
1911
1464
956
613
509
446
195
-295
-540
-561
-322
-243
-850
-1035
-1299
-1423
-1554
-1755
-1746
-2050
-2190
-2241
-2241
-2147
-2128
-2115
-1938
-2053
-2328
-2109
-2053
-2205
-2168
-2053
-1845
-1665
-1490
-1408
-1314
-1029
-757
-767
-892
-848
-812
-956
-1337
-1441
-1570
-1665
-1526
-1629
-1742
-1280
-1080
-605
-485
-558
-320
-296
-322
-208
-101
-243
-109
-112
-139
82
319
49
151
238
131
618
832
1333
1147
1490
1545
1398
1566
1114
944
592
584
457
492
571
659
669
271
10
-167
-311
-769
-887
-979
-1358
-1289
-1401
-1630
-1978
-2068
-2040
-2430
-2326
-2472
-2353
-2222
-2512
-2640
-2907
-2748
-2755
-2623
-2608
-2708
-2790
-2665
-2570
-2630
-2515
-2281
-1936
-1723
-1626
-1114
-974
-1193
-1376
-1523
-1597
-1572
-1456
-1466
-1159
-1026
-806
-751
-676
-814
-828
-904
-966
-1245
-1031
-994
-1180
-1028
-888
-705
-697
-668
-901
-576
-366
-333
-441
-359
-171
-323
-382
-233
-228
8
439
611
398
563
924
1178
1509
1795
2034
2189
2173
2439
2543
2778
3105
3176
3389
2959
2958
2838
3042
3300
3273
3186
3324
3569
3224
2843
2600
2366
2488
2393
2127
2537
2623
2405
2550
2221
2283
2457
2340
2239
2120
1982
1622
1656
1631
1694
1634
1293
957
959
1086
616
497
418
338
369
347
543
656
827
743
640
455
595
628
675
572
1073
1156
1065
1214
1176
1003
673
776
626
591
572
946
1172
1361
1298
1023
1041
1078
1250
1152
960
973
1113
1290
1351
1330
1568
1736
2153
2377
2289
2575
2499
2478
2280
2207
1993
2446
2554
2468
2467
2704
2714
2640
2570
2302
2484
2408
2367
2433
2552
2492
2491
2425
2540
2232
2045
1945
1805
1819
1388
1337
1128
928
878
538
517
619
473
120
-414
-757
-891
-1269
-1692
-1875
-2105
-2302
-2397
-2318
-2219
-2376
-2149
-1827
-1762
-1770
-1540
-1564
-1568
-1303
-1586
-1500
-1332
-1394
-1171
-1119
-1029
-755
-733
-1130
-1165
-960
-968
-748
-959
-931
-1297
-1373
-1159
-1206
-936
-1159
-1080
-866
-980
-958
-1086
-929
-569
-309
-75
171
370
485
519
281
225
169
249
330
269
463
679
872
857
990
949
933
906
1082
1276
1184
1071
1137
1028
770
570
390
251
-135
-242
-25
-145
95
-106
-195
-381
-853
-930
-1210
-1052
-1044
-1064
-1399
-1389
-1525
-1828
-2068
-2023
-2231
-2277
-2780
-3003
-3425
-3582
-3485
-3676
-3353
-3629
-3716
-3811
-3763
-3876
-4054
-4042
-3799
-4010
-4186
-4189
-4189
-4153
-3775
-3580
-3457
-3192
-3291
-3082
-2881
-2839
-2643
-2370
-2145
-1906
-1713
-1615
-1237
-1138
-926
-823
-722
-334
116
316
210
628
897
1249
1333
1277
1598
1630
1875
2197
2399
2697
3075
3075
2783
2674
2497
2472
2580
2605
2380
2149
2008
1983
1703
1777
1642
1340
1427
1515
1528
1346
1130
920
965
866
838
674
432
371
413
321
202
25
-236
-267
-477
-693
-1101
-1418
-1668
-1667
-1828
-1695
-1525
-1835
-1901
-1638
-1630
-1457
-1208
-1151
-1319
-1566
-1740
-1638
-1667
-1448
-1287
-1192
-1210
-1172
-1078
-1170
-907
-921
-764
-847
-537
-432
-257
-164
-179
-204
136
277
437
790
924
1084
1378
1659
1712
1804
2012
1883
2162
2601
2892
3137
3056
3163
3476
3213
3200
3399
3448
3505
3719
4054
4248
4490
4730
4523
4376
4138
3939
3958
3778
3516
3667
3730
3481
3605
3545
3036
2723
2393
2316
2143
1619
1229
1236
1006
902
887
815
647
365
374
205
-9
-89
-313
-702
-859
-1265
-1300
-1255
-1285
-1083
-1269
-1180
-1337
-1370
-1518
-1753
-1977
-2103
-2219
-2228
-2136
-2347
-2310
-2087
-1792
-1732
-1412
-1358
-1275
-1078
-1025
-1123
-1329
-1274
-1466
-1606
-1475
-1426
-1366
-1054
-699
-520
-510
-561
-600
-399
-352
-378
-140
15
212
192
196
370
482
670
769
1169
1186
1486
1787
1644
1704
1552
1234
1257
878
1163
934
679
892
990
965
909
906
464
578
447
254
199
-142
-198
-136
-453
-578
-891
-974
-1227
-1172
-1079
-1166
-1135
-1336
-1592
-1837
-1794
-1875
-2040
-1909
-1861
-2131
-2231
-2361
-2533
-2771
-2894
-3173
-3170
-3005
-3072
-2966
-2705
-2346
-2170
-2281
-2287
-2354
-2359
-2125
-2128
-2386
-2613
-2448
-2319
-2520
-2405
-2452
-2182
-2036
-2140
-1924
-1802
-2021
-1998
-2244
-2305
-1947
-1566
-1358
-1236
-1368
-1388
-1118
-877
-658
-687
-497
-411
-312
-220
-291
-300
-395
-547
-261
-326
-258
-1
263
284
407
377
565
324
251
741
696
874
1109
1272
1067
1113
1065
1014
1252
1191
1249
1214
1323
1371
1300
1068
587
409
253
114
3
-344
-490
-345
-413
-415
-422
-540
-448
-562
-571
-685
-698
-672
-681
-642
-540
-959
-1031
-1120
-1635
-1855
-1773
-1592
-1625
-1365
-1435
-1586
-1858
-1773
-1653
-1410
-1222
-1203
-1226
-1366
-1671
-1897
-1705
-1731
-1741
-1928
-1397
-1236
-1059
-1127
-1360
-1160
-1397
-1600
-1656
-1669
-1519
-1751
-1869
-1774
-1866
-1531
-1457
-1375
-1307
-1483
-1450
-1424
-1177
-1056
-519
-142
-218
-67
38
519
721
859
1268
1503
1495
1530
1567
1302
1157
1186
1504
1856
1751
2003
2229
2325
2592
2488
2216
1759
1562
1607
1543
1617
1688
1774
2046
1909
2004
2162
1979
1970
1752
1528
1269
1029
670
563
136
-186
-242
-175
-256
-751
-695
-633
-782
-900
-449
-576
-732
-818
-767
-697
-836
-827
-933
-942
-1157
-1016
-935
-724
-773
-819
-783
-887
-835
-946
-928
-923
-958
-1266
-921
-859
-1172
-1097
-1221
-998
-985
-884
-859
-784
-753
-617
-810
-861
-951
-954
-827
-806
-697
-206
-62
224
256
70
216
356
354
176
393
251
585
540
569
645
297
466
164
195
316
566
738
875
916
893
864
862
1052
701
478
192
-97
-94
-184
-15
-8
-89
218
-78
-52
225
155
51
-275
-646
-858
-1086
-1306
-1398
-1587
-1645
-2000
-2117
-2446
-2627
-2707
-2965
-3040
-3275
-3331
-3088
-2936
-2992
-3027
-3177
-3040
-2838
-2762
-2544
-2467
-2000
-1883
-1891
-1771
-1915
-1996
-2105
-2225
-2124
-2000
-2178
-1700
-1574
-1393
-1218
-901
-891
-1044
-1078
-910
-785
-583
-107
180
487
684
715
1001
1191
1112
1545
1807
1907
1745
1425
1131
512
403
154
270
269
593
872
1226
1671
1424
1290
1475
1652
1827
2066
2443
2631
2399
2486
2327
2318
2187
2096
1906
1868
1980
1764
1640
1352
827
988
737
781
704
651
451
451
283
139
352
207
164
-55
-378
-374
-291
-525
-458
-599
-860
-1125
-1140
-1054
-1182
-1085
-1028
-985
-835
-753
-595
-472
-629
-829
-897
-960
-907
-940
-1076
-772
-652
-719
-403
-121
121
399
814
942
1103
1500
1665
1838
1749
1662
1731
1778
2194
2252
2330
2615
2484
2477
2206
1895
1629
1759
2045
1966
1979
1915
1650
1499
1182
800
629
382
494
660
173
350
421
198
291
120
110
33
41
160
50
-183
-538
-797
-710
-837
-967
-676
-780
-716
-641
-353
-301
-58
442
622
560
747
696
713
839
547
195
-48
-339
-664
-826
-991
-984
-847
-753
-756
-816
-1087
-1226
-1024
-866
-1029
-1091
-887
-643
-753
-520
-369
-328
-306
-773
-717
-865
-944
-722
-442
-715
-1122
-1185
-954
-650
-621
-434
-197
173
433
335
668
648
719
739
567
464
382
778
968
1308
1387
1677
1756
1894
1978
1719
1569
1324
1265
1020
1073
896
912
790
644
623
857
995
1082
1374
1398
1121
1127
1118
672
631
715
761
816
677
449
-22
-277
-579
-675
-495
-799
-851
-688
-652
-375
-343
-295
-234
-6
17
134
210
113
-50
-256
-323
-516
-523
-1076
-959
-1028
-927
-672
-702
-434
-231
-208
-144
-141
-278
-212
46
36
268
511
230
240
355
333
634
652
682
661
808
1065
1174
1341
1475
1401
1412
1399
1362
1577
1312
1035
820
833
821
514
369
249
312
398
114
346
439
755
976
710
768
484
680
640
649
468
262
23
74
205
425
244
356
188
-58
114
-115
-186
-477
-573
-410
-73
134
238
141
-286
-320
-20
-177
48
494
891
1110
1104
1349
1350
1415
1233
1106
835
547
601
578
831
741
552
957
757
981
1008
1131
1317
1245
1562
1378
1640
1562
1675
1517
1391
1420
1084
1170
1083
1027
671
466
598
416
370
118
269
379
397
476
595
548
740
741
841
774
583
427
288
381
369
602
468
644
762
845
1083
1232
1522
1620
1276
1186
1080
848
531
122
63
-62
197
247
692
770
893
977
1100
1320
1133
1499
1318
1151
820
774
658
375
208
203
193
432
940
968
998
945
952
615
595
907
1127
1074
1012
1001
768
486
56
-54
-325
-678
-639
-253
-384
-707
-783
-385
-374
-577
-304
-114
-191
-411
-557
-1020
-1284
-1325
-1339
-1417
-1411
-1595
-1419
-1264
-1083
-691
-499
