-50
-179
-53
7
270
413
245
322
261
540
429
229
92
97
141
105
192
36
-107
-253
-464
-338
-37
9
21
-196
-293
39
-46
-106
-7
2
-38
98
207
209
230
343
349
472
293
223
142
221
213
-96
-284
-689
-566
-788
-715
-864
-843
-922
-1017
-863
-657
-372
-439
-457
-426
-327
-192
-54
-67
-5
236
206
293
462
548
506
714
629
634
692
824
892
815
682
810
889
905
1030
1169
1532
1195
1193
1201
1133
1149
1110
1153
1058
783
963
1012
900
934
957
1127
1250
975
1045
1249
894
879
914
792
192
279
153
-41
16
-203
-325
-359
-321
-265
-289
-451
-184
-79
13
190
272
409
433
542
750
527
636
562
908
809
420
473
492
347
473
315
406
519
486
453
556
353
168
154
205
-10
-338
-96
-269
-458
-609
-448
-351
-255
-300
-288
-262
-157
-118
80
56
-225
27
-67
-146
105
7
-46
-248
-106
-177
-328
-623
-761
-617
-627
-727
-749
-672
-694
-470
-544
-475
-591
-568
-520
-584
-686
-819
-653
-744
-408
-530
-547
-896
-879
-677
-400
-517
-370
-219
-262
-285
-379
-152
-404
-330
-376
-538
-756
-490
-684
-993
-769
-942
-606
-286
-435
-237
-348
-323
-617
-664
-449
-605
-675
-668
-659
-681
-513
-729
-923
-736
-971
-602
-808
-688
-533
-852
-592
-564
-707
-846
-490
-685
-543
-477
-400
-506
-219
12
-33
-22
-123
-129
-34
234
355
107
376
456
511
640
607
628
628
598
604
785
957
1095
1090
1109
1000
967
1024
983
673
861
855
961
838
828
998
824
850
1109
1148
1167
951
814
950
711
804
653
944
761
867
709
517
727
622
697
486
494
291
186
394
388
135
-80
-115
-268
-530
-388
-524
-298
-416
-310
-302
-480
-297
-427
-373
-265
-163
-46
-2
-52
-66
-90
-34
119
262
544
514
571
755
732
681
1124
1221
1098
1232
794
906
878
777
700
833
656
635
617
666
902
738
868
522
712
478
693
678
745
741
453
580
419
587
410
571
325
424
353
444
433
324
262
483
225
-1
112
-242
-203
-267
-207
-326
-546
-514
-572
-521
-258
-424
-429
-179
-454
-527
-483
-635
-612
-579
-675
-416
-282
-84
-195
-287
14
246
154
151
334
267
565
391
634
932
1305
1317
1191
1245
1005
1021
1090
1209
970
896
816
702
922
467
603
537
523
810
789
830
823
819
912
1060
1106
1107
833
683
490
360
124
253
213
624
756
1020
918
1117
1282
1021
1246
1045
819
860
1052
1049
998
1093
1241
1202
917
1125
933
804
611
538
640
268
279
348
321
294
461
360
426
424
360
359
273
553
368
99
82
-8
-122
-142
-254
-252
-388
-168
-252
-153
-336
-369
-155
-362
-487
-663
-702
-679
-508
-729
-799
-687
-792
-633
-820
-863
-934
-1250
-1350
-1390
-1309
-1505
-1605
-1611
-1626
-1619
-1829
-2033
-2055
-1953
-1909
-1758
-1717
-1480
-1556
-1341
-1264
-1422
-1108
-1370
-1588
-1490
-1126
-983
-1138
-1020
-619
-351
90
-328
-296
-324
-614
-323
-491
-436
-342
-693
-713
-809
-569
-641
-661
-404
-662
-695
-652
-732
-997
-867
-968
-853
-579
-687
-663
-706
-337
-489
-576
-345
-453
-685
-801
-1115
-1125
-1019
-1206
-1200
-1197
-1215
-1141
-1301
-1325
-1177
-1169
-1106
-1145
-1185
-1152
-1140
-1281
-1122
-976
-930
-595
-634
-687
-859
-627
-742
-663
-589
-569
-310
7
236
258
511
522
578
338
407
636
140
286
201
-84
314
161
318
117
-107
37
191
221
362
393
431
389
387
537
479
546
455
550
520
441
344
372
344
345
429
710
702
478
805
1065
1102
1308
878
908
1228
1326
1364
1394
1326
1124
1301
1100
1118
1156
1279
1299
1348
1619
1607
1446
1526
1628
1549
1591
1710
1482
1620
1503
1544
1623
1708
1580
1369
1587
1451
1635
1636
2037
1808
2064
2362
2041
2524
2257
2328
2499
2334
2235
2103
2020
2168
1828
1604
1729
1488
1939
2013
1852
1967
1938
1570
1477
1108
1013
1311
1178
1166
1128
1201
1161
1315
1282
899
750
377
202
283
267
30
107
334
223
515
403
462
493
621
397
197
60
-174
-602
-962
-979
-1099
-1266
-844
-754
-857
-505
-277
-276
-9
-110
-156
-112
-109
324
581
867
899
851
738
975
961
1180
1162
1194
1233
1106
916
670
1150
638
645
797
925
716
524
905
782
684
426
579
708
962
1188
1099
1349
1333
1541
1727
1369
1151
1227
1387
1271
1338
1477
1406
1207
1228
1100
823
661
779
687
711
825
636
690
677
460
477
723
559
433
344
351
408
-68
-29
-150
-192
-553
-592
-646
-798
-610
-652
-622
-658
-939
-979
-1227
-1173
-1153
-1225
-1204
-1453
-1143
-1629
-1898
-1814
-1759
-1852
-1837
-1741
-1739
-1711
-1694
-1601
-1601
-1250
-1242
-1383
-1239
-1076
-1092
-1202
-1083
-741
-897
-729
-720
-786
-796
-1010
-1120
-1321
-1147
-1398
-1438
-1674
-1637
-1476
-1171
-1011
-1109
-875
-901
-943
-1081
-969
-1024
-1096
-1040
-1206
-1186
-735
-662
-625
-509
-711
-338
-659
-479
-370
-351
-301
-380
-428
-685
-682
-746
-677
-487
-709
-942
-1038
-1187
-1204
-1451
-1381
-1530
-1410
-1274
-1440
-1165
-1086
-1040
-1186
-1306
-810
-813
-1210
-1152
-1129
-1208
-1219
-1170
-1093
-886
-945
-879
-784
-883
-588
-621
-344
-411
-312
-523
-648
-682
-657
-612
-457
-622
-625
-736
-658
-758
-738
-569
-322
-482
-285
-258
-398
245
185
227
157
269
470
462
475
92
40
-125
-247
-288
-233
79
-335
-85
-40
199
323
384
16
5
328
127
349
438
755
365
519
567
546
577
929
797
665
1006
956
1335
1216
1062
892
716
703
686
647
679
360
681
644
509
320
195
201
-32
-52
-278
-361
-331
-246
-373
-247
-7
202
154
179
218
164
-48
-233
61
38
40
-86
-106
-260
-563
-859
-690
-697
-440
-209
-56
225
192
171
175
335
304
378
377
501
263
323
547
260
622
528
451
506
635
637
726
1023
1148
1155
947
1014
777
793
683
629
482
317
545
565
461
237
-14
-37
-395
-215
-64
-24
-53
-246
-248
-96
130
-70
-114
-189
-69
-61
-102
-37
201
194
-130
-22
-120
-223
-311
-12
-97
-152
-156
-279
-142
-137
59
-120
56
63
-140
-202
-451
-268
-413
-377
-215
-587
-470
-506
-537
-644
-797
-661
-426
-458
-508
-263
41
162
-53
-125
-235
26
162
-20
159
-209
-151
118
92
156
118
-235
-258
-498
-726
-996
-958
-1041
-1311
-1017
-914
-898
-1236
-1189
-1026
-859
-825
-648
-758
-481
-682
-654
-729
-1064
-989
-1086
-1254
-1181
-877
-1077
-1070
-1002
-697
-567
-464
-432
-285
85
73
259
281
388
548
520
302
181
95
174
268
56
181
241
210
424
480
522
340
357
497
500
513
264
251
352
401
508
546
429
351
58
-10
234
102
-41
-179
-296
-349
-357
-423
-679
-658
-486
-415
-460
-470
-409
-510
-638
-872
-1162
-1217
-1227
-1184
-1224
-1268
-1351
-1472
-1492
-1691
-1581
-1599
-1824
-1682
-1647
-1810
-2052
-2037
-2043
-1805
-1516
-1341
-1344
-1196
-1209
-1015
-990
-940
-834
-927
-811
-857
-459
-611
-590
-354
-383
-382
-487
-456
-777
-1031
-1072
-1029
-1068
-1205
-1174
-1198
-1300
-1132
-971
-871
-761
-965
-1045
-1291
-1405
-1380
-1763
-1869
-1855
-1764
-1560
-1612
-1538
-1620
-1421
-1273
-1329
-1254
-1201
-722
-920
-913
-633
-570
-489
-744
-596
-869
-661
-138
-170
-364
-316
-279
-489
-347
-185
-391
-331
-112
-27
-51
108
80
-145
-125
-215
-127
106
172
535
839
1073
1067
1168
1397
1181
1226
1062
1164
1427
1118
941
951
1208
1042
866
884
721
802
783
482
590
686
928
861
811
1117
835
799
851
861
636
507
568
225
73
5
-74
92
-64
304
139
2
110
123
244
273
299
570
594
874
1171
1403
1478
1636
1774
1550
1733
1573
1576
1471
1352
1271
1213
1122
775
828
736
666
767
578
543
677
490
498
523
493
838
1190
1185
947
760
763
863
741
765
656
545
349
386
137
148
510
513
527
723
752
1062
1357
1117
1097
979
857
736
704
945
1039
934
1154
1168
1051
954
1063
1172
1004
1045
953
712
870
1148
1031
1030
1202
1272
1326
1632
1464
1697
1382
1144
936
946
1079
888
966
628
647
575
717
869
771
378
222
62
38
-167
-95
-37
-131
-192
-154
-196
-351
-214
-380
-75
-138
-260
-132
-92
-72
-299
-62
-22
-146
15
-175
-60
-211
76
-5
33
120
113
-69
-6
-158
-193
-68
54
134
98
101
-78
25
26
203
175
218
559
474
556
397
714
508
499
893
714
1007
1116
1133
1166
832
1056
648
867
608
478
320
260
531
346
474
353
414
410
317
180
-13
-66
-31
-186
131
223
240
340
303
563
541
395
570
760
790
844
820
811
901
875
845
879
778
714
659
792
703
509
391
3
230
-166
-89
-180
-298
-36
-288
-462
-597
-761
-1018
-1195
-1242
-1230
-1567
-1572
-1297
-1391
-1422
-1191
-1434
-1147
-1315
-1424
-1422
-1718
-1571
-1575
-1740
-1886
-1594
-1681
-1955
-1540
-1562
-1640
-1235
-1250
-1277
-1379
-1385
-1600
-1854
-1906
-1823
-1953
-1768
-1803
-1565
-1399
-1562
-1669
-1942
-1825
-1906
-1932
-1768
-1815
-1502
-1490
-1375
-1297
-1622
-1566
-1408
-1160
-1352
-1083
-896
-855
-564
-837
-602
-162
-182
195
-151
165
290
293
660
644
687
577
510
745
786
776
725
714
626
673
443
520
662
599
760
821
788
700
555
94
515
476
557
529
795
359
488
576
489
424
355
280
388
805
629
933
758
1141
1250
1265
1448
1423
1406
1875
1868
1916
2036
1991
2412
2479
2367
2455
2529
2694
2454
2361
2424
1866
2078
2115
2044
1990
1993
1889
1755
1838
1759
1947
1941
1859
1769
1779
1609
1093
1143
1154
1404
1196
1022
1247
1402
1316
1272
1251
1537
1409
1432
1317
1088
943
626
737
802
708
711
615
731
726
247
147
-342
-160
-237
-224
-103
-194
-277
-486
-566
-678
-920
-996
-862
-1070
-1139
-1310
-1250
-1188
-1023
-845
-712
-397
-81
-46
-85
-73
-20
74
24
36
-144
-211
-376
-347
-594
-857
-909
-714
-688
-575
-308
-469
-136
-68
106
125
345
585
545
469
197
472
348
64
-227
-443
-222
-296
-307
-261
-166
-120
102
213
-116
28
-329
-449
-763
-900
-907
-842
-673
-339
-122
-447
-430
-495
-478
-344
-327
87
109
141
190
289
171
-1
15
-153
-272
-222
-359
-226
-282
-259
-243
-335
-245
-208
-154
-286
-175
-201
-227
-93
-166
85
154
28
257
147
36
-159
21
-133
-84
32
-338
-354
-150
-114
27
455
393
177
405
398
334
391
444
625
644
879
848
967
1189
1035
939
715
375
274
220
147
34
92
101
180
-18
202
27
61
171
223
288
5
-239
-434
-312
-437
-358
-237
-290
-185
-459
-402
-352
-472
-254
-739
-716
-911
-832
-453
-839
-780
-860
-759
-586
-760
-928
-1067
-1285
-980
-933
-950
-610
-590
-803
-643
-427
-393
-358
-543
-458
-455
-361
-171
41
183
-9
120
300
78
-532
-514
-388
-489
-262
-280
-322
-473
-620
-550
-745
-633
-892
-907
-721
-550
-931
-970
-837
-924
-812
-854
-1242
-1238
-1120
-1306
-1086
-1040
-742
-1043
-692
-670
-1095
-1098
-1081
-635
-657
-354
-507
-770
-579
-778
-858
-932
-1156
-984
-934
-1230
-948
-834
-867
-493
-105
-107
-34
550
483
412
688
901
940
1141
1348
1388
1439
1376
1317
1360
1368
1586
1515
1574
1562
1470
1490
1386
1553
1335
1348
1241
1255
1035
1047
1133
1285
1560
1693
1833
985
931
966
776
821
915
1129
1573
1722
1418
1468
1005
903
756
884
1310
1441
1187
698
594
352
173
-68
-214
-225
-459
-584
-528
-724
-827
-1131
-1146
-1117
-980
-1008
-1247
-1052
-1443
-1622
-1384
-1501
-1497
-1595
-1460
-1410
-1496
-1507
-1627
-1593
-1527
-1462
-1619
-1530
-1561
-1229
-1185
-1026
-1008
-1223
-1108
-1172
-1194
-1493
-1606
-1620
-1788
-1800
-2256
-2021
-1711
-1764
-1722
-2061
-1901
-2215
-2448
-2255
-2292
-2391
-2342
-2187
-2062
-1763
-1704
-1799
-1641
-1679
-1731
-1746
-1528
-1298
-1405
-1502
-1589
-1303
-1386
-1450
-1041
-1060
-1008
-1131
-1359
-1204
-1631
-1648
-1704
-1643
-1412
-1383
-1094
-903
-760
-934
-812
-596
-543
-570
-430
-387
-433
-841
-972
-938
-673
-539
-391
-372
-680
-299
-368
-255
-193
-82
-94
-38
-152
-189
49
-34
-83
-60
12
113
231
-2
307
469
766
529
165
776
431
501
414
531
852
632
754
451
626
687
531
645
798
749
807
866
685
851
659
635
680
933
1267
1279
1283
1369
1349
1064
1367
1280
1158
1274
1132
1602
1661
1848
2023
1893
2163
1876
1670
1931
1678
1598
1675
1768
1704
1529
1605
1332
1377
1261
940
1034
519
524
749
736
806
772
938
903
742
739
640
364
487
344
480
614
615
656
450
185
375
289
75
-94
-169
-172
-185
-124
-197
262
-59
186
167
-56
344
45
117
-35
-82
-195
-430
-401
-484
-402
-475
-533
-293
-413
-471
-671
-506
-650
-573
-415
-579
-60
-201
-329
-215
153
-114
538
615
605
999
894
974
1104
1077
1056
888
591
427
213
520
608
432
385
502
347
407
86
-74
-242
-337
-417
-542
-564
-642
-518
-561
-299
-251
-104
-10
-46
259
399
412
535
494
224
138
152
22
-114
-250
-536
-411
-383
-384
-168
-24
195
-213
-106
-41
18
36
35
-138
-300
47
-166
-320
-108
-198
-343
48
-136
-282
-154
-286
-456
-412
-160
-486
-591
-755
-761
-455
-587
-324
-625
-489
-509
-583
-530
-598
-615
-777
-873
-1003
-1046
-718
-609
-538
-603
-574
-447
-588
-393
-691
-440
-406
-379
-464
-876
-947
-1006
-988
-958
-1124
-1253
-1219
-1506
-1181
-962
-1184
-1019
-1230
-1152
-1101
-1236
-1148
-1168
-979
-1137
-1035
-1049
-972
-958
-1287
-1189
-1265
-1493
-1632
-1707
-1532
-1464
-1535
-1571
-1685
-1864
-1920
-1768
-1745
-1435
-1124
-1456
-1423
-1110
-1257
-1227
-1350
-1207
-996
-1066
-857
-883
-687
-711
-986
-1001
-1341
-1491
-1339
-1183
-1567
-1782
-1739
-1899
-2396
-2376
-2658
-2503
-2520
-2462
-2115
-2014
-1721
-1348
-1463
-1537
-1411
-1436
-1248
-1101
-940
-985
-1048
-1037
-1050
-1090
-1111
-900
-742
-953
-612
-830
-1006
-966
-930
-901
-1129
-1220
-1039
-841
-775
-746
-500
-390
-383
22
28
11
87
90
289
385
674
767
835
1219
1372
1501
1818
1903
1940
2171
2187
2363
2556
2657
2547
2389
2143
1955
1978
1868
2134
2058
2034
2259
2403
2737
2776
2817
2815
2676
2549
2784
2826
2606
2643
2260
2424
2551
2257
2469
2000
2272
2201
2181
2065
1674
1826
1493
1237
995
1038
1075
1257
1407
1463
1507
1336
1251
1160
1162
1221
952
967
939
1022
1164
976
1168
1369
1129
925
1092
1120
1062
1274
1243
1211
1261
1298
1384
1511
1838
1836
1738
1743
1623
1873
1778
1731
1906
1598
1546
1797
1760
1618
1644
1555
1535
1719
1687
1701
1528
1412
1439
1414
1467
1212
958
965
947
963
1100
1073
928
842
866
697
657
529
711
805
1044
1137
790
631
483
491
384
572
649
472
567
619
586
535
310
185
164
97
155
396
359
670
691
860
1288
797
962
1073
885
959
831
654
717
1012
979
748
653
372
652
579
560
340
305
168
155
209
164
188
123
71
71
21
-164
-9
11
122
-116
-104
52
-102
-113
-659
-690
-665
-1021
-626
-702
-1029
-985
-955
-1159
-1349
-1283
-1326
-1627
-1666
-1549
-1804
-1856
-2031
-1876
-1772
-1857
-1681
-1930
-1818
-1683
-1865
-1347
-1163
-934
-983
-1036
-1165
-1336
-1277
-1358
-1331
-1563
-1524
-1437
-1303
-1310
-1128
-865
-1185
-1195
-1319
-1467
-1562
-1305
-1420
-1627
-1617
-1654
-1534
-1652
-1622
-1799
-1899
-1875
-1994
-1960
-1717
-1587
-1655
-1436
-1362
-1200
-1425
-1172
-1045
-1291
-1324
-1222
-1133
-1376
-1127
-848
-888
-1080
-984
-1083
-1159
-1213
-1028
-1057
-1142
-1251
-1178
-1123
-1147
-1089
-1249
-1307
-1304
-1201
-1011
-962
-823
-746
-600
-515
-399
-325
-266
-421
-453
-263
-366
-275
-69
-323
-101
-58
-18
52
230
185
171
187
-13
-49
-411
-196
-178
-356
-353
-518
-663
-634
-712
-785
-803
-709
-433
-383
-251
-31
-190
-163
-186
-152
-30
-11
21
166
223
128
97
71
-62
-187
-196
-2
-235
13
478
299
218
35
172
16
430
301
655
686
546
1000
728
1543
1454
1389
1309
1172
1197
1513
1578
1526
1743
1724
1733
1720
1866
1804
1642
1444
1385
1364
1186
1295
1106
1219
1153
973
1109
955
1182
1036
1219
1048
1074
1234
1005
1264
938
1030
1388
1729
1630
1631
1554
1160
1178
1054
725
905
832
948
1063
1184
1612
1469
1536
1668
1811
1762
2070
2076
1868
1674
1595
1337
1615
1908
1803
1805
1730
1893
1739
1564
1449
1392
1809
1753
1674
1537
1468
1740
1797
1559
1695
1516
1451
1404
1535
1500
1547
1672
1355
1465
1693
1839
1420
1355
1415
1357
1400
1373
1132
1086
1188
1147
1166
1206
1095
980
939
937
999
693
403
195
342
62
-18
113
-139
210
-326
-402
-250
-629
-408
-128
-329
-48
-164
-181
5
-234
131
223
361
540
364
132
-163
-95
-245
-316
-591
-343
-330
-319
-314
-272
-167
-24
-18
48
234
-11
5
-90
-297
-586
-610
-502
-783
-908
-950
-696
-741
-909
-1025
-1049
-955
-1154
-1223
-692
-608
-641
-379
-483
-295
-282
-345
-350
-564
-624
-598
-694
-482
-550
-236
-419
-529
-310
-54
-85
-183
-189
-144
41
-11
-81
9
2
-33
-16
132
189
137
194
225
204
84
174
4
-215
-525
-361
-208
-314
-371
-382
-292
-213
-281
-327
-363
-283
-449
-687
-520
-260
-122
-271
-280
-293
-164
-193
-6
-42
-204
-182
-230
-258
-272
-99
-306
-677
-704
-853
-852
-988
-1355
-1199
-1370
-1062
-1070
-1085
-966
-1012
-1154
-1054
-1082
-922
-523
-796
-804
-635
-464
-489
-879
-706
-1157
-1411
-1216
-1027
-899
-1029
-809
-911
-982
-839
-1033
-1231
-1083
-987
-836
-760
-814
-949
-708
-698
-592
-465
-357
-138
-159
49
56
175
370
573
730
753
1076
785
937
944
754
782
759
541
432
329
143
349
250
299
526
578
358
350
521
601
566
734
890
778
609
869
688
586
478
380
447
-300
-83
-222
-168
-72
-118
12
288
153
-41
122
232
-103
-299
-202
-130
114
-118
-14
-228
107
422
91
100
115
317
349
259
352
251
434
447
338
153
72
5
-62
-398
-347
-223
-370
-340
-419
-343
-116
-73
-3
-97
-246
120
344
503
709
718
1010
1079
992
751
787
785
1044
981
901
1066
1193
1344
1357
1294
1235
1366
1288
1154
1276
1257
1404
1731
1814
1585
1236
1772
1932
1753
1668
1443
1377
1456
1090
1008
924
1021
646
175
140
-94
-79
-107
77
13
173
-62
-64
-26
-106
-213
-245
-122
-97
-188
-274
-246
-292
15
-159
-285
-409
-158
-53
1
-292
-424
-216
-480
-344
-690
-614
-441
-402
-612
-732
-482
-610
-648
-1003
-607
-647
-698
-579
-684
-681
-364
-203
-494
-149
-20
-158
120
14
-173
-259
-240
20
-96
183
120
87
99
-273
-600
-688
-593
-682
-748
-817
-1048
-1112
-1162
-1252
-1224
-1110
-1525
-1288
-1540
-1410
-1481
-1503
-1659
-2036
-1911
-1884
-1630
-1704
-1454
-1337
-1485
-1288
-1373
-1488
-1076
-1224
-1105
-1252
-1275
-1493
-1070
-931
-1032
-863
-843
-655
-691
-840
-983
-1181
-945
-893
-1005
-932
-608
-699
-973
-751
-573
-350
-350
-412
-655
-561
-467
-583
-297
-286
-559
-566
-278
-223
-619
-333
-465
-600
-192
-199
-74
-276
-315
34
-100
-168
-251
-519
-371
65
71
11
-444
-472
-485
-416
-4
-189
-355
-300
-250
-230
-44
-428
-234
-16
132
-25
-186
-263
-296
64
274
340
453
472
674
891
820
985
1065
934
1046
1024
873
863
648
552
635
547
355
562
424
442
481
64
384
111
90
71
63
-266
-492
-564
-807
-601
-551
-621
-566
-507
-210
23
114
58
-48
-45
147
166
79
-79
-79
294
277
553
29
142
169
48
432
325
382
148
175
430
161
239
156
-75
-287
-338
7
-74
-391
-219
-139
-244
-296
-415
-546
-617
-301
-532
-533
-583
-596
-378
-624
-429
-325
-286
-436
-685
-709
-675
-543
-742
-446
-392
-214
-90
-110
-135
-172
-210
-176
-165
-359
-549
-643
-497
-524
-278
1
208
726
759
683
763
577
290
169
216
214
383
361
341
343
247
465
479
414
575
482
692
593
708
752
717
810
672
986
957
864
606
552
492
535
74
302
519
363
792
589
747
948
916
738
884
814
426
210
110
370
117
176
-41
113
209
-188
-299
-407
-635
-911
-755
-938
-576
-589
-467
-273
-486
-640
-845
-1063
-747
-467
-524
-744
-891
-903
-818
-570
-659
-409
-450
-488
-458
-573
-716
-640
-688
-634
-581
-730
-985
-1072
-1033
-815
-683
-464
-523
-933
-1215
-1175
-1195
-1510
-1252
-1298
-1068
-1206
-1134
-1139
-1499
-1630
-1664
-1527
-1523
-1654
-1978
-2264
-2387
-1877
-2026
-2009
-2135
-2174
-2005
-2049
-1538
-1835
-1802
-1760
-1285
-1106
-651
-507
-927
-660
-676
-822
-437
-439
-816
-473
-137
-309
-112
-280
-444
-349
-316
-282
-431
-540
-514
-63
-216
-180
-524
-479
-299
146
434
402
317
208
346
350
710
799
761
419
420
645
670
406
623
706
544
640
421
182
-19
-215
-184
-259
-118
-8
-162
-108
-126
-56
-4
238
71
385
301
331
775
795
993
935
1188
1184
980
1254
1108
1021
531
685
693
755
740
651
1119
797
903
806
688
693
935
481
200
-46
20
83
284
334
-151
-96
-312
-212
-307
-90
-333
-755
-688
-452
-166
-140
-251
-75
-115
-433
-577
-294
-121
-560
-376
-295
0
128
532
1067
1813
2228
2907
3318
3626
4086
4186
3874
3493
3345
3004
2771
2092
2219
2063
1802
1892
2228
2566
2288
2582
2636
2869
2647
2607
2360
1610
1106
837
658
412
195
2
-342
-451
-459
-414
-549
-528
-70
40
-58
-49
-143
-109
-190
-743
-1042
-1389
-1875
-1979
-1878
-1983
-2184
-2412
-3184
-3319
-2341
-703
-177
132
1226
2106
2727
3512
3385
2034
1332
491
-372
-1270
-2008
-2882
-3257
-2624
-1469
-821
-290
256
1079
1541
1378
1165
177
-984
-1336
-969
-1177
-1524
-1688
-1623
-1857
-1218
-710
-1059
-1385
-1248
-398
-115
274
17
205
511
683
918
394
-823
-1830
-2115
-2656
-2975
-3037
-3034
-2479
-1848
-1070
-530
-617
-636
-713
-511
-660
-729
-718
-607
-435
-490
-649
-965
-1495
-2085
-2078
-1702
-1305
-1291
-743
-73
719
1102
1394
1259
661
423
81
-356
-676
-935
-1324
-1273
-1232
-836
-885
-1080
-1101
-596
-897
-780
-258
-440
59
338
623
789
619
433
225
-196
-583
-1143
-1326
-1285
-1278
-845
-635
-522
-337
-609
-390
-239
-265
-216
-418
-504
-399
-215
-175
-371
-530
-841
-940
-347
-429
-454
24
348
1079
1348
1166
992
1152
1220
1004
632
672
156
168
299
-14
218
-141
-9
-104
-57
-12
-187
89
539
952
1228
1455
1281
1277
532
311
202
-39
-244
-409
-393
-69
167
292
682
735
762
921
1197
1198
1172
1051
945
1043
1041
877
541
542
316
-80
-18
-72
-224
-356
-449
-84
318
286
596
691
433
549
551
336
215
87
55
157
182
272
135
-22
51
131
-244
-163
-109
-2
-2
169
376
218
236
148
85
272
-52
-663
-730
-806
-340
-202
-6
51
133
188
99
335
322
259
311
394
676
1190
1611
1336
1096
745
959
817
836
1213
1160
1279
1408
1661
1655
1781
1915
1977
2362
1940
1871
1786
1687
1822
1927
2155
2154
2438
2279
2221
2086
2129
2324
2009
1808
1825
1816
1859
2249
2162
2082
1936
1498
1351
718
134
179
155
312
539
749
1084
1045
1287
1115
792
506
331
-15
0
-14
48
7
482
524
130
123
-115
-343
-800
-741
-706
-849
-629
-675
-329
-69
-396
-167
-483
-426
-492
-362
68
13
-164
496
988
918
1272
1444
1473
1219
876
1086
1284
918
929
923
402
508
275
117
158
159
-145
-330
-53
45
160
-243
28
-148
-406
-570
-701
-655
-952
-1000
-1140
-1373
-1549
-1744
-1447
-1614
-1612
-1832
-2091
-2170
-2464
-2330
-2268
-2311
-2267
-2085
-2278
-1659
-1591
-1899
-1761
-1214
-1061
-1303
-1154
-1252
-942
-730
-957
-1055
-1171
-1275
-1164
-1283
-1363
-1326
-942
-896
-467
-86
-310
10
8
466
450
365
388
505
186
-95
-300
-809
-748
-818
-1174
-1022
-867
-756
-664
-707
-509
-542
-624
-633
-991
-959
-967
-1154
-1158
-1211
-1351
-1657
-1776
-1678
-1534
-1373
-1530
-1469
-1369
-1386
-1686
-1975
-1816
-1699
-1425
-1032
-1261
-1348
-1745
-1842
-1934
-2052
-1970
-1672
-1386
-1108
-790
-988
-748
-842
-538
-361
-337
-120
-40
395
357
313
133
110
186
58
243
288
399
714
717
746
816
1038
1042
989
1027
1159
1103
1101
1229
879
977
1213
1137
1289
1230
1282
1206
1035
1282
1291
1606
1355
1449
1696
1233
1094
818
584
-74
-150
-216
-785
-1096
-996
-870
-833
-843
-1330
-1076
-1149
-911
-716
-879
-512
-575
-646
-219
-321
-495
-532
104
-144
-15
155
55
340
525
848
773
1048
857
1242
1149
1374
1457
1083
773
812
909
810
612
517
1527
1941
1864
1871
2137
2283
2469
2190
1795
1768
1538
1717
1945
1698
1305
1128
914
1097
1377
1036
749
1024
1434
1560
1437
1319
1237
1278
1344
1127
459
-157
-39
440
428
-38
-279
-246
470
574
245
-162
-375
392
616
0
-265
-25
-22
760
1188
953
526
388
445
843
1097
429
-80
-232
-70
558
461
182
-155
-317
-312
249
265
342
430
59
423
1108
1237
1082
1016
630
1176
1380
1342
1562
1689
1820
2339
2327
2176
1756
1419
1606
1947
1544
735
634
523
1276
1318
1392
1124
1011
1124
1930
1840
930
935
1406
1751
1448
1374
821
469
437
382
1078
1063
496
932
754
964
952
169
-285
-348
-534
-227
-703
-934
-641
-496
-157
76
225
-115
-42
-50
5
-41
-382
-603
-800
-580
-526
-540
-1048
-1853
-1714
-1101
-719
-946
-723
-859
-538
-857
-606
-1081
-1594
-1387
-1371
-1377
-997
-594
-546
-98
213
112
-70
139
-349
-1372
-1443
-950
-1009
-763
-807
-594
-609
-116
-275
-451
-421
-694
-708
-1087
-861
-860
-1009
-1061
-431
-594
-1156
-1291
-1498
-1495
-711
-790
-1247
-1344
-668
-87
-69
149
-83
-357
-567
-79
-337
-641
-820
-605
165
244
-82
-452
-131
-25
-354
-835
-981
-1146
-1153
-1508
-1090
-802
-1258
-1780
-1892
-1734
-1698
-1962
-2931
-3240
-2438
-1890
-2082
-2438
-2251
-2031
-1871
-1050
-1882
-2595
-2570
-2793
-1948
-1096
-1456
-2129
-2095
-1898
-1986
-2052
-2637
-2987
-2931
-2733
-2647
-3260
-3640
-3618
-3615
-3883
-3494
-2613
-1583
-232
1277
2701
3104
2887
3310
2673
1842
1689
384
-499
-374
292
437
877
1857
3031
3207
3851
4631
4849
4814
5093
4478
3799
3418
2644
2035
1941
1424
1870
2291
1959
2274
2503
2333
2296
2643
2461
2401
2162
1997
1825
1225
781
56
-1036
-1810
-2506
-2621
-2592
-2229
-1943
-2128
-1991
-1596
-1646
-1828
-2829
-3259
-3760
-4249
-3686
-4244
-3785
-2849
-2647
-2043
-1756
-2304
-1865
-2178
-2872
-3368
-3563
-3882
-4633
-5207
-6575
-6066
-3164
87
831
1234
3000
4815
6750
6703
4450
763
-1207
-1765
-2975
-4346
-5349
-6021
-5020
-2067
868
2689
3807
5279
6871
7880
8032
6744
4799
3717
4300
4522
4327
2894
1420
1547
2080
2582
1994
1009
1095
3419
5674
6720
6996
6693
6803
7162
6602
4406
1632
-1504
-2435
-2519
-2568
-2846
-2777
-1886
-198
1710
2064
1107
-642
-1511
-1905
-2292
-3166
-4304
-4620
-4489
-4160
-3527
-3931
-5430
-5285
-5699
-6320
-4717
-4922
-5475
-3931
-3320
-2936
-2159
-4245
-6435
-7218
-9377
-10332
-9008
-4765
856
5421
5976
7846
10106
10043
8245
4931
457
-2618
-3612
-3566
-2872
-1909
-161
2222
4746
6672
8053
7017
5911
6045
5210
4575
3384
1953
1949
2692
3601
3722
2788
2081
1741
935
1231
1066
-250
-272
1116
2981
4485
4822
5016
5767
6069
5641
4502
2322
994
2980
4352
2234
-1775
615
2849
1983
1649
228
-2108
39
729
302
987
967
1979
3403
4590
4905
3166
630
1213
1219
-1860
-3640
-4123
-3666
-1454
107
794
583
-71
611
1136
-97
-697
-1474
-2634
-1401
351
189
-1887
-3590
-4976
-4502
-5758
-7917
-7889
-7525
-5639
-1993
243
904
1186
887
551
-1136
-4298
-6793
-8471
-8596
-8307
-8533
-9043
-7241
-5312
-5611
-6641
-8434
-9952
-11092
-9199
-5599
572
5690
7095
8247
10893
12130
9712
4890
-524
-4101
-5406
-6656
-7481
-7330
-5390
-3126
-234
2332
3389
3694
4302
5813
6603
6342
5819
4783
3847
3826
3299
1582
-73
-1416
-1283
-970
-1084
-180
529
1509
3712
6182
7659
7922
8480
9476
9904
8427
6644
4444
2039
876
277
-126
83
417
1343
2739
4360
5783
5764
4713
4110
4022
4356
4466
3384
1991
1144
64
-1273
-3397
-6092
-7214
-7830
-7211
-5295
-4281
-3568
-1714
-242
-478
-821
-2527
-4653
-7034
-9968
-11699
-12703
-13808
-13734
-14258
-13776
-11178
-9591
-8418
-6591
-6160
-5164
-3604
-4702
-4133
-4748
-7198
-9300
-10528
-12750
-13946
-17348
-19625
-15143
-6799
-1404
5476
12422
13356
16340
20414
16854
12021
7095
240
-3981
-6966
-7426
-9159
-10062
-7236
-3600
-520
3742
7765
8384
10298
13237
13140
11479
9097
6598
4263
2978
1965
-589
-3730
-5072
-4556
-4078
-4344
-4642
-4556
-2095
2461
6542
10079
12296
13784
15395
17027
15397
10098
5886
1969
-3620
-5411
-4384
-6953
-6301
-2711
-1425
2079
4688
4954
6342
6821
7844
8142
6327
6930
7441
3012
-465
-2799
-6614
-7257
-7035
-7932
-6264
-4055
-969
3249
4396
5347
5690
3375
1008
-1498
-4812
-7437
-8456
-9648
-10292
-10039
-9629
-8907
-8844
-9457
-8953
-7935
-8363
-7138
-6115
-4807
-2215
-2170
-4307
-4772
-5504
-7834
-12105
-15959
-18220
-22325
-24496
-20888
-9896
4618
22436
28068
21017
24088
32206
28831
18171
5193
-6386
-12011
-13729
-13547
-16560
-15823
-10694
-5172
2432
11745
16490
15347
16197
18714
17634
12554
5952
-56
-3599
-2336
-703
-1151
-3734
-4047
-1395
644
713
-159
-841
772
6735
14598
19035
18650
18759
21619
22374
16243
7666
-868
-6762
-8792
-6454
-3056
-1500
1865
7526
11569
14417
13664
9345
5848
3109
3645
2904
2089
2246
2792
4272
4581
2832
-428
-3854
-4731
-3855
-2125
-640
1086
3044
6329
9048
8114
3938
-799
-4507
-7664
-10573
-12295
-11717
-10098
-7946
-6189
-5602
-6483
-8801
-11364
-13863
-16603
-16382
-16238
-15212
-12801
-10830
-8038
-6407
-7995
-12185
-16723
-21524
-28028
-31977
-24870
-9036
13773
27778
18965
14407
26858
32745
22006
6670
-8374
-15280
-16227
-14678
-16028
-17290
-11319
-4434
2970
11550
17800
15313
11979
14190
14707
10494
3870
-2081
-6255
-5367
-1597
-1542
-5575
-7686
-4603
-1733
-500
-444
-1132
-1088
4377
13275
17747
15841
13098
14590
16071
11678
4029
-4069
-11246
-13543
-11317
-6463
-2355
907
5866
11237
14661
15742
12324
6596
2682
1945
1646
-333
-2513
-3415
-3201
-1011
-1471
-4861
-6652
-6623
-4345
-285
3306
6073
7809
9629
12149
10326
4858
-2071
-7701
-11123
-13538
-12980
-11440
-8465
-3824
95
2638
3183
3438
886
-6198
-9810
-11207
-11610
-10385
-9081
-6669
-2995
-942
2443
1145
-2626
-4858
-8788
-12716
-16388
-19082
-23365
-24982
-24908
-23387
-8496
16417
26077
14747
8871
18163
23923
20878
7107
-11035
-17660
-12114
-12754
-15867
-16255
-13002
-6211
2763
12641
15790
12612
10688
12427
11709
6786
851
-5754
-7764
-2194
4042
3544
-46
-1713
-527
1786
1652
-430
-4512
-4674
3172
13617
17303
14539
12125
13374
14252
10595
3392
-5174
-10329
-9726
-4819
-760
1290
3781
7368
11012
13077
11535
6590
2508
1806
2112
1877
1233
429
864
1796
2166
290
-1953
-3147
-3263
-1153
1609
3900
5093
5657
6533
6503
4696
11
-5294
-9061
-10517
-10306
-8921
-6231
-2105
1874
4061
3665
1045
-3413
-8952
-13827
-16037
-15593
-14549
-11342
-5409
-308
4535
7443
6084
1873
-4857
-11257
-17267
-20535
-22129
-25049
-28531
-29276
-26243
-22018
-2313
28201
27101
12847
18951
28260
31931
27728
7325
-8281
-10554
-9722
-12682
-19505
-18295
-15113
-9266
2679
15553
19257
17102
20434
23932
21656
14970
5549
-6188
-11383
-6433
-3602
-6504
-9160
-4837
-317
3194
5452
3686
-1735
-1576
7151
14392
15225
12475
13519
17966
18783
14508
6458
-4593
-11280
-13028
-11879
-9211
-7151
-3356
3328
9960
16132
16786
11607
6156
3533
1405
-1588
-4642
-7436
-6829
-2626
671
1407
691
20
664
1015
1641
1648
199
-543
1455
4439
4772
2494
254
-675
-2266
-3231
-3937
-4359
-3831
-2137
-815
-900
-2184
-4154
-6743
-9226
-9016
-8715
-8862
-7088
-3484
246
3575
5064
3963
1281
-1172
-5699
-10358
-12699
-14524
-15462
-15706
-14642
-11762
-10515
-11258
-11354
-15497
-20011
-24390
-24557
-3456
27342
24971
10005
15570
26200
31438
27302
1142
-20762
-18933
-13098
-15286
-18173
-15965
-13090
-1274
11875
21518
21933
15959
16545
18907
16831
10190
770
-11289
-12353
-3647
-1511
-4305
-7329
-4002
1455
7862
10332
7604
2370
3878
12021
16568
14734
7773
5542
8858
11691
8553
1039
-7569
-10055
-6896
-2190
314
204
1845
7835
12435
12767
8998
1514
-2428
-1678
-1092
-1527
-1362
-1200
2251
6176
7974
4517
-802
-5278
-6371
-3650
-1336
-234
284
3283
8498
11135
8498
2375
-2644
-5089
-6297
-6528
-7227
-6384
-2461
1616
3137
1766
-1916
-5858
-9779
-11963
-11994
-12787
-12418
-8524
-3617
-1188
617
2859
1854
-1130
-3319
-6435
-9739
-12374
-13957
-14342
-13600
-13057
-14049
-13676
-12413
-12989
-16407
-21192
-23561
-13502
11654
26464
14629
10474
20836
25002
24146
12351
-5578
-10830
-8158
-6559
-8995
-8574
-7849
-6509
646
9845
13193
10328
10834
15665
18872
17392
12953
4039
-4768
-4279
-2393
-6292
-11195
-9793
-5334
908
8551
10430
7971
6243
8883
10961
9089
3699
-793
621
6084
8936
6207
1804
-1643
-2289
-2760
-3155
-4586
-6802
-2654
4547
8457
10082
9230
8715
7974
5482
3796
787
-3263
-4969
-3575
1061
1808
872
1715
1553
2908
3404
2982
1163
-664
365
1442
3115
2926
1831
2768
1973
1157
903
-1627
-3269
-4758
-6153
-7433
-9425
-10377
-11479
-11849
-10035
-7633
-7421
-6260
-2945
73
1536
2439
2822
1191
-139
-2103
-6099
-10386
-12094
-13927
-14670
-14905
-15919
-16986
-18503
-16420
-14888
-16943
-17441
-10904
7647
24063
20014
14752
18543
21778
19896
12140
-3229
-11432
-13050
-13776
-13254
-12222
-7357
-4973
1108
12878
21107
20471
18199
19850
18963
16197
9592
1855
-6809
-9189
-7689
-8383
-9255
-8208
-4085
535
8240
12439
11737
9375
10636
12614
10493
6314
2589
905
1784
3369
3049
-64
-3866
-3696
-1394
161
1619
1626
1698
4765
8928
8872
5026
4551
4803
5286
5233
4874
5219
3171
2087
4021
2870
1067
-1158
-2633
-1592
730
3932
4163
4377
4436
5130
4967
2549
-929
-3198
-2551
-3203
-3325
-2770
-2092
-3258
-3545
-4952
-7535
-11138
-13829
-14280
-14105
-10233
-7130
-4650
-199
3611
4727
3641
2158
-18
-4718
-7681
-9618
-12353
-13258
-11587
-9956
-7954
-8012
-8525
-9933
-10577
-11543
-16066
-18467
-19405
-13774
3004
16310
13909
10836
14731
17917
17486
11210
-1427
-7161
-8003
-5455
-5567
-6469
-4660
-3277
2904
9913
15115
14375
14048
15786
16113
14346
8583
2130
-5304
-4701
-2523
-2945
-3990
-2851
581
4066
7349
7067
6162
3788
5143
7559
8189
6605
4358
4757
7349
8342
5432
1298
-2158
-3038
-2145
-1627
-615
472
1866
5839
9004
8817
4947
3612
4656
4282
4937
6601
5260
4783
5338
6490
4358
-1947
-4628
-7206
-5628
-795
1099
2383
3509
6696
8648
7429
4221
-1404
-4236
-5217
-5861
-6879
-6937
-5476
-5023
-4563
-4189
-6882
-10888
-13017
-13564
-11843
-10100
-7536
-3760
1016
4432
3870
2480
356
-3385
-7791
-11879
-14606
-15910
-14833
-11323
-8465
-8250
-9777
-12286
-14230
-17809
-22844
-25561
-20428
-5103
11332
16275
16739
20028
23328
21407
14685
741
-9546
-14524
-16174
-13442
-11743
-7625
-4754
218
8298
15312
16900
14799
14665
13331
13146
10173
5405
-867
-3728
-2544
-2831
-4065
-5549
-4600
-2553
3318
7120
7411
6543
8278
10810
11837
9272
5742
4188
4256
5924
6246
4578
1594
157
904
2434
1447
-260
-93
2454
4590
7243
7483
5187
4395
5315
5531
4683
4383
2156
1433
3635
4425
3298
-30
-2648
-1736
-1592
-334
789
764
2380
3619
3104
2382
1250
-593
-1836
-2389
-2251
-2930
-2792
-2846
-4422
-6132
-8695
-11958
-15100
-16087
-14866
-12521
-8342
-4251
1103
6748
9329
9029
5669
1637
-2355
-6831
-11137
-15086
-17170
-17006
-16712
-13673
-10569
-10305
-10096
-10920
-11453
-13221
-16558
-17147
-15484
-6154
9337
13400
9531
12830
16728
16361
13822
2996
-6014
-9105
-8994
-7611
-9092
-6156
-3920
150
7063
14002
16895
15164
16886
18052
16569
12552
7927
1702
-2310
-2109
-2515
-3584
-3775
-2347
-1410
2985
5235
4590
3631
4904
8658
10950
10964
9953
10527
11752
11856
8996
4492
-135
-2904
-3013
-2447
-2114
-933
1155
4291
7222
8508
7886
5508
4050
4682
4692
4776
6359
4511
4709
7208
6030
2767
-2565
-6092
-7143
-7811
-5760
-4436
-1616
1421
3941
6021
5887
6362
3685
1243
-12
-2198
-4991
-6954
-9067
-10707
-12426
-14067
-15135
-15749
-13320
-11605
-9230
-5056
-1269
3092
5424
5054
4317
2199
-1063
-5674
-9103
-11660
-14604
-15833
-14589
-13100
-10611
-9199
-9166
-8958
-10004
-10983
-15029
-19090
-20250
-17606
-6978
9337
15100
10364
13412
18709
20185
19883
8902
-2012
-5302
-5140
-5416
-9110
-9067
-7412
-3772
3871
11839
16496
17371
18603
20693
20294
15465
8719
-460
-5779
-5677
-6234
-6759
-6676
-3584
21
5631
7907
6610
5314
5558
7772
8842
7881
5893
6069
8866
12012
9666
6280
2583
-878
-1884
-2963
-3532
-3519
-2676
895
5225
7362
7841
7279
7086
6201
6018
5050
3496
1448
313
1547
1424
-961
-3119
-6341
-6591
-4682
-3469
-2766
-2881
-1159
980
4105
4587
3466
2941
2236
1031
-1564
-4363
-7272
-10056
-12169
-13253
-15172
-15985
-15280
-12999
-9845
-6617
-2812
-841
1380
2835
816
-742
-2161
-4851
-6718
-8397
-9227
-10296
-11334
-10702
-10762
-11869
-12807
-13408
-13970
-15557
-19656
-21813
-19677
-18233
-15477
-9582
3508
16450
13794
13684
17633
16745
16716
8308
-2634
-5272
-7301
-6854
-8679
-9771
-6552
-2839
2753
9729
15431
17960
20125
21513
20403
16053
9185
981
-6496
-8870
-9080
-8569
-8968
-4287
629
4528
8879
8767
8066
6747
6203
7954
7423
5606
7172
8388
10056
9211
5841
2360
-1797
-4595
-5484
-5038
-2795
-688
2855
7335
8942
9903
8933
7219
6255
5165
2723
1740
627
795
2832
-261
-2560
-3211
-6797
-5423
-5021
-5009
-1195
-645
2631
4657
5422
6336
4346
3406
946
-2628
-5046
-7574
-8920
-9648
-10156
-10150
-11522
-11162
-10786
-10576
-9297
-8120
-4017
-789
1043
3827
3728
4336
4595
1863
-4
-4508
-9945
-13234
-14652
-13827
-12690
-11437
-8969
-5706
-2041
1096
577
-2291
-7474
-12481
-17606
-24221
-28627
-26597
-7774
11172
8719
8753
17593
25763
32767
26770
12135
4793
710
-1221
-8233
-13225
-11835
-11450
-6128
4013
12693
17379
20412
24825
27126
24521
16850
6501
-2798
-5792
-6583
-8410
-8595
-6247
-3283
1491
8506
8652
5622
2901
4731
7956
8553
7009
6004
8376
11978
11483
7733
3645
-2283
-5469
-6477
-6054
-4791
-4139
-1587
4567
9046
11285
9355
6789
7013
7051
3845
-230
-1233
-3627
-1937
-41
-1704
-434
-2283
-2651
550
-1296
-228
-3107
-4151
-308
1023
3730
2257
827
1410
416
-1053
-5326
-8572
-9029
-8557
-6537
-5915
-6095
-4733
-2892
-611
-903
-2468
-4149
-7115
-5721
-4443
-4706
-3392
-3383
-2646
-1196
-1418
-2003
-4083
-6013
-5866
-7070
-7935
-7923
-8303
-7257
-8117
-11566
-16658
-21247
-24405
-29637
-32509
-24795
-1388
14585
9166
13031
22729
28909
32767
20441
6126
119
-5176
-8468
-15003
-17525
-13908
-9711
-2180
7860
15979
18977
20903
23192
21897
18314
11065
1113
-6028
-6552
-6386
-7795
-7907
-4118
-587
2811
7634
6841
5545
4020
5856
8060
8140
7954
7656
8758
9973
8520
4440
7
-5735
-7721
-7149
-5651
-3231
-932
3874
8167
10087
12337
9300
4455
2844
908
-1644
-3650
-4698
-4265
-1278
363
847
682
-1954
-646
-733
-1035
948
-1629
-312
1885
2877
3340
1193
423
-1474
-3377
-4882
-7037
-7826
-7042
-4743
-2927
-2068
-1114
-569
-1181
-2041
-4464
-5766
-7113
-8555
-7453
-6377
-3625
-1057
-67
1448
2429
1274
-841
-3088
-5530
-7494
-9676
-10736
-10434
-10245
-10539
-10881
-13305
-16275
-18868
-22682
-27287
-27034
-16081
6624
17100
11274
16566
25121
30998
30779
15677
3276
-2772
-5987
-9019
-15485
-16086
-12780
-7532
1318
11492
17363
20326
22460
23798
21708
15130
5769
-4608
-10081
-8816
-8041
-8459
-7146
-2020
2423
7509
9482
6471
3983
1853
3715
5131
4684
4011
4787
7267
10690
9443
5316
851
-4546
-5804
-5572
-5120
-4284
-2405
2810
8737
11750
11482
8807
5460
3938
2995
-906
-3233
-2423
-972
4048
5537
4283
5210
2476
3431
2133
-1698
-1855
-4624
-2970
-259
627
2241
1639
2870
2804
1141
-728
-4245
-5349
-5386
-4271
-2949
-3676
-2566
-1480
-1577
-820
-3630
-4427
-5127
-7472
-6264
-6091
-3633
-716
-64
2720
4208
2738
702
-3704
-6339
-7663
-10412
-11358
-13236
-13713
-11906
-11291
-13214
-16493
-19893
-21769
-22559
-19833
-6485
12669
15042
13211
22212
26443
29486
24115
8097
170
-5233
-7550
-11742
-16968
-13000
-8156
-2882
6127
14241
18883
21479
22235
21436
16341
9234
193
-7701
-9387
-7633
-7868
-7592
-3277
2374
4737
7967
7100
3822
2326
1650
3135
3356
3543
4330
6927
10160
11117
7696
3909
-196
-3670
-5253
-6577
-6088
-4795
-1123
3556
6486
8966
9005
6450
4125
3523
735
-905
14
-1055
1932
4520
2889
3399
762
54
119
-3749
-3476
-4353
-3620
-416
1760
4043
4216
5570
6109
3468
1071
-3494
-6516
-7658
-8176
-7519
-7469
-7028
-4197
-2586
-192
-350
-2161
-2176
-3866
-4411
-5432
-5717
-3165
-1432
76
1070
999
318
-2486
-4919
-7247
-10288
-12525
-14547
-15946
-16138
-19125
-21067
-23596
-23619
-19214
-14139
1386
17398
18182
20519
26794
28716
28746
18271
2953
-5588
-10832
-13101
-18462
-18942
-12332
-4964
3485
12972
21143
24863
25407
24913
21499
14596
5538
-3273
-10095
-10296
-8420
-9246
-8146
-3445
1066
5241
8624
6492
5888
4415
5646
7316
6405
6629
7208
8095
10191
9784
5986
3098
-973
-2614
-3810
-4831
-4058
-2947
-8
3595
5236
6782
6360
4495
4420
5673
3953
513
1110
1508
2402
3544
946
429
-902
-2159
-974
-3459
-2245
-1791
-2313
879
2264
3373
3002
2160
2842
1028
338
-1758
-4598
-4842
-6566
-8005
-9588
-10621
-8788
-7535
-5742
-2694
-1709
69
-211
303
611
-2594
-3289
-4055
-5075
-5202
-6147
-5273
-4745
-5994
-5715
-8064
-9762
-10972
-15991
-17810
-19981
-23538
-26244
-28455
-20588
-25
17278
17199
16410
25042
30543
31763
21182
4706
-3367
-8939
-11028
-16741
-20059
-16061
-11372
-2719
8490
16833
21595
22872
24715
25777
21200
12782
2195
-6288
-7603
-7615
-10684
-12020
-9360
-4738
41
7115
7818
6992
7120
8415
10888
9444
6808
5295
6960
9353
8815
4629
1108
-2599
-3596
-3679
-4114
-3827
-3329
238
3735
4791
4277
1913
765
3048
4351
4508
4403
4735
6182
5394
4461
3068
-2056
-3742
-5406
-5172
-2791
-2124
1179
2058
4580
6212
5068
5237
3617
1914
664
-2081
-2749
-4216
-4341
-5074
-7005
-7519
-8448
-9561
-9161
-9060
-7665
-5157
-3132
-330
1214
2854
2065
492
-301
-3608
-7420
-8809
-11462
-12550
-12522
-12295
-10347
-11335
-14128
-18338
-24734
-26879
-26337
-22494
-6192
13714
17761
15801
23957
30421
31342
22632
5600
-6009
-12944
-14080
-18124
-21559
-16676
-10773
-3098
7506
15438
18778
20368
21167
21223
17685
11234
4610
-2303
-3396
-863
-3688
-6915
-6418
-5882
-4905
-988
-1105
-1044
1586
5696
11809
14936
15598
14022
12287
12629
11569
5503
665
-3839
-6519
-5866
-5965
-4627
-3302
-203
4573
6410
6813
6685
3855
1757
1117
1760
2495
849
2608
5951
6225
6739
1525
-2982
-3739
-6623
-6273
-7778
-7069
-1388
3066
6976
8875
7897
7344
5389
2656
-1004
-4108
-6221
-6473
-5895
-5575
-5840
-7882
-10573
-11484
-12460
-13753
-12055
-10390
-5915
-1212
3017
7576
9005
8311
5291
-165
-4358
-10848
-18239
-23133
-27600
-30037
-30413
-30053
-27662
-22403
-10325
12738
27861
23026
21161
27424
31519
29633
15506
71
-9470
-15274
-17856
-26330
-30108
-24433
-16878
-5807
7045
17812
23827
27232
29497
26698
18617
8426
-2608
-10616
-10791
-9224
-9804
-8566
-3487
455
3027
5064
1895
-818
-2027
1149
5340
7003
10410
12856
16169
19387
16684
9817
3012
-4320
-8499
-10786
-11394
-9602
-6662
69
6302
10023
11720
9247
6181
5013
3638
504
-1601
-921
1389
4233
4228
3607
2863
1051
1026
-1518
-4328
-3359
-3891
-2336
913
2933
5916
6399
6945
6064
2253
-1129
-4671
-7228
-6026
-5340
-4967
-4068
-3972
-3967
-6202
-9214
-12619
-14549
-15008
-14506
-10898
-5743
-440
5103
8243
9055
6821
1428
-5046
-10699
-16866
-24546
-30490
-32219
-30455
-23502
-8461
10303
17343
15786
22648
29505
31326
25398
10976
124
-5980
-9173
-15039
-22822
-23769
-19530
-12815
-4925
2715
8267
12733
17385
20106
18649
13239
6354
-328
-3168
-2924
-4221
-7125
-6792
-2430
-124
1806
1057
-1370
-1915
-320
3770
5921
7058
9305
12358
15315
15980
10888
5150
250
-4010
-6094
-8318
-8558
-7432
-4591
261
4372
6368
6617
5453
4783
4870
4165
1618
-580
-498
758
2338
2003
255
275
-161
-157
-543
-1731
-2022
-1729
-823
1144
2837
3875
5047
4775
3536
1696
-1213
-3503
-4760
-5872
-6695
-7172
-7382
-6856
-6355
-7229
-7959
-8247
-6934
-5544
-5168
-3509
-1524
35
1050
87
-2069
-4451
-8699
-12196
-14814
-17974
-20772
-23693
-21378
-14345
-5648
9908
19052
15610
18425
24185
25694
22484
9796
-499
-6353
-9043
-10934
-17465
-18646
-14694
-9223
-2346
4244
9110
11606
13923
15865
14410
9172
2211
-3982
-6944
-6142
-5230
-6961
-6461
-2329
686
3717
3625
1190
565
673
3194
4277
4174
5662
8084
11673
14478
12787
9549
6194
2263
-67
-3547
-6403
-7880
-7722
-4585
-1473
1208
3792
4980
6015
7165
6829
5481
3524
2184
1351
-54
-913
-1896
-2522
-1833
-926
-656
-571
378
1328
2155
2635
2738
3547
3648
4021
3564
1454
-42
-2129
-2689
-3338
-5527
-6468
-7763
-8122
-7233
-7771
-8381
-8232
-7351
-5842
-4616
-2198
-670
-3
1905
2177
27
-2658
-7571
-13249
-17994
-22335
-26724
-29970
-26546
-15781
465
17517
20585
19795
27407
31888
30196
20438
6362
-2206
-8665
-11635
-17081
-22381
-19675
-14471
-7151
805
7951
12502
14762
18436
19963
16598
10540
3838
-1401
-3593
-4974
-7336
-10060
-9676
-6526
-4674
-2180
-2301
-2378
323
4238
8580
10141
10813
11807
13543
15255
13907
8392
3863
-63
-2832
-3439
-4866
-5184
-4851
-2255
1660
3659
4584
4567
3053
3501
5051
3845
1152
58
415
750
580
-1030
-2077
-1733
-1067
789
158
-233
1265
1082
2741
2759
1458
2318
2284
3022
2985
833
-2
-745
-576
-824
-3157
-4894
-6573
-7452
-7475
-8274
-8930
-8716
-6768
-4496
-2472
-228
339
1225
1837
258
-1488
-4812
-9485
-13447
-18161
-22902
-26807
-29404
-23718
-11104
5754
16537
13017
17359
28261
31684
27140
12452
1762
-2753
-6424
-10514
-20022
-22378
-17084
-10901
-3298
2959
7551
10669
14007
17261
16099
10877
5056
-78
-1580
-401
-1241
-4422
-6435
-4083
-2938
-2560
-2899
-5967
-6040
-2817
1772
4607
5818
7855
10723
14199
16462
13307
7963
4118
-57
-2456
-4552
-6614
-7423
-5597
-1397
1957
3240
3202
3049
3053
3909
4205
3208
1710
1642
2721
1994
287
-3099
-5763
-5125
-5000
-3733
-2930
-1566
1556
3844
6079
6053
4601
4081
3511
2115
359
-1831
-3268
-3277
-2117
-2004
-2875
-3778
-4978
-5657
-6430
-7822
-8938
-9441
-7744
-5437
-2805
154
1223
2249
3343
1763
-1063
-5869
-12099
-15891
-19804
-24243
-27862
-29023
-20708
-5303
11039
17440
13904
19569
28254
29772
23396
6986
-2608
-5682
-7569
-11301
-19817
-20192
-15443
-8480
-924
3758
7805
10708
15062
18919
17673
12321
6100
1254
-228
-470
-2913
-6068
-7034
-3387
-1979
-750
-867
-3150
-2255
137
4810
7299
7523
8716
11614
14617
15686
12108
6559
2087
-1611
-3039
-5489
-7357
-7798
-6416
-1596
2823
4641
5075
5287
6254
7166
5051
2297
708
-3
719
26
-2375
-3929
-4715
-3745
-2969
-3443
-3189
-1782
206
2342
3156
3062
2801
4195
4952
3558
1695
-480
-1342
-1612
-1307
-2233
-3889
-4528
-4552
-4570
-4592
-6386
-7610
-7236
-6188
-4098
-1849
652
2576
4001
5400
4488
1031
-2789
-8582
-13734
-17647
-21287
-24587
-27340
-26138
-20158
-7045
10490
19450
17679
19403
26407
29069
24123
10665
-1745
-7183
-9632
-12423
-18937
-20082
-15395
-8931
-1128
4818
9174
12007
15353
18656
18289
13703
6863
1198
-1722
-1366
-2937
-6079
-6712
-4521
-1938
-136
318
-1553
-1627
368
4631
7020
7376
8822
11611
15328
16717
14224
8888
4080
-208
-3157
-6382
-9176
-9935
-8850
-4483
298
3783
5971
6552
7576
8275
6730
4222
1385
-292
-344
-810
-2220
-3327
-3679
-2781
-2345
-2685
-2894
-2102
-1023
-94
841
2052
4698
5843
6119
5305
3347
1275
-956
-2484
-3691
-5460
-5945
-5923
-5521
-4484
-4711
-5476
-5613
-5067
-4574
-3549
-1733
-439
1020
3068
4151
2680
-156
-4244
-9244
-13227
-18071
-22725
-27624
-30737
-27949
-18524
-2125
13519
16656
15940
23172
29846
29974
20787
5687
-3475
-8410
-11268
-17453
-23833
-21994
-16634
-8269
-811
4665
9748
14039
18586
20898
18214
11450
4137
-1399
-3782
-4683
-7516
-10231
-9470
-5145
-1176
1675
1464
837
1735
3876
6992
6534
5951
7264
11330
15352
15409
12044
7928
3684
594
-2119
-6505
-8983
-9739
-7217
-2812
1160
3487
4197
4704
6082
6462
4188
1189
-771
-1409
-789
-107
-1296
-1882
-1529
-517
138
-1377
-2913
-3823
-4252
-2556
-1058
764
3135
6016
8523
8510
5829
3246
572
-2026
-4156
-6782
-7793
-7120
-5867
-4634
-4143
-4682
-4864
-4822
-4129
-2989
-2085
-1165
870
2440
3178
2773
-184
-3848
-8250
-12622
-16730
-20576
-24181
-26026
-25261
-18433
-4489
12077
20063
15862
18466
26857
28548
22531
7204
-3376
-7120
-9743
-12672
-19963
-20169
-14870
-8781
-2238
3771
9597
13360
17340
20745
19993
14339
6806
-21
-3911
-4589
-6902
-10607
-10459
-4715
-735
2094
3559
2477
2824
3616
5883
5785
5478
7462
10302
14114
15635
13095
8713
4670
668
-2416
-6066
-8483
-8945
-6496
-1202
3139
5447
6053
5702
5524
4469
2049
-414
-1813
-2556
-1455
454
735
1923
1598
1089
883
-2171
-3722
-4842
-5648
-3184
-1576
2077
5944
8263
10336
8867
6186
3011
-951
-3581
-5446
-6984
-6370
-5224
-4018
-3158
-3394
-4105
-5020
-4744
-4642
-4896
-3495
-1628
449
2708
3429
2012
-1881
-5932
-9691
-13509
-16933
-20292
-22513
-22162
-21680
-19633
-9152
10499
23071
16629
13257
20395
25457
25612
12482
-1965
-6269
-6892
-7228
-16039
-20656
-17512
-13915
-6584
180
6558
11505
16083
21758
23181
19259
10989
1200
-4160
-5178
-7918
-12088
-12470
-7422
-2024
2124
5679
5028
3717
3800
5509
6241
5513
5775
7143
11244
14962
14128
10215
6694
2561
-1342
-4399
-6409
-7070
-5934
-1846
2572
5457
6770
5928
4857
4617
3322
714
-1869
-1953
879
2222
2947
2931
1540
2686
862
-2291
-3344
-6608
-6092
-4430
-2529
2279
4242
7656
9995
9108
7623
3730
-159
-3012
-5194
-6047
-6778
-6377
-5757
-5420
-5527
-6616
-6731
-6595
-6451
-5773
-4520
-1900
801
2996
4062
2405
-1188
-5961
-11901
-16702
-21217
-26490
-29590
-29840
-25635
-14276
5425
21226
19135
17455
24314
28723
27931
14900
-380
-7829
-9963
-9374
-17279
-21697
-18521
-14036
-6233
-513
5123
9351
12953
17745
19842
17344
11442
3866
-1463
-2902
-4758
-9005
-11863
-9792
-5659
-1875
1295
1744
2217
3396
6233
8374
8099
7739
7610
10539
13121
12175
8390
4131
400
-1752
-3316
-4607
-4816
-3482
-764
2083
5119
5817
4717
3433
3469
4316
4083
1790
525
1509
2704
2599
101
-1738
-1089
-683
-1431
-2780
-3116
-1927
-508
641
2283
4497
5984
7384
7264
6687
4677
1533
-802
-2798
-4623
-5457
-6644
-7175
-6430
-6328
-6563
-6879
-6384
-5324
-4793
-3248
-1602
94
2477
3431
1773
-556
-4106
-9682
-15612
-21114
-25828
-29675
-29819
-23357
-10658
7781
18526
15863
18997
26183
28554
24077
10208
-806
-6838
-9031
-10752
-18689
-19613
-15930
-10331
-3464
1346
6489
9261
12738
16012
15835
12075
6183
1489
-726
-1374
-3227
-7209
-8907
-6471
-4477
-2442
-1879
-1697
316
2421
6462
8256
9159
9830
10296
12418
12672
10124
6421
2594
-889
-2320
-3811
-4459
-4241
-2380
865
3186
4439
4233
3740
3352
3573
3475
3488
3779
3957
3325
2563
611
-1585
-3208
-5415
-5117
-4223
-3915
-1726
-588
2149
4206
4376
5426
5484
5486
4297
1820
572
-559
-1459
-2308
-3577
-4268
-5103
-6648
-8004
-8410
-9091
-8902
-7519
-5886
-4377
-2023
149
1887
3357
2939
282
-3811
-7959
-14143
-20894
-26648
-30965
-30511
-23269
-8188
10124
15776
14466
21367
28166
30257
20898
3673
-5195
-8437
-8523
-13863
-21386
-19329
-13607
-5592
-156
3290
7376
10018
12668
14777
13705
9314
3944
16
-736
648
-1689
-5996
-6523
-4814
-3042
-1872
-3264
-3778
-2828
1399
6212
7689
9784
10914
13160
15783
15865
11834
6158
1841
-371
-2086
-3690
-4741
-4866
-1755
2299
5304
5990
4973
3990
4468
5394
4860
3524
3593
4876
5809
5125
1958
-1924
-3471
-4795
-6087
-6509
-5755
-2660
492
3280
5912
6222
6326
6559
5742
4428
1609
-1158
-2689
-2707
-2300
-2779
-3984
-4085
-4791
-5883
-6946
-8876
-9665
-9228
-7919
-5405
-2467
-162
1889
2968
3248
1571
-2311
-7926
-13998
-20709
-27067
-29885
-26562
-15743
343
11182
11374
16302
24991
28029
24786
11864
-788
-8140
-10803
-12018
-18626
-19193
-15682
-9309
-1026
3990
7362
7737
9427
11439
10839
7426
2206
-966
-1129
828
351
-2800
-3737
-2819
-2133
-886
-1925
-4150
-3918
-1685
2386
4580
7351
9703
10956
13372
14062
11442
7356
3608
190
-1270
-1513
-1874
-3060
-1838
768
2274
3322
4069
3526
3061
4958
6000
5268
5117
5498
5086
4666
3090
554
-1892
-4452
-5858
-6146
-6198
-4777
-3337
-335
3270
4898
5525
4688
3841
4272
3870
2147
-2
-1365
-1615
-2667
-3341
-4480
-6147
-7344
-7818
-8076
-7638
-6663
-6079
-5080
-2588
-739
452
2110
2136
294
-2354
-6199
-11422
-17431
-22838
-24828
-21765
-12398
1830
7443
8314
16295
23019
26676
22194
9855
197
-6955
-9297
-14881
-21398
-19577
-15281
-7240
-48
5759
9935
11776
13223
11895
8489
2852
-2447
-5531
-5516
-2521
-508
-420
657
1737
1378
596
-2564
-5250
-6660
-5244
-1237
2332
6960
10375
13855
17304
17613
13217
6759
873
-2994
-4864
-5375
-4306
-3029
799
4943
6554
6393
4729
1932
498
812
1403
2354
4390
5757
6412
7413
6119
2956
-1402
-5311
-6244
-7323
-7018
-5292
-3791
569
3455
4944
5968
4475
2675
-201
-2205
-2505
-3034
-2346
-920
13
-88
-1123
-3260
-5567
-7895
-10156
-11106
-10053
-7893
-4681
-602
2614
4569
4942
4125
1784
-2214
-7711
-13133
-17767
-21696
-23434
-21373
-15309
-4726
8599
11044
9768
14888
19154
21375
15100
4318
-2594
-6505
-6687
-11970
-17477
-16340
-13533
-7204
-1468
3818
7661
9617
12414
13593
11916
6368
-466
-5251
-5551
-3807
-3967
-4271
-1661
1697
3832
3872
1026
-2274
-4803
-3643
-1754
797
4927
8262
12783
17532
19057
15828
9770
3263
-1477
-3823
-4736
-5793
-4836
-1197
2870
6117
7283
6089
4213
3480
3811
4218
3993
4099
4658
6222
6813
4539
1110
-2013
-4682
-6069
-7015
-6995
-5137
-2287
1387
4590
6879
7465
6097
3480
605
-2072
-4626
-6156
-5547
-3086
-902
221
303
-1069
-3084
-5736
-8644
-10463
-10400
-8526
-4427
-569
3200
6355
7575
6903
3234
-1866
-6858
-12584
-18610
-23047
-25765
-23599
-16891
-6920
7253
13669
12442
14847
18338
20928
16726
6134
-1844
-6876
-6962
-8748
-14724
-16185
-14333
-9221
-4405
-66
3877
6370
10406
13096
13876
10630
5080
-23
-2935
-2708
-3612
-5957
-5738
-2685
947
3270
2052
-286
-2840
-2358
-321
360
2230
4823
9097
14217
17728
17553
13677
8486
4000
97
-3464
-5806
-7297
-6822
-3511
422
3172
4490
4728
5430
6124
6752
6814
6071
5614
5753
5434
3385
480
-2776
-5176
-4876
-5350
-5228
-3838
-2820
1346
4445
5856
5488
3400
2621
789
-1277
-2835
-4313
-3566
-1967
-61
1136
418
-1466
-3899
-6219
-8391
-9904
-10371
-9306
-5480
-728
3579
6542
7535
7116
4251
414
-4691
-11281
-16689
-21464
-24628
-24080
-19461
-11804
-376
10338
12673
14161
17821
19955
18842
11852
4139
-2301
-6047
-6797
-12332
-16309
-16505
-14137
-9403
-5632
-336
3552
8306
12700
14363
12979
9007
4891
616
-1863
-3426
-5909
-7414
-5943
-3617
-1279
-719
-640
-1257
-1193
1190
2081
3211
4937
7685
10859
13579
14823
13019
9864
6488
3362
443
-2393
-4984
-6170
-5287
-3176
-1473
73
2024
3162
4584
6006
6804
7408
8002
7791
6321
4394
1198
-1555
-4210
-6516
-6423
-6117
-4396
-2665
-893
2581
3882
3675
2940
2224
1782
674
-827
-1807
-1941
-1551
-1271
-1703
-2363
-3653
-5810
-7214
-7949
-8143
-7762
-6739
-4675
-1874
662
2743
3909
3679
3079
329
-3547
-8021
-13637
-18873
-23205
-24704
-21561
-15305
-4337
7224
9438
12558
18229
21742
22638
14760
5314
-1326
-4767
-6374
-13157
-18110
-18263
-14947
-9155
-5572
-1383
2384
7146
10795
12240
11731
7976
4435
1328
888
581
-2692
-5079
-4883
-3820
-2575
-3329
-4272
-3958
-2267
1297
3384
5562
7589
8996
11330
13360
12754
9939
7129
5092
3635
2191
399
-1817
-2861
-2497
-2297
-2347
-2039
-2235
-1086
1630
3968
5519
7078
9042
10493
9599
7015
3901
-693
-3658
-5338
-7296
-6554
-4886
-2657
1478
3671
5186
4905
3068
3037
1628
501
-140
-1065
-199
324
767
114
-2174
-4127
-6060
-7666
-8401
-8524
-8034
-6267
-3262
-341
1346
3024
4570
5422
4200
1032
-3002
-7746
-11984
-18161
-23484
-25399
-23242
-15673
-3661
6668
8716
12536
19132
23438
23542
15762
5791
-1574
-5149
-7212
-14250
-18482
-18768
-15448
-8830
-3769
1627
4450
8263
11426
12771
11238
6806
2501
-563
418
1288
-768
-2911
-2922
-2372
-1557
-2730
-4973
-6949
-5804
-1644
1648
5386
7936
10285
13282
15621
14636
10359
5868
2780
1407
623
-678
-2086
-2334
-1573
-1193
-1368
-1942
-3087
-2845
-679
2424
5305
6810
8056
9789
10384
9299
4987
-966
-4504
-6478
-7586
-7855
-7088
-4497
-178
3169
5661
5926
3836
2607
1604
750
-242
-2003
-1643
-373
307
339
-2029
-4613
-6565
-8371
-9368
-9841
-9494
-7898
-5271
-1649
1034
2094
3291
4378
3487
822
-2703
-8350
-12933
-17660
-22030
-22321
-18857
-11193
363
6174
8325
14115
18606
21449
18523
10308
3058
-2518
-5160
-9053
-14665
-16026
-15426
-10959
-6380
-2196
1912
5008
8812
10768
11333
8139
4664
1724
-74
416
-322
-2276
-3010
-2626
-2010
-2200
-3800
-5385
-7094
-5237
-1749
1072
3759
6184
9485
12634
13508
11505
8088
4258
1944
573
-667
-1813
-2440
-2340
-1869
-1331
-1365
-2649
-3428
-1986
819
3590
5411
6894
8034
9683
9535
6392
1924
-1749
-3849
-5337
-6161
-5736
-4038
-1100
2160
4385
5402
4961
3616
2030
875
-185
-1209
-1571
-682
433
741
157
-1657
-3563
-5645
-7428
-8935
-9454
-8006
-6394
-4095
-1288
482
2071
3214
3027
991
-1986
-4922
-9422
-14560
-19786
-22084
-18781
-12943
-3171
6038
7229
10861
16861
20038
20109
13284
5342
-948
-4409
-5822
-11152
-14540
-14750
-11547
-6423
-2708
1083
2889
6384
8912
10478
9376
5530
2313
85
915
1793
-115
-2033
-1990
-1782
-830
-2176
-4171
-5975
-6044
-2987
-2
3053
5455
8231
11034
13428
13026
9759
5678
2270
713
-46
-342
-930
-1221
-85
1367
1031
-620
-2287
-2530
-1260
1235
3905
5751
7796
9317
9871
8589
5005
184
-3742
-5524
-5747
-5349
-4353
-1741
2306
5506
7228
6967
5218
2998
585
-873
-2755
-3688
-3159
-1564
416
1382
1560
-122
-2561
-5060
-7351
-9134
-9750
-8739
-6747
-3377
-183
1475
3107
4071
3044
1051
-2726
-8273
-13823
-17657
-18128
-15775
-11013
-582
6904
8278
12145
15536
17699
16521
10084
2990
-2078
-3708
-5531
-9690
-10861
-9848
-6856
-3421
-186
2649
4744
6913
7735
9077
7161
4277
1313
-365
430
565
-772
-1180
-310
527
691
-1023
-2614
-4870
-4978
-3371
-1489
947
3768
7132
10553
12763
11933
9318
5091
1627
-377
-2045
-2651
-2661
-1478
507
1902
2176
1352
-263
-1367
-1512
-409
1155
2312
4255
6411
7587
7076
4303
746
-2719
-5223
-6314
-6073
-4677
-1867
1829
5062
7973
8349
7020
4426
951
-1893
-4084
-5671
-5948
-4840
-2653
-722
449
901
-129
-2272
-5006
-7299
-8514
-8879
-7829
-5368
-2607
-297
1458
2853
1716
-561
-3806
-8187
-12335
-16840
-18735
-16692
-10002
2242
8357
7358
11323
15941
18348
16084
7497
-552
-4781
-4744
-6727
-11477
-11660
-10047
-5940
-2036
1279
3281
4726
6770
7194
8859
7054
3776
72
-1589
-1016
-848
-2378
-3090
-2167
-642
971
405
-799
-3142
-3034
-2024
-505
1071
2449
4870
8188
11309
11691
9983
6534
3076
958
-338
-1464
-2570
-2141
-449
1327
2579
2091
702
542
808
1165
1845
2135
3564
4782
5636
5769
3168
890
-1547
-4067
-4663
-5109
-4406
-2173
1043
4595
7280
8402
8241
6480
3617
364
-3506
-5745
-6536
-6702
-4995
-3403
-1423
-103
85
-654
-2705
-4676
-6079
-7381
-7193
-5274
-3308
-740
1043
2374
1952
-151
-3366
-7967
-13026
-17496
-18668
-16117
-8761
2667
7816
9181
14419
18421
20013
16237
8263
780
-4954
-6746
-10194
-13913
-12946
-10675
-5907
-1854
2283
4255
5631
7314
7382
7361
4717
2705
164
-284
639
273
-1075
-1491
-1162
-1027
-1014
-1546
-2336
-3420
-2340
-978
582
2500
4719
6635
8774
10334
9725
7658
4549
2107
328
-204
-548
-1153
15
1673
2423
2345
1457
316
-853
-492
1167
1784
2576
3838
4637
5575
5149
2892
-217
-3328
-4336
-4859
-4969
-3831
-2511
911
4814
6913
8181
7695
5643
3370
258
-2788
-5405
-6816
-6010
-4922
-3314
-1762
-1365
-1443
-2075
-3375
-4666
-5269
-5840
-5133
-2834
-342
1728
2566
2857
2025
150
-2485
-6432
-11005
-15861
-18712
-17879
-13877
-7607
3074
9495
10586
14707
17863
17960
15070
8254
814
-3503
-5422
-7760
-11751
-11239
-9437
-5927
-2415
256
2776
4771
6854
7196
7915
5979
4130
1389
407
859
178
-1311
-1723
-1208
-1109
-1031
-1836
-2579
-3894
-3269
-2105
-227
1952
4084
6622
9129
10534
9456
7368
4126
952
-1000
-1896
-2235
-2106
-1082
473
1717
2403
1871
243
-1287
-592
768
1191
1566
2398
3605
4709
4647
2064
-1118
-3333
-4275
-4459
-5019
-4684
-3012
87
3794
6488
7143
6411
4609
2552
254
-2871
-5578
-6687
-5961
-4522
-2706
-1663
-1354
-1741
-2767
-4283
-5697
-6157
-6120
-4829
-2115
1101
3185
4659
4976
3406
700
-2885
-7510
-11990
-15236
-18321
-19783
-17270
-12841
-5942
5399
10649
11142
13558
15632
16366
13360
6858
506
-3808
-4843
-6969
-10715
-11317
-10973
-8074
-5439
-2028
447
3096
5537
7356
9198
8003
6532
3216
1535
1405
586
-1385
-2554
-2844
-2342
-2295
-2853
-3841
-4411
-2924
-858
1861
4460
6748
8742
11124
12016
10814
8132
4710
2105
612
166
-593
-1385
-217
1073
2096
2416
1132
132
-288
626
1768
2092
3000
3717
4710
5170
3254
854
-1202
-2380
-3000
-3534
-3217
-2099
161
2897
4199
4997
4051
3011
1969
77
-1561
-3305
-3750
-3074
-2058
-1160
-496
-1060
-1998
-3459
-4603
-5727
-6303
-5707
-4366
-2019
670
3199
3887
3855
2944
1228
-1312
-4627
-8199
-11431
-13447
-15044
-16965
-17846
-15506
-10534
-2511
5932
7905
9123
13273
15837
16518
13435
7279
1960
-1735
-3663
-7993
-12337
-13686
-13238
-9449
-5755
-1165
2057
5627
8925
11721
12199
8842
5128
1688
827
578
-1064
-3380
-4440
-4153
-3188
-3056
-3808
-4849
-4230
-1385
2179
4862
6297
7796
9377
11123
11010
8649
5587
3545
2406
1136
365
-672
-1292
-1120
-667
-115
-507
-1302
-683
421
1772
3825
4220
4480
4753
4104
3374
1793
-402
-1826
-3089
-2901
-1911
-977
382
1779
2709
2938
2645
2014
1343
120
-179
-501
-1086
-579
-188
-175
-470
-1349
-2711
-3760
-4481
-4964
-5388
-4772
-3127
-2072
245
1480
1714
2062
2087
1270
-781
-3021
-5839
-8039
-9766
-11925
-15209
-17817
-18029
-15512
-10870
-3265
4835
7673
10485
14357
16554
16858
13231
6258
196
-4109
-7198
-11501
-14607
-14313
-12196
-7155
-3065
1493
4530
8800
10999
12227
11154
7757
4844
1175
-190
-1584
-3474
-5648
-6265
-5531
-3724
-3628
-3436
-2684
-829
1970
4062
5584
6489
7503
8727
9549
8894
7756
5838
3344
1878
1302
-76
-2153
-3570
-3548
-3259
-2381
-1190
-754
659
2907
4779
5601
5163
4711
3779
2105
1238
-293
-2107
-2055
-1815
-776
648
1157
781
471
153
535
511
-85
536
761
1931
2026
1775
1389
172
-813
-1608
-2769
-4103
-4647
-4705
-4653
-4501
-3893
-3426
-3257
-2591
-1684
-898
-159
3
-515
-1962
-2640
-4684
-7879
-10947
-14317
-17501
-18865
-16833
-13184
-7885
1290
8081
10030
13348
15486
15900
13748
8741
2006
-3993
-6721
-9074
-11582
-11310
-9646
-6327
-2338
2093
5220
7545
9547
10162
10875
9081
6581
2940
19
-987
-2064
-3548
-4552
-4899
-4023
-2570
-835
501
754
2135
3948
5313
5769
6268
6802
7959
8961
8210
6572
4894
3304
1328
-94
-1268
-2906
-3468
-2775
-1702
-194
1174
1996
3096
5136
6264
5408
3806
2600
2242
1490
357
-772
-1630
-473
858
1054
1211
720
127
133
249
591
666
1319
2364
3103
3082
2571
1684
723
-6
-1180
-1958
-2567
-3201
-3437
-3479
-3659
-4075
-4601
-4556
-4215
-3207
-2313
-1620
-445
365
132
-1435
-4456
-7703
-11045
-14491
-17381
-19350
-17783
-13707
-8070
747
6231
9213
12367
13448
13734
11862
7143
1269
-2981
-5628
-7362
-9491
-9165
-8327
-4972
-1761
1273
3623
6209
8301
9214
10275
7855
5505
2197
439
-946
-2119
-3799
-5003
-4710
-3277
-1716
-690
-123
527
1828
3305
4619
5264
5382
6375
7478
8039
7785
6547
4284
2677
1655
146
-1279
-2820
-2824
-2356
-832
603
1336
2503
3294
4090
4875
4257
3532
2358
1219
997
198
-133
-451
-1552
-549
-132
-392
-745
-953
-298
443
1071
1655
2083
2763
3461
3047
2721
1846
584
-342
-1165
-2056
-2775
-3843
-4308
-4441
-4668
-4631
-4965
-4626
-3584
-2289
-913
-32
433
912
-22
-1669
-4172
-7428
-10530
-13220
-15850
-18327
-18569
-14497
-8402
-803
5546
7300
9870
12931
13590
11776
7354
1840
-1799
-4424
-5221
-7205
-7851
-6896
-4761
-1868
1333
3211
4581
6502
7218
8311
6727
4180
1143
-743
-1561
-1903
-2848
-3704
-3775
-2489
-1184
-1097
-1300
-1351
-535
1251
2661
3518
4287
5664
7545
8560
8058
6434
4084
1651
423
-632
-1293
-2267
-2346
-831
1375
2500
3262
3288
2914
3796
3883
3264
2976
2620
2972
3067
1879
1251
244
-652
-370
-908
-1156
-967
-952
307
1340
1544
2310
2283
2543
2792
1848
1102
150
-324
-247
-984
-1474
-1756
-2865
-3358
-3935
-4694
-5455
-6164
-5510
-4845
-3763
-2043
-1474
-1126
-376
-839
-2733
-5529
-8303
-10923
-13603
-15646
-15466
-12754
-9196
-3868
1075
3895
6120
8492
9001
7595
5382
2154
-1011
-2423
-3248
-4990
-4897
-4271
-2721
-798
1265
2292
3485
5258
5539
5955
5300
3786
1975
461
-495
-922
-1235
-1747
-2058
-1411
-730
-266
-288
-366
179
1185
2487
3294
4161
5306
6527
6997
6857
6158
4355
2695
1910
1153
544
114
69
559
2145
3348
3439
2787
2297
2968
3211
3395
3553
3179
3325
3272
2340
1566
155
-888
-1436
-1868
-1499
-479
459
1086
1348
1394
1244
810
972
758
531
465
315
359
153
-365
-968
-1974
-2935
-3734
-4233
-4234
-4887
-5220
-5056
-4701
-4134
-3274
-2826
-2438
-1686
-1244
-1797
-3138
-4931
-7682
-11014
-12375
-11855
-11459
-9349
-5008
-1558
1046
4665
6211
6103
5794
4367
1074
-802
-2276
-3619
-4048
-3986
-3104
-1339
645
2817
4018
4287
4498
3901
3379
2417
1607
265
-336
-496
-604
-509
-622
-689
-881
-1029
-945
-731
-491
-146
1027
2474
4245
5454
6161
6233
6022
5318
4002
2534
1594
1282
1403
1919
2532
3367
3761
3720
3781
3073
2379
2307
2739
3381
3368
3220
3420
2907
2504
1984
500
-353
-1085
-1204
-1060
-1014
-651
-273
187
278
-284
-957
-1524
-1755
-1428
-953
-471
-100
552
796
970
834
-366
-1886
-2976
-3318
-4251
-5089
-5423
-5852
-5300
-4187
-3788
-3460
-2656
-1886
-1985
-1953
-2191
-3634
-5731
-7388
-7741
-8311
-8791
-7333
-4897
-2602
-407
1320
2574
3915
4441
2924
579
-164
-984
-2163
-1799
-1740
-1856
-139
1567
2816
4476
4943
4149
3455
2854
2309
1385
295
-228
392
1482
1828
1755
1286
718
647
249
-364
-510
-450
636
2942
4831
6072
6962
6795
6324
5630
4207
2527
838
210
1004
2816
4073
3434
3069
2553
2848
3111
1655
1256
1632
1989
3550
3475
2813
2655
1954
1628
1042
217
-461
-1044
-1029
-242
-99
-932
-2095
-3084
-3114
-3297
-3896
-4120
-4129
-2589
-632
385
1038
711
398
-273
-1238
-2437
-4059
-5162
-5414
-4718
-4432
-4752
-4421
-3786
-3111
-2642
-2301
-2121
-2131
-2155
-3051
-3964
-4879
-5121
-4795
-5071
-5517
-5624
-5051
-3704
-2723
-2666
-2807
-1637
-195
-14
-113
-281
-209
87
-409
-852
-845
-7
879
1485
2295
2839
3016
2088
1066
302
-389
-549
-624
170
1276
2590
3031
2612
2158
1715
899
-53
-467
-205
1206
2952
4974
6561
7338
7015
6257
5614
4695
3509
2739
2302
2599
3515
4161
4798
4517
3639
3247
2854
2409
2652
2719
3334
4030
3868
3828
2970
1923
1506
831
189
150
251
744
863
699
87
-1072
-2390
-3523
-4587
-5046
-5148
-4581
-2825
-1087
561
1787
2334
2270
973
-614
-2038
-3428
-4765
-5376
-5136
-4288
-2950
-1998
-1479
-1531
-1675
-2105
-2279
-2696
-3286
-3304
-3310
-3834
-3518
-3062
-3371
-3823
-4216
-4185
-3926
-4037
-4005
-3154
-2554
-1715
-789
-924
-923
-457
-452
-397
-25
-226
-168
941
2183
2895
3216
3174
3023
2706
2076
871
227
468
1094
2005
3006
3444
3671
3804
3189
2763
2208
1586
1319
2194
3555
4769
5494
5972
6425
6571
6202
4800
3075
2184
1961
2321
2366
1921
1675
1448
1562
1642
1156
661
1182
2320
3950
4736
4090
3183
2334
1504
144
-1605
-2811
-2789
-1881
-827
-179
-242
-791
-1139
-1821
-3047
-4301
-5313
-5487
-4407
-3021
-1529
-169
660
1664
1818
1248
-9
-1607
-2969
-3995
-4222
-4115
-3516
-2709
-1609
-674
85
21
-653
-1061
-1708
-2455
-3170
-3614
-3760
-4041
-4498
-4672
-4658
-4284
-4579
-5357
-5530
-5218
-4922
-3645
-3282
-3750
-3194
-2225
-1555
-1437
-1568
-1548
-1108
80
801
736
1076
1748
2260
2538
1970
955
969
1272
1362
1409
1591
2126
2999
3735
4184
4029
3648
3099
2696
2594
2243
1988
2310
2801
3785
4938
5525
5677
5502
4904
4579
4113
3058
1843
657
-230
-433
-406
0
645
1261
2226
3458
4082
4423
4445
3932
2938
1713
412
-987
-1708
-1914
-1661
-1185
-731
-559
-466
-727
-1267
-2053
-3012
-3926
-4247
-4133
-3696
-2810
-1913
-1051
-653
-185
393
624
434
-155
-1056
-1915
-2334
-2915
-3425
-3504
-3130
-2533
-1704
-859
-282
62
-145
-477
-1304
-2114
-3163
-3816
-3520
-3289
-3043
-3008
-3780
-4164
-4047
-4013
-4029
-4295
-4578
-4377
-3495
-2994
-3331
-3396
-2903
-2213
-1495
-1334
-1600
-1133
-254
785
1478
1258
1141
1253
1153
1266
1195
795
619
1152
1945
2539
2916
3273
3654
4378
4896
4254
3278
2807
3198
3409
3364
3359
3405
3977
4957
5078
4348
3267
2351
1845
1129
-41
-472
-370
385
1370
2053
2660
3258
3946
4341
3666
2713
2046
1356
934
255
-752
-1029
-576
-79
219
207
159
-66
61
-257
-876
-1327
-1330
-1149
-1112
-871
-629
45
717
1119
983
696
341
265
137
196
-97
-581
-809
-858
-734
-482
-90
217
250
137
171
-305
-1021
-1634
-2306
-2989
-3321
-3481
-3474
-2972
-2234
-1859
-1976
-2323
-2554
-2909
-3229
-3720
-4082
-3990
-3864
-3622
-3387
-2921
-2492
-2056
-1894
-1654
-813
-197
-129
-198
9
367
1033
1337
1386
1214
1045
1141
1270
1557
1469
1556
1976
2467
2702
2717
2485
2482
2976
3092
2956
2901
2965
3722
4686
5018
4558
3663
2852
1852
625
-747
-1549
-1681
-981
259
1256
2233
3377
4176
4356
4204
3731
2850
1828
1085
348
-152
-438
-506
-408
-110
-9
-317
-371
-558
-566
-544
-472
-285
-194
-68
131
258
166
-150
-321
-440
-208
-506
-685
-516
-530
-409
-443
-1071
-1785
-2078
-1950
-1575
-1221
-671
-410
-254
-594
-1157
-1617
-1987
-2734
-3138
-3367
-3340
-3178
-3023
-3108
-3336
-3180
-3013
-2758
-2517
-2200
-1818
-1324
-985
-934
-1131
-1493
-2067
-2684
-2883
-2847
-2490
-1690
-867
-215
571
1252
1293
1102
1097
1198
991
287
-37
20
252
691
885
880
767
693
908
833
866
859
743
1250
1927
2522
2794
2701
2497
2245
1656
626
-764
-1402
-1442
-1018
-151
812
1357
2222
3027
3432
3699
3529
3256
3041
2933
2333
1820
1251
861
632
346
-7
-112
118
231
226
351
618
708
818
877
1294
1576
1468
1319
832
603
455
61
-185
-110
5
-220
-558
-753
-605
-383
-175
-249
-122
-45
-465
-720
-1201
-1426
-1433
-1604
-2146
-2444
-2815
-3123
-2913
-3181
-3253
-3351
-3370
-3253
-3080
-2537
-2303
-1904
-1480
-1267
-1756
-2386
-2632
-2838
-2786
-2773
-2799
-2473
-1758
-838
-549
-150
353
765
909
760
498
141
217
181
-188
-676
-496
-298
-178
-24
-189
-229
100
515
506
207
425
985
1529
1705
1529
1007
792
427
-351
-1466
-1999
-1785
-1188
-420
540
1435
2114
2856
2872
2753
2609
2522
2196
2222
2100
2097
2134
1952
1872
1573
1262
670
460
454
683
1130
1536
2221
2736
2897
3068
2795
2477
2057
1005
250
-11
101
174
42
141
607
1030
1134
862
749
924
1277
1084
858
830
974
1007
418
-157
-328
-453
-684
-1195
-1548
-1635
-1444
-1221
-1413
-1619
-1712
-1444
-1115
-1003
-957
-475
-253
-726
-1344
-2029
-2250
-2407
-2530
-2555
-2309
-1612
-921
-487
-501
-220
-182
-322
-439
-601
-870
-767
-647
-1333
-1702
-1904
-1817
-1779
-1745
-1828
-1936
-1464
-1115
-1348
-1205
-641
-297
27
217
203
-99
-649
-1286
-1985
-2760
-2971
-2866
-2310
-1375
-262
663
1313
1792
1836
1798
1509
1304
1297
1694
1867
1847
2039
1675
1175
519
25
-389
-936
-1370
-1229
-471
729
1639
1894
2327
2420
1970
1552
1012
355
-225
-788
-1124
-1294
-1300
-866
-659
-565
-293
-185
-112
-104
34
561
830
1033
935
541
638
518
61
-665
-1400
-1682
-1869
-1917
-2095
-1930
-1024
-383
-193
-149
-104
98
458
369
-274
-1194
-1420
-1467
-1918
-2374
-2791
-2656
-2215
-1610
-1471
-1567
-991
-590
-287
-450
-740
-840
-857
-769
-1018
-1267
-1492
-1588
-1512
-1514
-1623
-1679
-1279
-1016
-687
-537
-391
-56
365
819
1358
1386
995
744
200
-719
-1400
-1825
-2150
-1777
-1265
-579
-233
474
1158
1876
2591
2605
2463
2459
2623
2533
2268
2171
1864
1477
1219
798
722
452
151
-16
249
822
1674
2361
2457
2403
2463
2602
2270
1621
941
535
696
422
52
-314
-234
117
97
119
167
566
891
1463
1716
2154
2615
2583
2174
1454
795
378
52
-348
-888
-1202
-1224
-891
-568
-511
-237
231
489
559
682
271
-30
-415
-792
-1156
-1551
-1854
-2036
-1957
-1992
-2044
-1790
-1533
-1386
-1498
-1674
-2023
-2132
-2165
-2223
-2108
-2115
-1970
-1955
-1822
-1759
-1724
-1566
-1467
-1183
-1237
-1054
-902
-651
-183
-221
91
1
-80
-151
-317
-375
-793
-748
-807
-840
-980
-950
-667
-451
-271
-49
385
918
1440
1859
2241
2354
2399
2264
2213
1947
1575
1119
672
608
498
388
758
1139
1419
2165
2495
2358
2223
2216
2140
1979
1774
1844
1659
1418
1285
838
850
685
443
96
-94
69
240
341
743
1262
1888
2462
2531
2466
2329
1949
1316
436
-274
-514
-435
-553
-776
-549
-240
-42
-66
-28
150
210
232
-22
-217
-247
-638
-849
-905
-939
-1109
-1293
-1519
-1806
-1955
-2112
-2431
-2634
-2862
-2688
-2404
-2056
-1711
-1751
-1832
-1865
-1807
-1779
-2002
-2326
-2291
-2113
-1915
-1673
-1618
-1699
-1404
-1355
-1114
-975
-739
-539
-623
-662
-610
-477
-534
-365
-298
-277
-275
-367
-318
22
197
460
1013
1399
1912
2121
2049
1780
1653
1444
1090
594
208
228
179
359
410
654
775
1199
1420
1262
1242
1254
1256
1082
994
826
686
772
834
676
392
251
159
243
100
-79
50
582
1005
967
840
941
1198
1188
1040
831
900
771
623
-7
-477
-577
-412
-335
-459
-278
-46
208
334
25
-183
-77
-21
-180
-339
-323
-196
-98
-213
-390
-765
-842
-1026
-1278
-1371
-1687
-1641
-1675
-1593
-1791
-1869
-1372
-762
-752
-938
-919
-678
-402
-519
-1076
-1225
-797
-613
-435
-443
25
722
1142
1131
990
955
999
815
499
465
763
1239
1340
1203
1345
1659
1944
1942
1983
2138
2700
3067
2761
2743
2696
2723
2512
1870
1166
629
475
131
58
314
696
1335
1558
1358
1376
1513
1748
1537
1071
611
413
496
466
361
359
349
345
202
103
55
-31
-159
-207
44
532
936
1212
1459
1417
1398
1222
821
431
82
24
-75
-427
-713
-663
-587
-359
-584
-659
-665
-725
-666
-781
-715
-653
-507
-438
-577
-654
-816
-725
-927
-1237
-1475
-1474
-1324
-1528
-1408
-1309
-1285
-1324
-1386
-1331
-1111
-893
-709
-569
-488
-256
-145
-460
-607
-710
-798
-878
-840
-627
-263
-3
175
368
255
39
18
-64
-134
-166
-150
27
188
297
101
249
709
1134
1468
1788
1953
2039
2095
1656
1250
1065
1124
957
703
786
888
1075
1279
1118
1248
1432
1501
1226
1143
1143
1115
1120
897
553
630
826
858
614
343
298
109
55
103
-183
-244
-70
117
-8
31
26
18
95
232
453
332
282
-20
-362
-450
-442
-650
-768
-804
-729
-575
-312
28
176
168
445
144
101
17
67
192
233
179
-10
123
112
168
22
-531
-964
-1032
-1154
-1298
-1036
-689
-488
-195
-93
159
680
911
973
663
477
273
-45
-112
-335
-324
-251
-32
174
237
255
190
-32
-19
-93
-415
-551
-381
-226
-229
64
277
438
659
663
707
849
1002
1066
1146
1111
1042
1135
1072
1182
1280
1293
1495
1660
1752
1821
1905
2030
2122
2129
1964
1847
1925
2128
2001
1497
1181
1162
1138
952
895
507
463
395
-30
-247
-368
-338
-298
-349
-500
-406
-477
-555
-570
-667
-480
-558
-633
-625
-759
-853
-1054
-1414
-1749
-1802
-1708
-1575
-1566
-1372
-944
-617
-515
-487
-453
-377
-620
-633
-894
-1077
-1147
-1441
-1220
-973
-872
-699
-801
-986
-1032
-1264
-1371
-1275
-1056
-569
-247
237
617
683
785
878
701
434
97
-98
46
166
438
637
678
839
877
691
484
491
341
201
195
257
548
626
907
871
540
627
367
345
150
199
398
396
547
727
880
1039
1065
786
883
1127
1172
1242
1354
1601
1876
2215
2271
2240
2400
2177
2077
1753
1487
1068
777
627
622
617
647
777
831
768
630
548
388
516
522
402
347
185
52
-96
-291
-326
-475
-599
-559
-556
-648
-714
-840
-1092
-1417
-1509
-1564
-1466
-1112
-719
-405
-199
-209
-277
-210
-458
-799
-1019
-1201
-1334
-1196
-970
-959
-755
-706
-836
-1034
-950
-1039
-996
-1105
-1208
-880
-483
-107
260
270
146
181
-63
-242
-627
-659
-818
-786
-573
-567
-504
-557
-584
-792
-790
-606
-456
-337
-348
-214
151
516
379
546
534
302
47
-16
-74
15
297
307
289
223
314
489
616
639
649
779
848
1051
1451
1477
1820
2111
2178
2246
2371
2234
1951
1677
1277
1081
924
767
687
528
448
585
670
672
792
694
737
796
836
988
930
1031
814
600
39
-194
-360
-562
-678
-742
-767
-938
-1026
-1098
-864
-834
-1184
-1211
-1076
-1027
-740
-389
-373
-306
-269
-333
-568
-817
-1019
-1339
-1656
-1898
-1986
-1797
-1493
-1401
-1271
-1109
-1144
-1025
-827
-784
-601
-617
-677
-477
-636
-578
-487
-402
-642
-803
-958
-1037
-1077
-1111
-980
-1012
-879
-749
-818
-690
-666
-608
-595
-515
-326
-84
293
259
401
416
215
146
-89
-107
-354
-245
60
48
88
106
142
31
-48
186
387
494
626
880
1069
1057
1024
1092
847
902
989
842
690
551
366
114
-42
-390
-306
-395
-483
-616
-444
-350
-218
-11
37
-25
-227
-229
-579
-977
-1371
-1817
-1957
-2172
-2207
-2023
-2061
-1835
-1775
-1805
-1837
-1738
-1595
-1658
-1657
-1405
-1537
-1405
-1168
-1064
-897
-773
-775
-880
-1115
-1284
-1640
-2034
-2045
-2023
-1953
-1766
-1388
-1179
-935
-733
-740
-705
-611
-542
-592
-627
-779
-707
-816
-995
-1020
-841
-1117
-1326
-1342
-1376
-929
-799
-768
-890
-837
-659
-363
-352
-74
60
363
449
152
516
876
1108
1149
1232
1323
1233
1194
1098
1056
1025
720
705
835
1002
1310
1478
1786
1799
1748
1853
2091
2054
2003
1707
1562
1641
1676
1786
1555
1523
1496
1234
1129
1155
1009
856
868
872
851
1204
1281
1388
1665
1636
1659
1474
1305
1045
796
554
234
-77
1
-64
-224
-176
177
317
417
338
187
181
-158
-421
-517
-430
-385
29
213
521
700
638
621
319
28
-18
-428
-735
-686
-632
-467
-253
-156
-244
-337
-242
-462
-664
-811
-855
-578
-572
-500
-457
-691
-884
-1270
-1437
-1645
-1643
-1732
-1606
-1468
-1517
-1407
-1361
-1333
-1497
-1447
-1419
-1337
-1403
-1168
-1039
-725
-758
-808
-581
-722
-749
-786
-758
-802
-855
-604
-752
-776
-645
-645
-284
-54
136
373
599
828
929
1019
1049
830
710
400
259
174
62
68
-122
-61
0
6
146
99
-64
169
157
253
305
392
665
643
781
525
444
404
224
-19
-108
-385
-400
-190
-409
-226
-196
33
138
80
82
-16
-17
-221
-235
-200
52
138
273
508
375
514
345
125
-38
-143
-354
-477
-572
-559
-342
-168
-184
-128
-5
158
220
123
476
315
127
-118
-325
-509
-525
-507
-703
-778
-709
-770
-882
-1058
-1025
-1133
-1292
-1318
-1371
-1278
-1064
-988
-883
-527
-432
-505
-273
-237
-354
-338
-272
-326
-201
-338
-445
-524
-800
-715
-862
-688
-470
-208
-88
248
559
717
692
726
923
833
567
504
250
131
-41
-175
-457
-635
-608
-849
-839
-792
-504
-310
-164
-176
-293
-250
-153
87
175
186
-30
-282
-512
-540
-882
-1135
-1153
-1316
-1213
-1125
-1121
-974
-997
-1033
-899
-939
-1020
-885
-977
-1088
-997
-831
-888
-718
-408
-338
-235
-200
-261
-154
-264
-398
-627
-506
-149
-169
29
352
403
399
278
276
376
383
467
470
367
369
535
437
348
174
90
44
60
-85
-109
102
84
34
-151
-64
128
137
310
287
127
267
466
539
616
721
514
375
206
133
61
55
-22
-36
-132
-156
-41
-209
-232
117
348
639
1049
1271
1296
1295
1232
1196
938
749
688
688
626
613
843
670
844
756
725
791
844
894
749
902
1104
1185
1348
1154
1241
1183
1033
993
855
803
579
500
203
275
315
480
405
563
597
583
758
640
639
640
934
790
939
1203
1336
1303
1370
1416
1054
990
721
491
419
335
299
219
429
389
470
453
679
621
430
403
140
-157
-400
-413
-822
-905
-943
-932
-803
-816
-717
-634
-819
-943
-1131
-1052
-1256
-1112
-963
-613
-593
-446
-342
-418
-261
-506
-351
-243
-57
-91
-26
-278
-446
-372
-361
-455
-551
-546
-450
-253
-108
-75
49
302
527
809
950
912
872
830
806
751
514
484
482
270
131
56
121
453
473
622
793
647
575
619
567
380
272
48
33
-135
-208
-388
-453
-473
-650
-433
-661
-652
-217
-207
-81
-103
-96
-22
-128
-238
-158
-347
-316
-210
-270
-225
-318
-386
-181
-97
6
22
9
-55
-14
-224
-289
-399
-666
-667
-532
-487
-539
-466
-698
-674
-332
-236
-368
-341
-332
-222
-169
-259
-210
-220
-407
-193
64
-16
-22
-100
-1
122
274
312
-9
-36
-227
-416
-458
-481
-360
-224
-391
-187
-46
-38
-80
-176
-164
-483
-694
-860
-1135
-1347
-1435
-1445
-1369
-1232
-1131
-1109
-1159
-1244
-1385
-1436
-1399
-1360
-1220
-1095
-1087
-1052
-1205
-1247
-933
-944
-833
-479
-79
303
729
949
974
843
822
783
574
717
480
332
441
365
448
255
78
436
446
422
617
581
591
524
754
852
885
901
714
667
575
602
660
698
910
884
979
739
562
375
200
262
200
-29
-162
-116
-282
-332
-299
-328
-471
-663
-720
-794
-873
-853
-950
-801
-682
-883
-655
-455
-581
-642
-725
-929
-697
-571
-580
-541
-363
-268
-240
-272
-310
-147
-354
-482
-380
-398
-300
-254
-266
-245
-455
-634
-608
-573
-824
-1072
-1176
-1231
-1325
-1098
-821
-701
-397
-107
-70
-155
-175
-212
-116
-244
-276
-299
-331
-229
-295
-362
-368
-350
-664
-629
-471
-452
-572
-437
-224
-331
-238
-173
-169
-105
-143
-119
-39
74
285
289
28
-217
-292
-338
-500
-451
-275
-168
-234
-236
-111
6
-67
-28
149
35
61
58
47
34
84
174
-30
-117
-183
-564
-657
-715
-719
-624
-424
-99
-8
232
206
449
558
546
510
662
645
460
299
27
176
151
74
98
275
194
33
-23
-155
44
59
-12
-133
-148
-65
72
195
187
203
94
238
152
39
-176
-575
-684
-879
-929
-879
-701
-793
-919
-604
-490
-459
-278
-76
-30
219
324
292
414
579
457
487
333
123
26
-340
-357
-375
-421
-125
-62
127
573
755
1133
1109
1079
1256
1576
1461
1301
1421
1264
1139
1077
1135
1010
1099
1100
1172
1205
1271
1438
1218
1065
788
774
684
870
1116
1372
1615
1843
1994
2158
1952
1896
1735
1514
1522
1332
1269
1200
1273
968
950
928
1016
1059
1155
1289
1463
1472
1524
1542
1770
1884
1721
1595
1194
1168
1046
1044
1037
945
932
548
401
366
519
550
425
506
566
798
1153
1079
1228
1279
1195
1006
728
595
408
310
55
316
236
171
197
-78
-109
-246
-10
18
106
-17
-47
-244
-165
127
-99
-77
-15
22
-125
-65
-180
-377
-408
-253
-256
-565
-654
-953
-1028
-926
-877
-692
-670
-485
-405
-166
-173
-176
-353
-419
-760
-867
-784
-820
-748
-828
-681
-530
-305
-384
-201
-193
-430
-348
-383
-596
-540
-579
-714
-640
-709
-841
-687
-681
-456
-543
-568
-582
-813
-889
-1106
-1263
-1394
-1377
-1406
-1287
-1087
-847
-696
-731
-851
-623
-751
-714
-967
-1132
-1127
-1302
-1310
-1488
-1619
-1419
-1391
-1377
-1395
-1443
-1362
-1709
-1863
-2041
-2175
-1969
-2014
-2015
-1855
-2029
-2035
-2217
-2453
-2634
-2832
-2731
-2763
-2624
-2540
-2459
-2470
-2687
-2753
-2765
-2938
-2859
-2625
-2558
-2334
-2330
-2209
-2033
-2021
-1833
-1717
-1637
-1416
-1075
-919
-709
-520
-270
64
378
479
485
673
633
706
1167
1297
1323
1422
1476
1635
1620
1677
1654
1605
1457
1451
1507
1493
1744
2021
2172
1956
1883
1687
1756
1819
1556
1466
1232
1134
1117
1281
1269
1243
1223
1382
1229
964
1023
885
532
759
378
2
-19
-118
-13
105
129
188
407
462
387
377
233
255
264
305
145
-7
56
-57
-48
-146
-144
-68
144
194
417
632
1056
1382
1709
1856
1922
2033
1901
2047
2196
2320
2324
2396
2601
2766
2771
2702
2864
2708
2601
2560
2829
3117
3149
3326
3361
3450
3300
3364
3148
2951
2727
2565
2365
2221
2212
1942
1819
1694
1827
1668
1376
1191
1083
992
874
784
285
269
121
-20
186
31
-34
-58
-110
-106
-180
-158
-343
-460
-568
-593
-631
-563
-734
-757
-799
-811
-710
-619
-774
-793
-554
-793
-643
-519
-441
-214
-319
-189
-123
-372
-508
-390
-642
-889
-1002
-1003
-1267
-1347
-1211
-1141
-872
-718
-477
-325
-161
-129
-471
-609
-590
-796
-804
-786
-937
-544
-435
-373
-553
-649
-636
-943
-833
-855
-681
-558
-568
-510
-510
-326
-237
-55
49
72
-29
-39
45
-210
-295
-262
-370
-427
-361
-368
-248
-98
-176
-69
140
236
550
572
618
515
249
189
142
132
73
61
143
116
-89
-100
-198
-426
-638
-509
-607
-654
-714
-702
-605
-896
-579
-645
-522
-450
-352
-47
58
165
-112
-259
-269
-452
-360
-340
-433
-421
-377
-473
-535
-458
-694
-421
-153
40
307
86
95
5
-225
-180
-317
-534
-652
-553
-772
-762
-1060
-1166
-1090
-1371
-1411
-1499
-1334
-1206
-1161
-1034
-779
-732
-933
-1106
-1307
-1357
-1355
-1251
-1477
-1692
-1884
-1823
-1813
-1899
-1770
-1925
-1871
-1569
-1241
-1074
-708
-841
-899
-775
-796
-727
-712
-862
-900
-1025
-978
-912
-1386
-1454
-1420
-1434
-1422
-1163
-899
-789
-744
-1002
-1091
-1092
-1126
-1046
-1354
-1251
-900
-959
-805
-540
-659
-507
-388
-422
-132
-18
-194
-241
-391
-597
-445
-405
-308
-66
60
153
516
718
844
959
1049
1141
1302
1424
1370
1430
1263
1058
889
995
826
740
741
821
720
735
1096
1425
1379
1241
1282
1120
1179
1136
1160
1025
988
897
759
630
454
476
654
716
957
1363
1263
1177
1417
1271
1665
1873
1990
2081
2102
2103
2123
2187
2139
2507
2277
2421
2251
2046
2046
1652
1814
1693
1616
1807
1915
2113
2552
2613
2616
2808
2725
2914
2918
2962
2821
2944
2906
2572
2832
2782
2989
3123
3187
3487
3348
3489
3529
3425
3372
3158
3034
3036
2855
2851
2747
2515
2195
1959
1777
1757
1590
1460
1530
1388
1265
1278
1217
988
968
982
920
960
835
790
947
957
683
688
580
259
-66
-438
-706
-870
-1106
-1195
-1376
-1328
-1325
-1343
-1211
-1171
-1006
-1239
-1259
-1272
-1139
-1223
-1214
-1032
-1041
-1035
-1126
-1291
-1141
-958
-1125
-1256
-1294
-1322
-1378
-1539
-1330
-1284
-1125
-717
-738
-830
-679
-564
-576
-362
-370
-596
-595
-587
-539
-361
-166
-85
19
-15
-26
-51
-160
-297
-467
-491
-440
-338
-239
-259
-170
35
-24
76
136
73
-135
-458
-861
-1077
-1476
-1763
-1804
-2216
-2425
-2452
-2304
-2270
-2290
-2243
-2331
-2432
-2308
-2311
-2350
-2232
-2284
-2256
-2222
-2168
-2277
-2327
-2286
-2313
-2372
-2329
-2185
-2117
-1922
-2139
-1980
-1765
-1631
-1489
-1085
-832
-506
-317
-174
9
-3
153
268
284
230
189
-76
47
166
193
470
707
660
956
1087
1247
1396
1425
1644
1852
1619
1316
1434
1221
1006
792
625
572
592
564
470
476
450
189
221
-43
-452
-856
-1082
-1209
-1382
-1480
-1674
-1503
-1724
-1722
-1622
-2040
-2206
-2327
-2141
-2117
-2141
-1915
-2053
-1792
-1706
-1703
-1389
-1201
-1076
-1047
-864
-752
-678
-403
-522
-561
-328
30
292
573
615
659
1000
1163
1164
1284
1359
1268
1397
1608
1492
1449
1461
1455
1308
1527
1539
1462
1579
1432
1489
1562
1511
1390
1391
1391
1490
1751
1514
1223
1039
655
449
369
263
210
340
111
129
310
326
344
433
521
622
572
432
40
-97
-116
-375
-268
-50
304
182
552
804
818
832
737
691
746
762
661
719
630
875
825
884
1044
1274
1234
1229
1286
1127
1017
1020
1085
1496
1759
1760
1997
2452
2416
2376
2363
2613
2477
2130
2061
1763
1694
1600
1635
1510
1476
1287
1056
1173
990
938
867
790
557
524
626
812
685
517
436
234
-85
-92
-94
-242
-197
-51
61
103
310
220
-30
-161
-68
-99
-42
-31
81
206
410
220
100
144
392
287
59
4
-115
-181
-63
8
-108
-170
-159
-188
-284
-155
-392
-586
-222
-47
67
109
43
-175
-239
-391
-608
-796
-1124
-1249
-1235
-1413
-1367
-1370
-1438
-1414
-1220
-1152
-1181
-1159
-1258
-1550
-1418
-1589
-1514
-1442
-1521
-1389
-1618
-1694
-1500
-1381
-1394
-1489
-1461
-1534
-1647
-1693
-2002
-2068
-1749
-1760
-1804
-2035
-1867
-1969
-2132
-2113
-2096
-1755
-1725
-1494
-1624
-1580
-1384
-1011
-1107
-1179
-887
-1064
-1182
-1474
-1382
-1273
-1024
-814
-963
-1106
-1220
-1510
-1316
-881
-621
-495
-375
-355
-275
-49
347
249
211
421
292
95
-157
-444
-367
-381
-446
-347
-256
-268
-408
-268
-248
-324
-210
-368
-428
-467
-511
-405
-225
-325
-470
-540
-334
-77
-106
59
-54
-33
60
158
321
230
310
442
515
570
715
828
802
526
556
296
298
227
135
143
-116
-75
-73
-80
-503
-848
-975
-919
-772
-897
-668
-452
-175
-257
-372
-233
-588
-433
-228
-302
-418
-580
-944
-1098
-855
-764
-522
-280
-234
-281
-378
-343
142
284
541
488
363
255
154
160
363
609
604
393
387
300
106
288
456
918
1151
1308
1394
1215
1047
882
791
740
710
563
638
445
516
471
555
915
871
930
572
768
774
866
897
814
964
731
565
523
160
7
-35
-509
-797
-738
-842
-941
-1060
-997
-953
-827
-728
-680
-790
-952
-1012
-1032
-1193
-1032
-1344
-1235
-1190
-991
-1171
-1464
-1189
-1230
-1035
-1163
-1162
-923
-818
-700
-214
-103
168
503
825
920
980
1169
1141
1187
1371
1295
1189
1043
677
693
832
973
1459
1793
1569
1484
1397
1353
1398
1249
1018
1000
740
759
825
588
579
346
230
361
422
482
703
751
806
887
557
114
-46
-150
-188
-289
-344
-131
-129
-337
-62
27
263
-66
-181
-109
-259
-118
-202
29
84
131
56
56
-238
-312
-305
-629
-468
-386
-315
-441
-668
-662
-748
-993
-1034
-1203
-1292
-1542
-1594
-1563
-1381
-1261
-1358
-1142
-1191
-1027
-986
-1034
-958
-933
-1194
-1238
-1247
-1319
-1591
-1630
-1673
-1822
-1780
-1782
-1738
-1784
-1894
-1970
-2071
-2030
-1829
-2376
-2616
-2922
-2943
-3053
-3072
-2645
-2046
-1539
-1505
-1261
-1371
-1326
-1279
-1668
-1925
-2075
-2435
-2534
-2647
-2662
-2495
-2174
-1702
-1595
-1478
-1189
-1105
-1047
-1140
-1320
-1512
-1738
-1562
-1624
-1472
-1544
-1708
-1467
-1506
-1673
-1583
-1385
-1223
-1324
-962
-693
-539
-403
-434
-484
-523
-736
-898
-884
-800
-544
-525
-528
-627
-809
-713
-296
-375
-211
-135
60
320
565
879
946
1318
1588
1545
1534
1282
1236
1240
1192
1412
1632
1781
2080
2232
2382
2318
2336
2260
2180
2497
2382
2342
2230
2025
2222
2117
2085
2133
2259
2814
3051
2957
2967
2994
2760
2631
2325
2102
2105
2113
1882
1835
1719
1643
1698
1662
1945
1792
1810
1503
1103
1472
1410
1523
1627
1615
1910
2168
2230
2132
1841
1661
1348
1304
1195
1213
1224
1293
1361
1682
1944
2278
2396
2054
1834
1547
1234
1071
726
411
352
447
666
872
1149
1197
1470
1392
1183
1003
904
812
759
1011
918
709
302
-125
-348
-438
-321
-539
-762
-809
-886
-729
-780
-784
-729
-544
-607
-775
-924
-1080
-827
-956
-1014
-1277
-1686
-1647
-1454
-1350
-1023
-930
-1028
-979
-884
-852
-913
-625
-551
-379
-415
-368
-117
131
475
776
795
518
505
415
351
408
281
380
794
804
1099
1279
1299
956
511
204
-75
-254
-176
-140
-265
-407
-688
-714
-912
-857
-642
-624
-874
-701
-455
-635
-734
-677
-662
-922
-1358
-1986
-1741
-1596
-1595
-1628
-1541
-1063
-1045
-1119
-1171
-889
-788
-579
-433
-501
-565
-1444
-1987
-1964
-1822
-1617
-1376
-687
-596
-84
381
295
359
243
433
272
-84
-66
-459
-687
-874
-938
-789
-454
-330
191
385
163
106
57
21
-270
-146
-296
-287
-187
-621
-1091
-1196
-1258
-920
-1042
-666
-266
-335
-249
-471
-359
-136
-408
-482
-642
-787
-966
-1100
-840
-843
-774
-752
-802
-918
-1007
-860
-426
-418
-370
-521
-492
-506
-517
-620
-560
-283
-76
32
-75
-216
-167
-164
-191
243
483
449
227
173
-118
-396
-436
-673
-447
-718
-967
-996
-965
-665
-901
-754
-635
-630
-967
-1083
-1124
-1221
-1086
-1046
-703
-489
-112
-403
-813
-1035
-736
-478
-724
-502
-626
-1018
-1285
-1452
-1282
-775
-373
-528
-212
149
27
23
232
29
-217
-120
-217
139
234
176
345
527
642
862
1524
1943
2044
2253
2046
2078
2045
1708
1886
1873
2199
2128
1974
2024
1990
1960
2225
2587
2587
2757
2731
2775
2545
2679
2716
2325
2047
1924
1915
2237
2685
2989
2797
2639
2753
2444
2407
2231
2021
1877
1420
1440
1497
1517
2058
2436
2312
2592
2746
2625
2547
2383
2262
1742
1484
1353
1283
1577
1882
2003
2115
2282
2208
1984
1840
1954
2082
2181
2276
2167
2055
1811
1298
1311
1084
845
919
1039
1245
1260
1498
1587
1621
1532
1601
1205
1051
1064
873
746
347
321
288
675
699
1094
1440
1436
1693
1541
1485
1330
670
318
387
265
65
-81
-154
-89
2
163
277
319
-116
-520
-875
-1086
-1136
-1014
-955
-608
-321
-327
-207
-192
-5
159
191
192
223
-17
145
-195
-355
-770
-867
-835
-887
-951
-997
-855
-920
-801
-1081
-1087
-821
-561
-701
-837
-830
-1010
-1370
-1678
-1747
-1887
-1834
-2092
-2075
-2287
-2197
-2067
-2521
-2436
-2649
-2504
-2443
-2422
-2418
-2523
-2497
-2467
-2307
-2351
-2342
-2211
-2318
-2271
-2001
-1902
-1787
-1997
-2165
-2015
-1821
-2116
-2270
-2380
-2399
-2393
-2585
-2904
-2679
-2434
-1800
-1367
-1103
-778
-668
-748
-1120
-1197
-1046
-846
-544
-375
-231
-235
-363
-45
231
521
335
338
282
190
-79
-287
-295
-368
-650
-941
-629
-508
-484
-675
-384
-224
-378
-362
-564
-631
-964
-612
-269
186
467
423
273
15
72
-26
131
119
391
581
636
782
367
250
20
10
290
432
770
1073
931
837
864
729
658
676
547
673
611
417
593
794
1031
1053
1031
1349
1321
1317
1315
1092
991
1154
1161
807
945
747
1072
1426
1702
1706
1318
1206
659
489
680
919
985
997
1133
1111
1292
1483
1603
1760
1605
1442
1378
1365
1134
813
667
822
1192
1461
1573
1832
1763
1355
1384
1457
1396
1421
1410
1559
1163
1142
1010
956
1095
1096
1173
1086
1138
1193
1318
1580
1693
1881
1574
1198
750
788
806
791
1074
1400
1648
1684
1558
1583
1931
1977
1986
1999
2212
2072
2125
1469
1216
823
406
99
261
469
839
1300
1833
2055
1825
1477
853
761
316
-150
-451
-314
-25
29
313
885
1320
1094
1105
1614
1958
1863
1241
1126
544
269
128
-65
267
573
844
1144
1309
1429
1253
974
1054
1221
1176
996
775
895
816
622
502
670
610
313
250
469
439
536
551
512
639
628
584
521
600
584
357
155
277
375
425
235
413
811
964
1381
1312
1018
798
620
517
394
249
-251
-750
-681
-430
-355
-372
-302
170
268
192
-136
-640
-752
-1122
-845
-588
-667
-339
-174
245
524
338
72
203
258
67
123
180
-72
-149
-744
-686
-982
-1123
-971
-1337
-1180
-972
-609
-779
-1132
-1066
-1338
-1819
-1957
-1717
-1785
-1899
-1906
-1935
-1820
-1701
-1820
-1497
-1295
-1165
-1514
-1718
-2019
-1998
-2193
-2349
-2213
-2403
-2269
-2607
-3107
-3059
-3027
-3040
-3191
-2900
-2587
-2783
-2984
-2920
-3043
-3225
-3378
-3378
-3152
-3156
-3318
-3072
-2651
-2561
-2595
-2658
-2566
-2666
-2730
-2883
-2496
-2174
-2709
-2406
-1985
-2245
-2503
-2956
-3250
-3177
-3048
-2694
-2918
-2805
-2566
-2462
-2557
-2515
-2695
-2364
-1925
-1941
-1544
-1432
-1695
-1637
-1698
-1818
-1750
-1595
-1349
-1246
-1036
-1218
-1097
-1011
-1025
-823
-612
-498
-226
501
422
456
149
-224
-69
-310
58
178
468
687
797
747
598
1105
1222
1303
1489
1736
1723
1213
1000
981
918
728
746
1054
1178
1094
910
799
585
979
934
916
1323
1288
964
726
634
620
632
947
1318
1264
1231
1380
1815
2150
2640
3010
2925
2573
2566
2533
2624
2281
2201
2486
2419
2415
1947
1923
2085
2175
2209
2324
2488
2187
2158
1930
1646
1556
1567
1439
1254
1156
1245
1245
1453
1841
1990
2065
2137
2411
2216
2035
1652
1384
1670
1886
1838
1489
1560
1619
1816
2228
2338
2337
2334
2163
1778
1721
1715
1633
1466
1513
1541
1335
1425
1391
1458
1254
1339
1148
935
1210
1026
1108
783
431
174
80
230
570
867
979
1016
1136
1010
988
896
437
445
142
-297
-880
-1214
-1273
-1235
-770
-854
-366
-242
8
373
593
402
265
257
237
465
-37
-416
-514
-500
-907
-1010
-838
-774
-336
-287
-243
-715
-943
-1283
-1817
-1892
-1800
-1523
-1436
-1537
-1571
-1472
-1407
-1303
-1520
-1542
-1276
-1472
-1444
-1634
-2099
-2036
-2105
-2099
-1561
-1428
-1304
-1020
-1244
-1585
-1840
-1876
-1826
-1942
-1674
-1614
-1174
-864
-781
-983
-891
-850
-772
-686
-344
-130
-112
3
-86
-196
-44
-79
201
234
250
248
-254
-316
-184
-32
-181
-3
341
537
378
405
712
794
562
-104
-349
-491
-794
-511
-70
479
246
-97
-569
-812
-832
-817
-795
-945
-1103
-1328
-1154
-957
-543
-572
-441
-575
-973
-778
-977
-1166
-1255
-1159
-1208
-1479
-1566
-1642
-1650
-1380
-1329
-1474
-1859
-2471
-2524
-2333
-2218
-1908
-1450
-1365
-1190
-1216
-1102
-768
-848
-1101
-1503
-1284
-1715
-1815
-1968
-2367
-2570
-2478
-2312
-2265
-1831
-1596
-1240
-1169
-1026
-1146
-1522
-1854
-2325
-2361
-2160
-1703
-1271
-1042
-966
-1362
-1374
-1044
-986
-661
-573
-561
-753
-984
-814
-945
-703
-816
-619
-433
-181
-186
-303
-277
-396
-906
-1348
-1358
-1486
-1696
-1710
-1458
-1181
-588
-579
-644
-938
-988
-1071
-1032
-999
-964
-741
-1126
-1128
-1256
-1318
-1397
-1263
-771
-762
-697
-893
-1282
-1469
-1173
-1144
-1179
-975
-1278
-939
-592
-327
-144
-712
-1106
-1245
-626
-49
365
766
791
671
639
756
589
915
1414
1229
938
1028
864
802
1111
1403
1457
1193
853
465
413
182
331
719
892
1228
1447
1580
1496
1701
1831
1774
1659
1632
1796
1879
2101
2343
2493
2603
2448
2411
1863
1613
1122
576
50
212
709
1138
1610
1721
2040
2210
2235
1880
1744
1420
783
401
-109
-79
127
-118
-1
-114
297
390
392
395
266
196
11
22
-126
137
310
259
-106
-394
-89
157
119
109
248
428
276
-24
-191
-151
-196
-110
-293
-284
-471
-541
-276
23
223
-130
34
160
497
857
839
519
428
357
69
-64
103
42
-1
-98
-46
151
259
171
265
264
-168
-310
-138
-101
-112
234
531
719
600
561
367
181
-250
-346
-30
135
-79
-129
99
226
322
-22
71
23
-186
-392
-673
-938
-581
-769
-846
-368
-654
-379
-435
-463
-359
-32
-291
-465
-757
-1086
-1129
-1280
-1278
-976
-673
-958
-683
-526
-486
-621
-814
-842
-831
-1123
-1034
-928
-1098
-1020
-974
-872
-876
-1070
-1516
-1668
-1472
-1358
-1354
-1480
-1242
-992
-1235
-1595
-1460
-1450
-1406
-1854
-1610
-1276
-1042
