275
112
262
219
239
-56
-98
145
2
-146
-296
-122
-338
-755
-886
-1365
-1361
-950
-914
-887
-732
-788
-1219
-962
-766
-962
-962
-1182
-1120
-1178
-882
-618
-403
-457
-749
-1062
-963
-1009
-717
-471
-657
-598
-819
-989
-819
-711
-835
-630
-279
-141
-192
-170
-248
-1
200
153
407
846
1040
1364
1684
1664
1549
1683
1848
1816
1856
2107
2107
1803
1671
1668
1510
1631
1599
1585
1231
1418
1564
1204
1227
1416
1558
1483
1671
1681
1465
1584
1395
1200
1284
1365
1375
1407
1420
1556
1377
1617
1671
1360
1514
1115
1156
1205
1186
1212
1193
1254
1203
1393
1306
1250
1550
1581
1606
1448
1044
917
1042
934
1111
1363
1009
1227
1261
1370
1661
1667
1415
1354
1138
1135
1059
1416
1371
1175
826
651
637
481
229
120
484
260
88
75
299
273
500
719
332
428
548
685
900
694
544
230
98
12
-125
54
90
124
192
41
-60
492
572
434
135
126
-73
-328
-427
-347
-606
-927
-729
-377
-124
-473
-427
-714
-476
-266
-771
-999
-1503
-1840
-1955
-1971
-2069
-1873
-1816
-2004
-1547
-1262
-1189
-1389
-1753
-1701
-1808
-1767
-2176
-2447
-2556
-2036
-1866
-1802
-1805
-1904
-1923
-1698
-1664
-1817
-1590
-1219
-1179
-1342
-1195
-1434
-1338
-802
-1035
-1135
-1154
-1049
-793
-525
-305
-476
-755
-764
-861
-1374
-1317
-1567
-1285
-1197
-1131
-490
-656
-612
-556
-470
-516
-279
-406
-510
-519
-553
-266
-369
-392
-329
-539
-383
-227
-607
-647
-842
-1080
-1390
-1748
-2021
-1998
-2075
-2125
-1899
-2051
-2060
-2096
-2071
-2187
-2281
-2212
-2088
-1790
-1302
-1110
-1086
-918
-976
-638
-553
-547
-611
-1018
-1016
-701
-480
-546
-252
-396
-483
-54
129
126
399
271
474
954
734
1198
1352
1486
1383
1751
1753
1930
1948
1967
1986
2305
2067
2284
2582
2566
2766
2599
2752
2377
2189
2125
1763
1716
1490
1483
1567
1742
2085
1562
1389
969
991
879
712
685
761
438
195
148
190
97
-125
-430
-609
-658
-787
-622
-938
-809
-1039
-1308
-1578
-1725
-1538
-1559
-1423
-1361
-1471
-1304
-1208
-1167
-1334
-1068
-783
-369
-315
-363
186
320
474
360
438
624
975
967
949
859
637
877
720
653
556
765
1174
1291
1508
1161
682
1008
896
1193
1257
1298
1765
2154
2353
2255
2105
1947
1724
1610
1413
1172
1268
1414
1686
1698
1738
1688
1570
1229
1180
743
595
332
163
-44
-303
-539
-975
-771
-999
-1105
-1309
-1143
-1020
-1230
-1346
-1414
-1112
-1265
-1290
-1295
-1253
-837
-736
-490
-290
-423
-626
-246
-180
1
89
211
295
234
161
34
394
319
139
-281
129
541
591
620
546
851
739
788
598
438
559
958
1160
1054
1150
1380
1342
1335
1406
1230
1208
1457
1228
1026
1169
1256
1465
1459
1259
1091
1046
1172
949
827
693
399
389
-132
-660
-794
-747
-500
-667
-591
-298
-468
-500
-237
-266
-139
-342
-653
-741
-600
-674
-1160
-1282
-1347
-1552
-1800
-2046
-1868
-1908
-1944
-1756
-1975
-1978
-2130
-2007
-1655
-1982
-2195
-1962
-1889
-1985
-2099
-2054
-2552
-2496
-2522
-2044
-1986
-1712
-1683
-1727
-1497
-2182
-1721
-1526
-1325
-1346
-996
-1171
-1253
-1306
-1728
-1201
-1189
-1272
-1209
-1100
-851
-474
-261
-452
-344
-377
-251
-353
-452
-577
-472
-2
310
322
204
-290
-414
-562
-538
-373
-386
-288
38
176
288
275
30
-104
-463
78
246
148
305
-104
-280
-323
-738
-735
-375
-614
-753
-497
-372
-353
122
196
309
428
291
436
523
857
948
949
917
1251
1132
1153
1268
1372
1365
1263
1095
1189
1111
904
1459
1323
1307
1000
980
1241
1593
1899
2003
2182
2044
1835
1590
1752
1647
1362
1249
1435
1543
1955
2099
1929
2073
2026
1634
1380
1217
1038
1117
922
1047
1051
816
577
512
520
694
722
519
742
998
1207
1425
1610
1399
1396
1407
1683
1335
1344
1450
1454
1288
1242
990
835
778
332
286
383
397
264
138
86
-253
-490
-472
-466
-501
-406
-232
-145
-342
-462
-832
-811
-434
-366
-459
-604
-486
-542
-690
-418
-142
-428
-683
-363
-183
-402
-690
-839
-612
-485
-289
-169
-284
131
-267
-378
-556
-432
-919
-852
-419
-652
-343
-263
-93
-127
-209
-647
-1199
-1100
-1095
-1267
-979
-1108
-710
-319
-241
-199
-324
-467
-694
-603
-399
-260
-31
-198
-463
-432
-476
-433
-489
-335
-596
-374
-389
-772
-799
-1283
-1438
-1517
-1510
-1759
-2018
-1852
-1981
-1986
-1740
-1689
-1430
-1766
-1741
-1389
-1108
-1175
-1395
-1226
-733
-731
-321
-76
-355
135
329
475
529
812
882
848
1205
1098
979
730
815
649
801
919
980
1044
913
991
802
1051
1711
1777
1841
1665
1418
1758
1924
2187
2010
1997
2064
1492
1390
1003
964
750
623
529
434
656
812
682
566
574
256
-27
-146
-371
-103
7
-74
-171
-211
-447
-207
64
193
176
283
563
710
428
178
474
226
-49
-324
-143
182
393
723
735
445
554
577
308
471
132
202
238
136
49
-171
19
-18
102
-255
-192
-96
69
-127
-329
-585
-157
54
61
-166
-480
-305
-608
-91
-71
94
79
227
-18
59
152
-81
-122
-204
-302
-128
295
583
708
1360
1375
1266
1057
993
1040
943
1189
1012
1055
828
753
635
1003
935
825
790
519
229
81
220
87
-156
-275
-223
-312
-204
-374
-148
204
215
508
272
102
-108
-232
-125
-154
-91
10
13
97
-39
-130
9
213
30
-100
133
-78
-196
22
-197
-355
-528
-745
-665
-409
-289
87
207
395
785
882
853
1005
1204
1435
1582
1498
1441
1595
1977
1789
1666
1701
1764
2508
2613
2624
2763
2839
2822
3017
2785
2566
2261
2190
1969
1497
1440
1182
1502
1312
1190
1009
839
857
995
666
549
427
-33
158
-164
-157
-204
-313
-154
35
-9
-157
-245
-82
15
-259
-239
-659
-697
-694
-805
-1015
-1223
-1249
-1597
-1397
-1521
-1464
-1379
-1317
-1024
-1111
-1404
-1340
-1097
-1198
-1535
-1551
-1392
-1342
-1343
-1083
-1377
-961
-579
-348
-278
-404
-678
-505
-627
-986
-844
-954
-708
-792
-635
-449
-541
-662
-627
-743
-622
-992
-1777
-2006
-1633
-1505
-1469
-1744
-1821
-1660
-1662
-1738
-1817
-1804
-1799
-1993
-2060
-1981
-2402
-2156
-2279
-2141
-1938
-2200
-2171
-2222
-2292
-2611
-2742
-2557
-2726
-2554
-2611
-2401
-2311
-2067
-1856
-1979
-1767
-1567
-1542
-1610
-1270
-1392
-864
-767
-809
-763
-854
-665
-593
-433
-311
-153
65
240
137
568
901
932
810
850
968
827
886
1027
1016
1039
1152
1136
1400
1442
1598
1478
1773
1969
1898
2168
2256
2597
2427
2460
2230
2042
1971
1994
1773
1416
1410
1208
1144
1053
1123
1079
959
1148
1103
976
1161
1040
1047
1335
1224
1310
1200
1119
1206
1335
1087
1184
1238
964
1212
1017
741
433
466
464
142
-79
93
128
271
334
335
437
611
698
509
324
-103
-307
-135
63
-188
-431
-282
41
17
34
44
173
-55
101
319
242
457
948
1292
1511
1416
1037
1186
1333
1850
1911
1883
1882
1390
1575
1576
1204
1496
1453
1719
1978
1743
1772
2024
1863
1599
1377
980
952
956
844
584
512
445
467
823
984
728
988
1209
731
635
538
494
635
367
-99
-3
-194
-714
-839
-602
-841
-834
-1085
-1510
-1502
-1634
-1532
-1720
-2000
-2161
-2251
-2106
-1417
-1391
-1254
-1197
-1485
-1552
-1458
-1077
-901
-563
-329
-194
23
228
37
22
111
401
484
249
97
81
247
209
487
282
707
791
858
1312
1575
1382
1210
1284
1454
1455
1504
1468
1205
1128
972
905
760
726
559
560
236
330
494
705
584
446
726
451
50
-267
-329
-397
-547
-661
-303
-316
-569
-902
-1072
-803
-1502
-1567
-1463
-1743
-1742
-1904
-2123
-2169
-2094
-2252
-2477
-2586
-2737
-3054
-3207
-3156
-3250
-3223
-2992
-2796
-2643
-2052
-1936
-1778
-1402
-1681
-1536
-1548
-1730
-1801
-1685
-1822
-1396
-1395
-1184
-1029
-855
-874
-1169
-1204
-968
-718
-570
-168
-162
-404
-336
-213
-121
-111
19
100
-44
-264
-364
-330
-755
-773
-875
-1456
-1637
-1491
-1438
-1597
-1256
-1119
-1000
-1082
-988
-1061
-1101
-951
-942
-1176
-1525
-1936
-2042
-2412
-2516
-2720
-2942
-2379
-2393
-2040
-1706
-1615
-1554
-1770
-2025
-1948
-1897
-1841
-2156
-2148
-2167
-2180
-1901
-1859
-1832
-1864
-1892
-1835
-1358
-1582
-1420
-1379
-940
-607
-385
-144
-312
-165
-12
89
-223
13
-106
-178
-563
-295
-246
76
177
-156
136
337
782
742
880
696
1270
1337
1207
1375
1190
1903
1993
1899
2251
2291
2649
2313
1899
2294
2574
2403
2182
2040
2150
2006
1875
2085
1835
1947
1959
1678
1950
2000
2262
2482
2239
2214
2161
2134
2265
1883
1765
1776
1377
1132
1355
1317
960
828
789
999
956
1107
1032
972
864
878
1006
1048
1386
1363
1304
1336
1407
1385
998
1033
593
367
462
455
596
636
744
1172
1244
1575
1824
2108
2188
2251
2361
2089
2439
2294
2288
2488
2211
2346
2620
2433
2182
2210
2358
2186
2248
2134
2216
2325
1988
1671
1422
1272
1065
916
646
720
800
900
765
645
638
682
678
718
783
618
624
441
116
359
400
30
118
-25
-29
-287
-246
47
-200
-269
-315
-225
-140
-358
-299
-33
166
145
98
-120
-408
-346
-239
-328
-637
-863
-1135
-949
-1047
-1331
-1065
-1194
-1342
-1249
-1354
-1629
-1039
-952
-1051
-872
-876
-635
-592
-635
-924
-630
-612
-696
-455
-629
-639
-529
-45
25
125
112
-94
-36
-153
46
-458
-739
-759
-877
-721
-1278
-1195
-1242
-1356
-1210
-1224
-1178
-1064
-1135
-964
-1109
-1360
-1167
-1149
-1090
-1020
-1306
-1241
-952
-1075
-865
-1471
-1638
-2036
-2191
-2322
-2743
-2619
-2847
-2679
-2826
-2703
-2503
-2293
-1979
-1483
-1613
-2068
-1759
-1744
-1607
-1535
-1772
-1728
-1467
-1446
-1590
-1380
-1548
-1878
-1995
-1973
-1918
-1637
-1223
-1244
-1655
-1400
-1362
-1427
-1116
-1068
-1122
-990
-1243
-1233
-1027
-906
-1204
-1296
-1384
-1400
-1428
-1545
-1384
-1607
-1492
-1835
-1983
-2008
-1700
-1845
-1963
-1596
-1403
-1477
-1681
-1828
-2101
-1721
-1516
-1442
-1180
-742
-315
58
255
15
-8
-388
-487
-658
-561
-481
-377
-347
-198
13
-83
-90
-10
138
94
-7
-147
-289
-339
-201
17
-107
-583
-664
-386
-105
-128
-45
-439
-503
-447
-521
-338
-469
-502
-320
-281
-218
-367
-115
36
114
505
303
424
285
79
197
419
340
144
170
199
372
700
834
677
406
677
977
1112
1232
1327
1292
1268
1089
1134
1255
1358
1623
1759
1975
1838
1616
1878
2445
2746
2586
2502
2528
2668
2539
2138
2247
2420
2624
2230
1918
1563
1703
2051
2008
1519
904
1212
1141
726
813
889
760
840
981
1019
667
627
513
24
200
364
172
454
560
521
968
1286
1091
1050
1075
1272
1138
900
1059
1145
1140
953
939
732
824
757
183
145
252
486
376
829
867
701
1196
1712
1624
1650
1624
1650
1997
1844
2065
1989
1873
1832
1687
1687
1421
1432
1523
1488
1513
1465
1562
1856
2289
1736
1335
1448
1057
808
890
499
144
-238
-272
-469
-854
-673
-407
-608
-696
-762
-921
-1165
-778
-933
-1002
-1109
-1388
-1562
-1871
-1733
-1383
-1326
-1522
-1526
-1920
-2178
-1912
-1882
-1937
-1594
-1552
-1679
-1973
-1797
-1557
-1464
-1658
-1693
-1460
-1873
-1711
-1591
-1756
-1800
-2084
-2231
-2062
-1951
-1868
-1778
-1653
-1680
-1768
-1828
-1805
-1942
-1493
-1099
-1186
-999
-1501
-1839
-2010
-1963
-2184
-2535
-2497
-2153
-2090
-1702
-1473
-1155
-972
-1366
-1064
-994
-1031
-947
-901
-555
-514
-515
-557
-612
-637
-714
-912
-1024
-1200
-1019
-1182
-1434
-1624
-2133
-2257
-2423
-2018
-1871
-1719
-1486
-1375
-1046
-879
-838
-560
-373
-409
-539
-291
38
166
105
86
316
422
656
913
732
757
484
454
485
210
133
-55
286
632
793
1006
1117
997
1133
1137
1440
1475
1394
1809
1982
2131
2215
2426
2428
2247
2047
1994
1683
1676
1766
1500
2008
1958
1894
2167
2227
2177
2335
2242
1812
1412
1211
1234
1767
1924
1535
1600
1297
956
829
745
920
1026
983
685
536
439
410
528
544
466
214
42
143
173
178
170
153
301
187
280
143
-2
442
718
653
1014
1125
992
846
628
494
353
290
372
237
323
405
88
155
435
203
-81
-17
-88
-367
-599
-547
-336
-353
-672
-691
-530
-399
-132
-239
-281
-200
-292
-13
-67
206
77
114
333
-26
-288
-374
-476
-386
-567
-683
-460
-371
-450
-229
-187
181
560
342
646
856
1136
999
1085
1354
1397
1733
1526
1286
1125
757
764
351
247
219
107
636
880
830
1036
1340
657
805
887
884
910
529
240
544
518
515
483
576
1212
616
122
325
443
-93
-374
-371
-136
183
160
250
530
831
601
216
203
332
506
418
629
757
905
895
927
1098
912
675
600
509
407
340
382
193
-354
-178
-201
-86
25
-292
-191
-556
-734
-1037
-976
-746
-1066
-691
-617
-349
-439
-310
-240
-191
-564
-707
-702
-825
-893
-1357
-1860
-1856
-1738
-1785
-1628
-1385
-1539
-1912
-1772
-1806
-1878
-1522
-1332
-1125
-1194
-1290
-1377
-1114
-886
-1130
-913
-675
-426
-235
-367
-452
-511
-426
-691
-644
-878
-800
-652
-436
-174
-122
-33
-86
-66
-62
305
889
1163
1183
873
348
624
720
1092
1173
433
293
328
352
454
799
352
386
268
-40
91
50
565
524
502
590
1065
631
621
616
354
617
468
500
448
411
300
153
109
434
309
272
87
-109
-191
-176
-171
-435
-520
-440
-552
-113
210
842
1309
1234
1298
1441
1735
2119
2394
2538
2685
2604
2462
2283
2252
2234
1999
1771
1880
1805
1458
1631
2027
2272
2116
1989
2290
2413
2532
2727
2454
2279
2237
2116
1940
2099
2326
2640
2458
2263
2212
2134
1913
1810
1748
1689
1950
2186
2316
2371
2447
2476
2383
2350
2047
1674
1473
983
890
1001
1105
819
753
798
987
1022
997
1096
1262
1131
1446
1262
795
812
649
500
3
-267
-460
-637
-631
-490
-641
-82
-253
-167
415
643
768
667
615
502
385
37
-246
-565
-236
-688
-774
-647
-553
-177
-216
-206
82
215
-22
-200
-225
-723
-488
-674
-614
-651
-648
-718
-319
287
29
-177
125
-45
81
-547
-458
-716
-1040
-865
-624
-420
-703
-993
-885
-762
-1076
-1238
-1636
-1961
-1918
-2198
-1977
-1290
-1496
-1490
-1589
-1664
-1724
-1878
-1839
-2079
-2212
-2311
-2224
-2257
-2250
-2514
-2778
-3336
-3103
-3233
-3346
-3512
-3096
-2985
-2931
-2846
-2659
-2303
-1974
-1859
-2164
-2033
-1525
-1311
-1574
-1697
-1785
-1971
-2073
-2245
-2172
-2548
-2596
-2452
-2077
-2118
-2154
-1917
-1982
-2046
-1839
-1719
-1872
-1798
-1691
-1590
-1520
-1778
-2244
-2399
-2317
-2216
-2051
-2052
-1629
-1139
-949
-860
-948
-709
-730
-599
-366
-722
-764
-1083
-1072
-828
-715
-614
-630
-304
-422
63
-12
-281
-375
-563
-511
-435
-605
-555
-616
-846
-945
-580
-325
-334
-525
-629
-924
-1164
-1106
-838
-949
-526
-716
-703
-646
-612
-335
-565
-423
-226
-3
-5
286
384
354
72
-50
-215
-139
-373
-466
-599
-773
-648
-790
-608
-748
-1134
-669
-702
-628
-412
-417
-416
-235
-261
-21
130
275
267
589
704
914
1128
1407
1590
1742
1439
1178
1375
1649
1472
1526
1589
1419
1564
1502
1586
1897
1751
1776
1756
1964
1956
1750
1399
1371
1609
1733
1607
1677
1388
1572
1688
1389
1387
1303
929
773
1313
893
811
766
939
1207
1252
940
680
859
932
923
1118
1339
583
685
903
922
643
588
355
33
-28
-275
1
111
29
91
607
803
872
1186
1265
1683
1932
1867
2092
2213
2048
2242
2622
2446
2820
2866
3428
3572
3812
4053
4048
3930
3998
3737
3613
3459
3675
3572
3536
3371
3592
2854
3080
2894
3063
2956
2987
3005
2683
2515
2724
2830
2911
2700
2513
2227
2477
2430
2401
2123
1561
1866
1842
1589
1741
1562
1368
1431
884
568
810
374
50
-78
-323
-344
-459
-794
-1150
-1297
-2074
-2487
-2827
-3015
-3330
-3850
-4176
-4097
-3902
-3771
-3971
-3840
-3425
-3163
-3039
-2842
-2672
-2580
-2327
-1831
-1706
-1512
-1398
-1018
-778
-676
-378
132
862
1277
1433
1665
1636
1647
1575
1224
1034
1245
812
384
407
168
-249
-121
-234
-278
-31
-287
-497
-526
-425
5
-8
-50
335
203
320
464
1062
771
749
739
1220
1452
1117
876
870
869
667
683
997
415
359
175
-237
-34
-372
-731
-870
-1356
-1590
-1853
-2474
-3031
-3493
-3700
-4059
-4652
-5393
-6020
-6746
-7741
-8246
-8872
-9460
-9974
-10752
-11068
-11259
-11762
-11482
-11336
-11184
-10710
-10443
-10055
-9810
-9375
-9139
-9631
-9795
-9818
-9704
-8922
-8005
-6965
-5647
-4880
-3916
-2554
-834
1097
2213
2686
4280
5570
5787
6214
6480
7222
6326
5447
5785
6236
5643
4829
5138
4998
3807
3449
3371
3233
2513
1816
1425
843
-59
-1023
-1580
-2193
-3262
-3991
-4132
-4316
-3990
-3459
-2961
-1690
-533
841
2380
3964
4759
5316
5940
6637
7068
7005
6454
6582
6086
5308
4707
4431
3828
3374
2861
2276
1931
1258
489
127
-198
-1216
-1688
-2102
-2556
-3041
-3333
-3529
-3642
-3684
-3565
-2764
-2234
-1430
-1048
-794
114
446
1317
1894
1854
2552
2786
2781
2665
2049
2069
2058
1849
1905
1707
1628
1363
1865
1900
1860
1715
1781
1592
1446
1227
1247
1270
675
654
870
812
337
49
-256
-188
-140
219
455
452
390
246
413
431
156
424
-12
174
-369
-707
-903
-1294
-1984
-2282
-3011
-3407
-4014
-3795
-3848
-3881
-3726
-3684
-3682
-3148
-2962
-2554
-2020
-1781
-1851
-1313
-961
-243
240
700
1572
2468
3019
3650
3985
4860
5408
6177
6707
6819
6996
6853
6867
6981
7042
6818
6434
5946
6346
6274
5745
5680
5833
5563
5512
5537
5430
5277
5416
5155
4973
4985
4850
5519
5413
5118
5003
5045
5010
4819
4708
4111
4158
4215
4271
4595
4643
4448
4564
3901
3289
2753
2417
2001
1703
1831
1365
558
98
-212
-562
-1502
-2531
-3156
-3985
-4632
-5099
-6062
-6647
-7062
-7562
-7791
-8473
-9054
-9473
-9839
-10378
-10889
-11062
-11084
-11550
-12088
-12775
-13135
-13965
-14615
-15164
-15013
-13732
-11843
-10659
-8920
-4991
-389
2516
5223
9104
12617
13609
13980
15750
16983
16071
14007
13466
13481
12041
9817
9534
9135
8375
7788
8591
8670
7104
5291
4276
3026
640
-2723
-5505
-7988
-10301
-12703
-14057
-14898
-15257
-15043
-13360
-10946
-8195
-5351
-1710
2463
5911
8304
10535
12276
13331
13146
12363
11276
9528
7294
5575
4387
3139
1789
483
-187
-416
-608
-1625
-2290
-3187
-4384
-5931
-7803
-9985
-12143
-14095
-15366
-16534
-17609
-18021
-17281
-15684
-13614
-11284
-8421
-5227
-2292
433
3019
5027
6367
6694
7154
7348
6669
5404
4174
3283
2427
2157
1360
1381
1636
1838
1800
2161
2384
2767
2696
2742
2904
1731
305
-669
-1344
-2413
-3513
-4128
-4230
-3758
-3109
-2153
-875
266
1307
2105
2706
3214
3002
3021
2405
1069
-56
-1416
-2404
-3458
-4447
-5163
-5489
-5280
-5107
-4923
-3974
-3172
-2461
-1919
-1995
-2218
-2554
-3067
-3214
-4041
-4725
-5521
-6097
-6557
-6511
-6037
-5838
-5643
-5537
-5233
-5053
-5094
-5016
-5415
-5962
-7339
-8875
-9726
-10147
-10715
-10789
-10055
-7797
-5725
-3806
-1524
2909
6474
8831
11078
14653
16130
15429
14936
16446
17128
15559
13954
14329
14905
13907
13483
13589
13675
12570
12113
11718
10415
7729
5025
2670
423
-3195
-6546
-9131
-10777
-12013
-12681
-12423
-11254
-10106
-7814
-4395
-751
1521
4165
6642
8786
9954
10238
9959
10247
9835
8963
8183
7983
7562
6762
6278
6168
6063
5544
4825
4648
4502
3488
1833
453
-678
-1864
-3870
-5265
-6033
-6941
-7247
-6818
-5422
-4739
-3332
-1171
921
2553
3793
5411
6582
6764
6465
6454
6019
5003
4000
3154
2919
2237
1248
837
569
538
494
-44
-20
-293
-1478
-2321
-3307
-4352
-5735
-6875
-7420
-7552
-8035
-8406
-8069
-7411
-7081
-7627
-7402
-7397
-7446
-8354
-9228
-10449
-11990
-13862
-14306
-14497
-14860
-15780
-15295
-12468
-9991
-9021
-6515
-1259
2203
2542
5121
10060
11476
10062
9448
12683
12307
9211
7858
10029
9805
8119
7745
9786
9592
8467
8313
9461
8734
6395
3711
2460
71
-3413
-6599
-8682
-10289
-12026
-12576
-11763
-10350
-9069
-7118
-3625
475
3270
5828
8755
11822
13474
13679
13723
14375
13778
11969
10820
10713
9590
8840
8469
8750
8454
7196
6092
6169
6203
4646
2905
2006
1111
-1334
-4237
-5686
-6918
-8622
-9952
-9471
-8740
-8339
-7715
-6002
-3737
-2408
-1394
234
1387
1943
1584
1082
379
-885
-2425
-3927
-4859
-6498
-8184
-9097
-8877
-8945
-9477
-9897
-10104
-10411
-11252
-12178
-12785
-12870
-14555
-16128
-16814
-17186
-18777
-20188
-20725
-21516
-23036
-23807
-22026
-19496
-17698
-15801
-11667
-7393
-2696
861
5188
9105
12491
13635
14968
15779
17185
15106
13656
12953
13578
12708
11486
11410
12293
11840
11623
12331
12240
10216
7633
5913
3407
30
-4427
-7021
-9586
-12326
-14641
-15087
-15057
-14044
-12306
-9181
-5421
-1596
1684
6526
10860
14652
16259
18265
19231
19568
19037
17549
16479
14722
12690
11131
9462
7678
5662
4706
3726
3521
2241
730
-390
-1223
-3075
-5305
-6439
-8422
-10140
-11124
-11390
-11598
-11045
-9809
-7764
-5407
-3050
-339
2395
4926
7050
9072
10524
11514
12413
12216
12116
11830
10850
8768
6965
5763
4696
3044
1449
81
-503
-1451
-2202
-2375
-2125
-3012
-3016
-2877
-2891
-3688
-4715
-5394
-6095
-7147
-7899
-8799
-8948
-9921
-10073
-10105
-10506
-10669
-10756
-11011
-12316
-13983
-15603
-18048
-19895
-19435
-17944
-19074
-19786
-15548
-9413
-7280
-3808
3604
10126
10058
11207
17606
22567
19155
16649
18996
21305
17758
15697
16794
17218
15182
14596
16693
16513
13493
10999
10707
9437
4964
-565
-4184
-7496
-11788
-15458
-17812
-19524
-20925
-20961
-18396
-15197
-11985
-8637
-3478
2394
7895
11035
13823
17199
19803
19788
18979
18798
17998
15551
13695
13244
11823
9501
7972
8712
9086
7311
6229
5906
5611
3279
794
-1511
-4089
-7730
-11303
-13241
-14637
-15980
-16780
-15411
-12671
-9074
-6092
-2407
2068
5636
7939
10134
11424
12187
11500
10070
8688
7018
4056
1553
-338
-983
-2254
-3341
-3174
-1989
-1513
-1736
-1682
-1185
-1991
-3591
-4976
-5982
-8586
-11349
-13136
-14063
-15522
-16745
-17133
-16162
-15776
-14514
-13751
-12597
-12702
-13365
-15392
-16784
-19586
-21269
-17912
-16433
-20588
-20054
-10683
-6247
-7211
-1469
11288
15336
10879
14230
27032
27657
18425
15853
23426
21061
12791
10942
14714
12184
7730
9134
14883
13249
8999
8984
13270
11438
4894
588
-621
-4530
-9967
-13633
-15242
-18552
-21447
-20918
-16506
-13791
-11491
-6787
753
8809
13610
16247
19925
24559
25363
23996
23063
22202
17837
13529
11337
10914
7346
3000
2285
4613
4798
3454
3489
4528
3589
403
-2160
-3296
-7436
-12809
-16662
-17713
-19716
-22273
-21964
-17677
-13343
-10481
-6360
490
6642
10842
14503
18121
19450
18299
16241
15315
13108
8910
4199
1715
89
-1818
-4093
-4761
-3462
-1808
-1786
-1299
520
1095
-604
-1960
-1438
-3088
-7703
-10837
-10980
-12011
-15132
-16401
-14208
-12475
-12413
-11002
-7629
-5402
-5614
-5896
-6197
-7800
-13185
-18681
-23693
-25209
-23366
-24597
-29520
-27592
-16270
-11041
-11353
-2090
13365
16282
13420
18988
31067
29241
20569
19236
25670
21358
12614
11621
15190
11681
8180
10448
15948
14366
10993
11266
15180
12797
6194
1090
-766
-5579
-12600
-17648
-19231
-22252
-25269
-24252
-19599
-15799
-13130
-7648
596
9059
13525
15611
20104
25764
25857
23193
22804
22675
18473
13659
12316
12638
8887
5406
6375
9447
9219
7810
8670
10792
9031
5240
1982
263
-4257
-9970
-13966
-15616
-17967
-20385
-20731
-17037
-12870
-9663
-5072
1694
7569
11149
14111
17292
19278
17787
15408
13575
11359
6946
2052
-249
-1118
-2775
-5092
-5240
-3198
-1772
-1806
-1663
398
897
-1608
-3309
-4292
-6620
-11181
-14271
-15275
-16768
-19379
-20532
-19321
-17365
-16542
-15345
-12856
-10348
-10469
-10662
-11138
-12533
-17728
-19867
-16647
-16500
-22622
-23226
-14035
-9579
-11218
-5023
8522
12524
9552
14335
27809
27373
18514
16930
23565
19825
11075
8564
10937
7637
3751
4710
9642
8058
5113
5538
10243
9307
3972
658
-579
-4127
-9382
-14309
-16749
-19627
-21729
-21346
-17884
-15271
-13012
-8378
-946
7066
11617
13908
17723
22866
23561
21381
19659
18678
14402
9646
6621
5639
2493
-1111
-948
1709
2175
1194
1664
3694
3439
1062
-1014
-2333
-5511
-9899
-13036
-14314
-16218
-18892
-18745
-14495
-10802
-8860
-5262
1521
6907
9894
12679
15825
17527
16276
14707
13530
11168
6352
2496
792
-266
-2523
-5173
-5838
-4294
-3233
-3969
-3473
-982
-178
-1374
-1974
-608
-2341
-6248
-7941
-7679
-9887
-13519
-15156
-14000
-14023
-15520
-15331
-14062
-14060
-16032
-17920
-19010
-18586
-16708
-17059
-19311
-16427
-9644
-8322
-8079
313
9769
9263
7597
14696
24541
22535
17650
20439
25927
22681
17226
18271
20290
16366
13270
14952
17454
13891
9188
9427
11719
8421
2120
-1022
-2373
-5781
-10745
-13335
-14463
-17412
-19939
-18085
-13912
-11348
-9671
-4968
2091
9419
12911
15230
19837
24072
24035
23139
22801
21697
17327
13737
12868
12213
7850
4282
4947
6620
5514
4166
5369
6712
5306
3077
2221
1297
-3087
-7394
-9739
-11083
-13407
-15843
-15364
-13097
-10790
-8984
-5544
-926
3246
6112
9440
12497
13901
12720
12029
11661
10104
5100
584
-1351
-3044
-6588
-9799
-10768
-10200
-10855
-11383
-9915
-7653
-7753
-8360
-7438
-6190
-8004
-10064
-10737
-10812
-12790
-15913
-17532
-17195
-17689
-18940
-19639
-19616
-20577
-20071
-14253
-9598
-11695
-12349
-3795
1366
-905
1086
10637
12531
7017
7584
17775
19023
11431
9270
16782
18487
13799
13350
18146
18717
16292
16606
20558
19647
14464
11463
12645
10672
2987
-3193
-5749
-8185
-12203
-15828
-16543
-17195
-18142
-16699
-12676
-9118
-7110
-3610
1851
8182
12068
12926
15103
19429
20518
18089
16613
16908
14665
11442
9614
9531
7189
3779
2961
4835
4842
2749
1979
3220
2876
518
-1311
-1836
-3739
-6488
-8453
-8684
-10216
-12153
-12254
-10904
-9106
-8402
-7036
-4197
-506
1889
3310
4480
6511
6937
6255
6008
6417
3904
221
-1816
-2983
-5354
-8286
-10673
-10763
-10210
-11303
-11674
-9439
-7883
-8466
-7853
-5543
-4280
-6060
-7936
-7510
-8008
-11294
-14022
-15074
-16322
-19681
-22611
-23619
-24042
-26048
-29098
-28029
-21797
-19763
-23047
-20980
-11887
-8534
-11820
-7776
1498
2771
-2325
976
11191
12284
5458
6523
14756
17459
14107
15569
20254
22254
20816
21529
24358
23584
18692
15440
15075
12595
5029
-1742
-4814
-6715
-11414
-15838
-16946
-16133
-16725
-15435
-11741
-7806
-5752
-3042
2017
8086
11305
11710
13762
17407
18727
17250
16591
17052
15787
12866
11176
11168
9642
6415
5598
6865
6707
4270
2372
2811
2514
-537
-3477
-4050
-5096
-7995
-9657
-8850
-8353
-9524
-9078
-6725
-4472
-3174
-1468
1011
3220
4247
4503
4623
5350
5492
4264
2200
1562
856
-1979
-5012
-5478
-6670
-9666
-12458
-12192
-11712
-13234
-14970
-13070
-10617
-10563
-10747
-8920
-6916
-7022
-7629
-7145
-7438
-9099
-11560
-12904
-13866
-16785
-20403
-23699
-20101
-13755
-13920
-18154
-9716
2113
2084
15
11448
21400
16003
8578
17753
25638
16034
5535
10251
16952
10850
6223
11500
17147
15958
15651
21214
27274
23639
18823
18296
20490
13903
4056
-2944
-5016
-10480
-17012
-21361
-21167
-21678
-20709
-17589
-11407
-6810
-2860
2535
11047
18027
18939
18303
21698
24345
22101
17722
16405
15500
11316
8018
8295
9063
5163
2615
4454
7032
5083
1664
1486
2518
-98
-4313
-6871
-8028
-11172
-14390
-15336
-13794
-13507
-14104
-12458
-6853
-2275
-489
1390
6781
10863
12805
12618
14724
16293
14690
12283
11864
10287
5986
1587
75
-1844
-5542
-10330
-12842
-13538
-14549
-17345
-18003
-16728
-16733
-17046
-15307
-13291
-12167
-12665
-12168
-11394
-11998
-14684
-16846
-18580
-19885
-22883
-26475
-27632
-22308
-18511
-20032
-18600
-8394
-705
-1254
2225
13224
17019
9880
8642
16549
17383
6478
2118
6696
8700
2600
2356
7984
11394
10364
14181
20583
23834
20469
19123
20093
19772
12190
4032
-1334
-5013
-10745
-16769
-20266
-20855
-22077
-21226
-16708
-10690
-6412
-2702
3845
12653
18054
17781
18107
21891
23491
20369
16980
15902
14454
10244
8560
10069
10101
6548
5669
8812
10782
8134
5605
5555
4835
160
-3093
-4979
-7933
-12422
-14961
-14890
-14688
-15896
-15387
-12656
-8482
-5775
-3155
-23
2882
5428
7004
7902
8752
8956
7880
7056
6522
4965
1925
56
-1842
-3506
-6683
-10033
-12042
-13092
-15055
-17385
-18254
-18259
-18934
-19213
-19085
-17042
-17510
-18693
-20122
-20679
-23110
-26013
-30338
-31987
-27022
-22921
-26365
-26059
-10660
-892
-2058
2867
21293
25611
17508
16393
29014
28120
14471
6902
13856
11381
893
-2687
3204
3360
1403
3536
12015
14378
11803
11036
15009
15758
9383
2073
-2471
-5149
-10593
-16195
-18763
-18372
-18847
-16627
-11164
-3296
1886
6661
13346
23170
28119
27452
26931
30295
28774
22716
17243
15475
11119
4423
1215
1694
810
-2057
-747
4401
7282
6370
6668
8476
8905
6177
2582
154
-2190
-6128
-9707
-10380
-10103
-10945
-11149
-8342
-2270
29
1499
4135
9483
11022
9450
8311
9477
7226
3384
267
-365
-3608
-7413
-10127
-9714
-9611
-10889
-12727
-11727
-9276
-9172
-11584
-11349
-9477
-9974
-12092
-12058
-10758
-12053
-14973
-15823
-14723
-16075
-20882
-22650
-16048
-10834
-13671
-16151
-5856
3945
1335
1172
13562
20655
13049
8449
18779
23514
12352
3404
8895
13018
5044
-66
3891
6425
3920
3356
8058
11474
8556
5251
6775
9165
5293
-1949
-6660
-7164
-8919
-13081
-16552
-16086
-14379
-12887
-10718
-4386
1255
4338
8407
16945
24644
25490
24480
28544
31117
28232
23567
21496
18556
12630
7521
5174
2741
-1813
-4662
-4100
-2497
-3905
-5743
-4545
-2160
-1826
-2354
-2793
-3154
-3838
-4583
-3909
-2718
-2226
-2192
-881
2541
5791
7205
7759
9840
12453
13209
11916
12020
12469
10096
6536
4382
2295
-2180
-7292
-10478
-13071
-16674
-20917
-23258
-22881
-22515
-23549
-24068
-22233
-19978
-19064
-18922
-17341
-17240
-18950
-20641
-20432
-22601
-26149
-21154
-13989
-13139
-14479
-1707
9914
10051
12516
26650
32460
25177
20579
29713
29750
16844
6645
9039
7532
-1548
-6324
-3104
-2922
-4758
-3567
2276
5139
2327
1125
3193
4558
-945
-7773
-12014
-13874
-16843
-19148
-21027
-19976
-18436
-13570
-7430
-187
5908
11502
17512
25525
30832
31168
29871
32059
32076
28306
24004
21546
17865
12540
9803
8800
6542
1659
145
1565
1532
-981
-2304
-2541
-3068
-5179
-6725
-7982
-9401
-10754
-11186
-10039
-8198
-6707
-5250
-2520
2518
5901
7859
9983
13012
14688
15121
15355
14625
12712
10237
8030
5858
2543
-1484
-5157
-8051
-10185
-12393
-16081
-19044
-19231
-19446
-21928
-22936
-21577
-21643
-22593
-21947
-20149
-20557
-22410
-23020
-22462
-24196
-28230
-24960
-16825
-15192
-18501
-10151
4145
7550
7336
19127
29946
26572
19731
25784
32134
23825
11963
11632
14404
7947
-65
571
3149
1036
129
3413
8404
7083
4503
4289
6667
4016
-2910
-8654
-11014
-13857
-17494
-21848
-22532
-21220
-18780
-15302
-9793
-2623
2989
8122
16074
23978
26825
25963
28812
31574
28995
25002
22257
19711
14542
10757
9255
7514
3852
1638
1665
2337
429
-1140
-3266
-3858
-4817
-7130
-10453
-12408
-13289
-14805
-16123
-14831
-13055
-11484
-9901
-5583
-102
2870
5555
9459
12918
14571
15031
15659
15648
13702
11609
9663
7763
3716
-270
-3130
-5426
-8319
-11854
-15225
-16860
-17830
-19829
-22311
-22540
-22599
-23225
-24478
-23788
-24111
-25731
-29221
-29700
-22330
-17700
-20844
-22920
-8210
1960
-151
1830
18907
24672
17443
15444
27827
30724
20416
13779
19390
19686
10839
5370
7818
7354
3270
1066
3793
6624
3118
232
679
4028
52
-5904
-9318
-8378
-11074
-15132
-17981
-16289
-16757
-16718
-14447
-8999
-5065
-2389
1649
9728
15675
16637
17162
22616
25131
22926
20964
21541
20205
15596
13280
13269
11711
7057
4996
5829
6087
3351
2290
2027
1688
-249
-1934
-3811
-5608
-7698
-9615
-11490
-11846
-12627
-12917
-13062
-9559
-7181
-5863
-3994
578
3782
5248
5747
8676
10223
9873
8728
9165
8735
6236
3387
1860
382
-2630
-6556
-8448
-8888
-10842
-14163
-15297
-14992
-16154
-18264
-19097
-18811
-20451
-23240
-26716
-22135
-18006
-19860
-25176
-15543
-5971
-6588
-7890
5636
15690
12507
8589
20227
28382
21165
13313
18063
22132
14848
7994
9706
10769
6514
3943
5452
9026
4927
2504
2050
5826
2319
-2827
-7664
-6898
-8634
-11542
-16009
-15516
-15590
-15006
-13704
-9273
-4957
-2332
982
8947
16035
18121
17892
23209
26693
24779
22346
22394
21724
17101
14148
13539
12736
8023
5648
5921
7058
4138
2465
1609
2255
418
-2141
-3691
-4370
-5999
-7980
-9285
-8589
-9295
-10092
-9813
-6344
-4510
-3976
-3148
97
2750
3023
2680
4174
5352
3970
1923
1743
1519
-1102
-3425
-4763
-4674
-6482
-9563
-10984
-10094
-10888
-13515
-15056
-13991
-14774
-17674
-19658
-20073
-21309
-25673
-23106
-16819
-15546
-20676
-13972
-2721
-68
-1281
8719
18332
16887
11926
19422
26021
19994
11111
12175
14654
9604
4220
4855
6101
4127
3551
4855
9021
6366
4452
2646
4284
1038
-4638
-10439
-12081
-14426
-17141
-20718
-20513
-19291
-16689
-13379
-8521
-2894
1562
5204
11938
18363
20382
19153
21507
24117
21682
18596
17261
16313
11549
9293
9651
9411
6101
4989
6174
7393
5505
4387
3802
2811
764
-1689
-3830
-6626
-8728
-10005
-11457
-10898
-10338
-9865
-9500
-6052
-2084
-435
-1
2869
5551
6157
5219
5427
5585
3176
928
-791
-2549
-5890
-8237
-10069
-11068
-12126
-13600
-14993
-14230
-13660
-14813
-16576
-15901
-16249
-18251
-20976
-21268
-24329
-27300
-23372
-17835
-19449
-22657
-12344
-2773
-1073
1279
14432
21698
19593
18431
29233
31462
23774
15924
19298
18550
10942
3383
4532
3905
972
-1633
2205
5348
2381
728
2707
5614
1007
-4627
-8086
-9526
-14016
-17831
-21431
-21985
-22428
-20290
-16940
-11414
-5800
-33
6269
15201
22186
24941
25536
29365
31174
27950
23204
20440
18034
12644
8881
7354
6488
3123
2499
5058
7012
5664
5217
5936
6593
4501
1508
-1711
-4505
-7612
-10739
-13171
-13542
-13991
-13212
-11596
-6782
-2882
-151
2506
7110
10008
10771
9940
9689
8417
5863
2889
69
-3150
-6423
-8848
-10568
-11803
-12724
-14655
-15024
-13236
-12204
-14226
-15423
-14426
-14297
-17428
-19572
-20711
-22001
-27452
-28305
-21346
-16954
-21485
-20660
-6470
1407
306
5527
20901
25603
19807
20161
30890
29915
19238
13123
17606
14999
6216
733
3687
2391
-213
-2217
3009
3995
2272
207
2567
3755
-401
-6690
-9590
-10031
-12599
-16803
-19478
-18178
-17171
-15142
-12158
-5614
629
4647
10142
19025
24541
25175
25699
29793
29535
25865
21669
20393
16785
12089
8186
7424
5796
2916
1629
3366
5177
3797
2952
3714
5256
2873
-363
-2113
-2824
-5453
-9176
-9882
-8587
-9270
-9913
-7330
-2666
-285
1199
4195
8348
9552
9072
8138
8770
7278
4175
816
-1586
-3991
-7066
-10097
-11726
-12245
-13695
-16106
-16078
-14374
-14394
-17397
-17916
-16709
-17533
-22414
-23825
-25903
-25208
-23373
-20441
-21744
-18655
-9465
-4350
-564
8047
18507
19947
18783
24228
31955
28087
21293
19117
20706
15781
10095
7323
7376
3712
2586
2076
5728
3350
1095
-683
1028
-848
-6072
-11134
-13041
-15498
-18945
-21406
-23013
-22660
-21928
-18085
-13880
-8587
-3464
1826
9282
17314
21518
23158
25570
29869
29281
26650
24265
23191
18266
13659
12274
11187
6255
2699
3454
4306
2434
323
1330
934
-378
-2555
-3424
-5631
-8537
-10231
-11264
-12094
-12970
-13023
-12029
-9168
-5843
-3312
-1027
2329
5572
7554
8662
9265
9545
7711
6088
4473
1869
-1751
-5173
-7614
-9356
-11514
-13481
-15247
-15261
-14431
-14406
-14788
-14363
-14143
-14408
-15781
-16843
-18787
-20891
-25373
-23522
-18532
-17226
-21835
-15409
-3348
1040
1540
11863
23677
23506
19935
25490
32371
27465
18460
17111
18780
12646
4834
2132
3036
125
-2007
-1973
2200
1129
-539
-1387
1111
-428
-5140
-10792
-12833
-14813
-18499
-22683
-23958
-22808
-21455
-19111
-14930
-8235
-2392
2278
9841
18380
22268
23099
25991
29505
27856
24078
21367
20004
15768
11516
9142
8371
5624
3675
3553
4851
4488
3436
3296
3458
2574
202
-2207
-4315
-6012
-8481
-11053
-11465
-10969
-11038
-10274
-6948
-3087
-1411
596
4129
7228
8063
7882
7897
8113
5984
4112
2160
-142
-2908
-5384
-7719
-9038
-10416
-12476
-14277
-13899
-13302
-14309
-15919
-14819
-14629
-15756
-18583
-18701
-21523
-23262
-20117
-16306
-18168
-19860
-10143
-3280
-1503
2539
14899
19916
18366
20234
30358
30915
24513
19659
22500
19762
13626
8368
8713
5995
3781
1534
3797
4121
1960
15
262
1019
-3050
-8090
-12132
-12846
-15907
-18840
-21968
-21374
-20823
-18207
-15106
-10275
-5142
-301
5099
13404
18681
20199
21140
25749
26682
24104
21451
20696
17424
13121
12079
11704
9837
6328
7151
8202
8102
6051
5951
5014
3982
1857
-1104
-4519
-7096
-8946
-11278
-13008
-12349
-11983
-11865
-9853
-4819
-2356
-646
1640
5616
6895
7054
6439
6439
4835
2729
1303
-706
-3271
-5411
-6621
-7545
-7681
-8262
-9891
-9965
-8508
-8241
-9936
-9964
-8940
-9666
-11879
-13206
-13226
-15569
-18141
-20267
-19434
-17151
-15089
-14667
-12006
-4473
631
2917
8374
17504
20661
18503
19490
25028
24320
18367
14835
14782
11885
7302
5295
5398
4174
3093
3359
5483
6832
5263
3297
3228
3504
-284
-5876
-9182
-10730
-14375
-17537
-18875
-18193
-18419
-16978
-12956
-7822
-3769
138
5349
11938
16042
16620
17839
20323
20681
17684
15920
15468
13281
9255
8037
8808
7769
5466
5742
7414
7237
5772
5538
5373
3900
1231
-1283
-3657
-5758
-7671
-10033
-11579
-10988
-10392
-10768
-8977
-5678
-3278
-2750
-509
2528
3728
2770
2904
3532
2366
374
-649
-1808
-3421
-4562
-5538
-6551
-7319
-7625
-8159
-8588
-8315
-8910
-9899
-10613
-10519
-11433
-13601
-14717
-15515
-17145
-20244
-20940
-16648
-13530
-14533
-14780
-5085
1358
2001
5196
16621
21040
17259
16402
24774
25810
17980
11806
14213
13401
7806
3345
4371
4175
3010
1574
4071
6187
3544
818
895
2823
-1082
-7365
-11288
-10786
-13078
-16613
-18943
-17148
-16261
-15033
-11134
-5914
-1438
1501
6202
13652
18033
17704
17290
20927
21795
18402
15473
15458
13890
10428
8954
9354
8964
6522
6314
7352
8303
6492
4993
3396
3042
1091
-2602
-6116
-7854
-9274
-11704
-13315
-12732
-12121
-12080
-10641
-6942
-4194
-3482
-2036
1323
2949
3040
2600
2957
2895
1611
-205
-1611
-2543
-4073
-5647
-6704
-6485
-6792
-8371
-8853
-7618
-7515
-9342
-9786
-9160
-9650
-11707
-13049
-13458
-14280
-16298
-18272
-19808
-17088
-13351
-12365
-14109
-7340
1668
3923
5130
14156
22214
20211
16778
22630
27199
20131
11213
11229
12811
6949
606
7
1840
62
-1361
445
5042
3676
1275
998
4456
1978
-4194
-9024
-9003
-10691
-15119
-18262
-17433
-16305
-15837
-12821
-7201
-1712
1727
5873
13277
19279
20117
19411
22020
24066
21159
17503
15755
14833
11082
8777
8611
8607
5780
4866
6434
8146
7107
5170
3931
3538
2396
-1196
-4940
-7349
-9254
-11547
-13856
-13223
-12951
-12940
-12219
-7993
-4998
-3793
-2093
1662
3617
3754
4005
4589
4496
2617
1424
480
-514
-2713
-4442
-5231
-5087
-5695
-7200
-8152
-7315
-7195
-8961
-10190
-10028
-10663
-13043
-15281
-15600
-17131
-19868
-23153
-18953
-13926
-14143
-17786
-8627
1839
2935
2634
13543
23512
20709
16390
23877
30150
23161
13869
14632
16923
11050
3775
3355
5214
3419
816
2101
6841
5461
2307
848
4203
1970
-4247
-10115
-10294
-11791
-15682
-19652
-18788
-16763
-15830
-13383
-8288
-2040
1874
5255
12232
18853
20490
19332
21844
24201
22325
18767
16858
15688
12574
10005
8754
8864
6830
5779
5328
6661
5921
4130
1826
1326
218
-3587
-7724
-9559
-10984
-13877
-15677
-15061
-14795
-14965
-13698
-9343
-6151
-4417
-2427
1400
3570
4711
5358
5575
5499
4676
3545
1669
882
-719
-2763
-4604
-4098
-3916
-5739
-7316
-6061
-5587
-8192
-9747
-9014
-9495
-12592
-14927
-15005
-16023
-18078
-21248
-21349
-16742
-13072
-14466
-13899
-3042
3493
3991
7945
20234
24194
19362
18598
27648
27950
18883
12058
14527
13505
6930
2085
2894
2821
1036
-130
3262
6038
3428
505
1500
3614
-741
-7825
-11585
-11321
-13707
-17810
-20287
-18380
-16713
-14540
-10998
-4861
453
3987
8706
16349
21087
20533
20012
22863
23730
19986
16575
15331
13540
9675
7556
7932
7448
4659
3154
4669
5535
3213
371
-628
-502
-3482
-7825
-10390
-11297
-13731
-16079
-15932
-13949
-14006
-13775
-9958
-5234
-3244
-2235
849
4478
5801
5599
5537
5573
5376
3966
1872
733
324
-1180
-3413
-3650
-2149
-3063
-5871
-6264
-4492
-5954
-9258
-10542
-10084
-12540
-16173
-17305
-16588
-18434
-21277
-21728
-22240
-18277
-14078
-12394
-14238
-5338
3294
4389
5414
15763
22191
17791
14018
22119
25792
16930
9310
11704
13494
7425
2922
3921
5779
3725
3626
5070
9084
5503
3377
1903
4446
318
-5699
-10909
-10104
-11888
-15406
-18186
-16087
-13900
-12084
-8557
-3278
2156
4970
8508
15470
20731
19807
18287
20917
22772
19295
16093
14607
13546
9441
8256
8500
7963
4311
3445
4262
4841
2146
-129
-1121
-1761
-4511
-7849
-10106
-11637
-13134
-14653
-15071
-13480
-13040
-12170
-9803
-5452
-3181
-2305
-180
3330
4660
4507
4648
4809
4604
2684
1815
1108
681
-1305
-2601
-2997
-2202
-2940
-5215
-6169
-4684
-5476
-8688
-10123
-9735
-11378
-15181
-16709
-15902
-17576
-20023
-22035
-17743
-12534
-11549
-14344
-7265
3663
5184
4548
13323
23351
20708
15502
20667
28102
21184
12033
12004
15494
10034
3588
3359
6002
4105
2155
3522
8280
6671
3298
2003
4749
2960
-3336
-9136
-9557
-10557
-14309
-17555
-16978
-14655
-13753
-10729
-5886
114
3210
6499
13313
20201
21148
19539
22014
24966
22144
18020
16707
15672
11665
8647
8441
8296
5723
4034
4319
5629
4207
1318
-395
-630
-1938
-6321
-9977
-11035
-11952
-15169
-16770
-14526
-13037
-13929
-12009
-6393
-2551
-2006
-150
4012
6313
6182
6239
6636
6717
5041
3190
1910
1416
112
-1847
-2691
-1582
-1647
-4098
-5353
-3537
-3450
-7125
-9253
-8356
-9231
-13108
-15253
-14679
-15228
-17623
-18977
-17774
-18472
-18946
-14369
-8354
-8104
-7830
526
6998
7666
10742
18357
19978
15751
15908
21632
19518
11964
8912
10945
8908
4805
3363
3864
3559
3540
3891
5281
5278
3283
1384
1346
830
-3346
-8790
-11201
-11551
-13434
-15927
-16724
-15066
-13499
-10766
-6950
-2043
1310
4235
9341
15399
17571
16813
17912
20638
19660
16603
15601
14932
12113
9375
9059
8486
5534
3742
3935
3782
2606
890
-432
-2003
-3166
-5149
-8057
-10386
-11060
-12411
-13896
-13583
-12168
-11889
-10721
-7518
-4111
-2710
-1054
1775
4284
4828
4670
4988
5195
3823
2432
1978
1080
-459
-1748
-2289
-2521
-3061
-4420
-6083
-6832
-7296
-9539
-12569
-13779
-14693
-17197
-19818
-19621
-19667
-21751
-24477
-22483
-15597
-12586
-14648
-12867
-91
4319
2468
6802
19076
20621
14515
15270
25299
23116
13819
10655
15955
13718
7196
4170
7500
6980
4602
3249
7119
8169
3857
708
1958
3391
-2548
-9256
-11145
-9700
-13401
-17125
-17709
-14407
-13908
-12574
-8718
-2062
1379
3103
8304
16732
18874
17163
17853
22857
22435
18220
16558
17188
14586
10660
10160
10061
7802
4875
4657
4871
4287
1246
-832
-2091
-2533
-5768
-9453
-11230
-11871
-13443
-15294
-14849
-12759
-12321
-11240
-7687
-3814
-2423
-637
2084
5267
6216
6283
5840
6601
6236
4847
3357
3015
2265
752
-375
61
83
-2251
-4631
-4485
-4560
-7766
-11403
-12032
-12810
-15922
-18801
-19004
-18775
-20043
-21616
-20960
-20611
-17603
-13214
-10605
-10816
-4396
2884
4109
5723
14502
20358
16968
14723
20878
24622
17914
12237
13973
15228
9753
6470
7491
8289
5442
5025
6800
9429
5693
2500
1889
3668
-414
-6541
-10198
-10551
-12833
-15972
-17265
-15925
-14813
-14490
-10931
-5475
-1087
962
5236
12869
17706
17174
17500
21790
23482
19883
18151
19177
17442
12941
11524
11726
10182
6489
5361
5150
4765
2663
724
-861
-1905
-4110
-7481
-9874
-10691
-11806
-13980
-13998
-12174
-11616
-11162
-8032
-3860
-2393
-1312
1717
4768
5347
5431
6011
6504
6334
4893
3898
3480
3704
2365
1111
885
647
-1423
-3540
-4484
-5680
-8437
-11900
-13713
-14945
-17361
-20067
-21849
-21660
-22507
-23295
-25025
-22041
-16099
-13636
-15292
-9957
214
1241
814
7688
17315
15651
11123
14987
22977
19299
12296
12063
16375
13451
8222
7308
10540
8633
5631
5284
8884
7064
2526
99
1517
504
-5447
-10617
-11233
-11101
-14602
-17121
-16340
-13558
-13669
-12600
-8379
-2867
-948
1050
7304
13946
14851
14398
17710
21653
20045
17957
18207
18334
15002
12497
11634
10874
8122
5548
4664
4421
3337
505
-869
-1903
-2729
-6440
-9070
-9890
-10176
-12445
-13010
-11498
-10657
-11362
-9312
-5778
-3794
-2996
-1354
1417
3483
3987
4511
4819
5787
5276
4139
4098
4556
3310
1114
706
794
-599
-3551
-5426
-6352
-7969
-11301
-13852
-14679
-16133
-18695
-20997
-21045
-20936
-22089
-24387
-20970
-14440
-13160
-15623
-9332
25
1582
1487
8617
17042
16647
13364
17754
24062
20662
14704
14291
16970
14363
9622
7801
9832
8760
6043
4918
8199
7357
3294
361
2132
769
-4869
-10446
-11113
-11973
-15363
-18721
-18375
-15850
-15312
-14208
-9861
-3995
-1300
1529
8534
15051
16618
17142
20925
24211
22869
21503
20971
19652
16846
15106
13496
12012
9672
7826
6813
6976
6180
3452
1506
1154
-64
-4105
-7109
-7913
-9635
-13353
-14362
-13018
-13452
-14048
-11602
-7674
-5693
-4064
-1160
2003
3629
4888
5255
5974
6214
5276
3481
2821
2427
861
-1027
-2055
-2043
-2736
-4829
-6319
-6709
-7725
-10786
-13045
-13766
-15754
-19194
-21278
-21916
-23809
-26176
-27459
-22947
-18709
-18142
-17932
-8570
-1768
-255
3094
12285
17775
16521
15941
21432
23973
19243
14953
15621
16132
12291
8729
9164
10268
7740
6122
7449
9570
6277
3137
1560
2361
-1908
-7382
-11287
-11778
-14786
-18156
-19771
-18795
-18120
-16942
-13480
-8365
-4284
-1903
3062
10482
15091
15578
17305
21570
22689
20540
20216
20152
17694
14397
13627
12553
10459
7649
6592
5954
5928
4205
2083
635
533
-923
-4712
-7301
-7718
-9484
-12632
-13315
-11875
-11701
-12323
-10449
-6212
-4005
-2812
-628
3014
4376
4787
4805
5930
5917
4131
2461
2160
1059
-1176
-2643
-3639
-4151
-5749
-7187
-7962
-8478
-9873
-12285
-13359
-13836
-15646
-19104
-20812
-21909
-23529
-26553
-23489
-18416
-17100
-18965
-11473
-2188
-368
1478
10328
18268
17445
16029
21267
25281
21147
16300
16258
16804
13240
9422
8822
9789
7881
5930
5697
8710
7013
4000
1547
2811
-19
-5186
-10364
-11282
-12989
-17034
-19660
-19102
-17727
-17898
-15959
-10480
-5322
-2899
547
7910
14256
15939
16568
20414
23441
22418
20830
20259
19709
16634
14267
12481
12070
9353
6641
5710
6562
5283
2528
1753
1442
-177
-3453
-4856
-6069
-8548
-10774
-11406
-11133
-12108
-11800
-10408
-7572
-5622
-3124
-1148
1377
4096
5359
5412
6136
7125
5685
4272
3095
2182
-701
-2360
-3307
-4419
-6518
-8301
-9160
-9080
-9701
-12463
-13344
-12972
-14172
-17410
-18944
-19488
-21972
-25243
-25288
-20222
-18161
-19335
-16790
-6188
-1483
-159
5522
15828
19960
17841
19839
26840
26336
20112
17967
19506
16688
11417
9331
10816
9660
6903
6533
8827
9266
6431
4573
3886
3722
-872
-6207
-9553
-10832
-14548
-18106
-19217
-18191
-17817
-17037
-13284
-7906
-3937
-503
5422
12078
15527
16568
18994
22380
22508
21238
20213
19427
17556
15283
13490
12021
10871
8557
7219
6733
6606
3934
1787
1463
1235
-2362
-5851
-5987
-6883
-10152
-12393
-11766
-11442
-12706
-12316
-9511
-6646
-5812
-3865
-1233
1747
2729
2942
3599
4955
4387
2770
2321
1381
-669
-2929
-3823
-5154
-6432
-8435
-10246
-10881
-10954
-12435
-14768
-14978
-14775
-16958
-19478
-20193
-21247
-24807
-23577
-19229
-17605
-19773
-13757
-6050
-2474
292
8074
15551
17055
17843
22257
26091
23037
19297
17918
18530
15032
10802
8335
8909
7595
5760
5109
6688
5636
3045
1135
1670
-861
-5685
-10362
-11897
-14248
-17758
-20772
-20396
-19211
-19233
-17225
-12378
-7689
-5255
-643
5982
11504
12847
14811
18467
20426
19762
19044
18454
17665
15756
14124
12398
11861
10102
7951
6738
7337
6028
3489
2062
1835
233
-2673
-4661
-6004
-7361
-9024
-10205
-10773
-10086
-9885
-9526
-7786
-4972
-3191
-2495
-442
2407
3068
2780
3841
4906
3927
2572
2055
1692
-592
-2614
-3822
-4645
-6820
-9146
-10678
-10839
-11592
-13126
-14152
-13834
-14392
-16521
-18140
-18381
-20319
-22908
-20918
-17487
-17102
-17748
-10722
-5186
-2668
1396
10252
16147
16805
18118
24472
26841
23718
20363
20654
19486
15779
11842
10927
10422
8104
6488
6921
8063
6142
4346
2986
3307
310
-3676
-7794
-9553
-12376
-15495
-18319
-18327
-17534
-17109
-15140
-10548
-6541
-3043
1904
8137
12621
15031
17444
20836
21784
21026
20450
19874
18338
16466
15712
14239
12732
10913
10422
9649
8738
7027
5989
4792
2950
613
-1470
-3288
-5524
-7181
-8344
-9667
-10588
-10222
-9704
-9087
-7423
-5573
-4320
-2957
-692
757
1168
1700
2331
2521
2088
1729
1129
-123
-1573
-2519
-4041
-5184
-6661
-8657
-10306
-10851
-11715
-13276
-14447
-14441
-14965
-16198
-17180
-18028
-19649
-20963
-19483
-16677
-16676
-16355
-11341
-5566
-3512
306
7482
13633
14864
16949
21644
24412
22277
20089
19502
18992
15347
12173
10890
10627
8420
6674
6922
8142
6430
4246
3460
3376
816
-3232
-6077
-8180
-11014
-14036
-15499
-15948
-15968
-15268
-12573
-8986
-5577
-2304
2134
7469
11835
13776
15697
18561
19973
18783
18004
17904
16842
14610
13704
13654
12421
10148
9216
9693
8840
6678
4804
3997
2519
5
-2459
-4461
-5971
-7848
-9358
-9807
-9488
-10132
-9721
-8580
-7061
-6123
-5609
-4449
-2502
-1857
-1934
-1335
-770
-988
-1526
-1371
-1009
-1950
-2990
-3473
-3703
-4651
-6006
-7867
-8964
-9604
-11169
-12881
-13520
-13974
-15092
-16326
-16830
-17686
-19106
-20286
-18142
-15077
-14348
-14791
-9552
-4057
-2316
456
6870
12449
13055
13867
18368
21600
19218
17174
17670
18280
14876
11638
11019
11460
9101
7175
6703
7287
5710
3192
1560
1250
-974
-4853
-7966
-8992
-10692
-13422
-15278
-15117
-14388
-14257
-12680
-9205
-5723
-3473
75
4831
9267
10733
12214
14861
16640
15986
15746
15850
15270
13450
13147
12534
11493
9646
8849
8804
8201
6807
5219
4025
2876
1253
-1168
-3129
-4649
-6219
-7862
-8162
-8186
-8869
-9051
-8227
-6791
-6076
-5884
-5158
-3650
-3030
-3582
-3435
-2813
-2645
-3207
-3041
-2806
-2568
-3373
-3828
-3686
-3944
-5365
-6930
-7639
-7603
-8734
-10602
-11201
-10395
-11335
-12493
-12932
-12453
-13530
-14851
-15649
-13988
-12058
-11855
-10984
-7153
-2419
-1379
1098
6483
12102
12683
13302
16739
19739
18004
16381
16458
16336
13520
11463
11099
10900
8717
7160
7303
8046
6753
4561
3279
3167
1776
-1538
-4008
-5340
-7086
-9779
-10862
-10922
-10825
-11623
-10151
-6878
-3911
-2512
745
5227
9025
10468
12166
14718
15954
15562
15460
15580
15141
13491
12472
12480
12037
10449
9017
9463
9498
8213
6299
5767
4915
2867
316
-1007
-2275
-4180
-6091
-6600
-6511
-6875
-7524
-7163
-5858
-5361
-5999
-6156
-4933
-4209
-5645
-6049
-5214
-4474
-5226
-4960
-4251
-3460
-4286
-4326
-3368
-3135
-4951
-6320
-6049
-6032
-7612
-9678
-9725
-9175
-10322
-11813
-11606
-11358
-11994
-13298
-13235
-12516
-12096
-11335
-9722
-7962
-5914
-3548
-1852
1773
5840
8581
9376
10813
13394
15319
14044
13159
12779
12204
10448
9415
8618
7788
6238
5822
5918
5534
4064
2946
2454
1921
482
-1644
-3040
-4183
-5653
-7092
-7484
-7739
-8121
-7775
-5696
-3681
-2316
-220
3228
6149
8355
10268
11806
13357
14021
14396
14598
14242
13681
12704
12037
11640
11245
9593
8920
9028
8219
6382
5272
4843
3685
1462
34
-1231
-2984
-4578
-5452
-6415
-6942
-7490
-7954
-7946
-7414
-7790
-8275
-8373
-7842
-7853
-8501
-8168
-7068
-6553
-6526
-5719
-5119
-4894
-4653
-4246
-4396
-4591
-5117
-5288
-5557
-6349
-6976
-7738
-8099
-8731
-9194
-9778
-10696
-11128
-11296
-11416
-11149
-10100
-8777
-7922
-6829
-3735
-1592
229
2997
6151
8047
9320
10815
12736
13331
12969
12246
11814
11258
10801
9421
8064
7687
7338
6328
5449
5342
4519
3264
2238
2024
347
-1396
-2959
-3646
-4982
-6022
-7058
-7190
-7033
-6389
-5451
-3813
-2257
-158
2247
4631
6815
8290
9391
10945
11826
11929
11693
11912
11587
10691
10544
10526
9504
8663
7917
7491
6847
5182
3973
3343
1393
-393
-2124
-3434
-4626
-5868
-7424
-7621
-7795
-8278
-8437
-8122
-7563
-7786
-8035
-7685
-7088
-7196
-7158
-7002
-6297
-5520
-5197
-4949
-4107
-3272
-3187
-3239
-3135
-2655
-2907
-3775
-3518
-3526
-4343
-4875
-5383
-5926
-6415
-7313
-8070
-8773
-9763
-10432
-10748
-9884
-8571
-8319
-7934
-4866
-1824
-692
1383
4130
7209
7933
8836
10309
11030
9719
9444
9403
9108
7884
7321
6555
6578
6255
6100
5562
5672
5771
4770
3463
3125
2065
-70
-1385
-2395
-3714
-5176
-5673
-5176
-4788
-4370
-3104
-860
489
1989
4060
6374
8000
8504
9642
11247
11758
11423
11368
11655
11918
11077
10528
10717
10596
9513
8757
8820
8090
5981
4433
3828
2254
147
-1888
-3226
-4253
-5447
-6956
-7431
-7512
-7899
-8101
-7924
-7625
-7696
-8028
-8115
-7654
-7888
-8231
-7731
-7200
-6777
-6626
-6042
-5029
-4277
-4216
-4007
-3717
-3057
-2981
-3261
-3404
-3645
-4251
-4803
-5203
-5541
-6466
-7403
-8188
-8681
-9678
-10046
-9767
-8803
-8347
-7652
-6631
-3976
-2703
-1228
706
2901
4331
4997
5635
6906
7176
6353
6583
6487
6089
5368
5374
5211
5738
4894
4954
5293
5498
4973
4523
4217
3847
2345
1181
250
-299
-1696
-2778
-3083
-2292
-2321
-2106
-1064
711
1243
2410
4135
6120
6882
7085
8278
9903
9959
9318
9797
10088
9505
8946
8910
8420
7529
6382
6420
6051
4391
3230
2517
1111
-39
-1359
-2700
-3948
-5141
-6464
-7173
-7680
-7861
-8494
-8603
-8221
-8452
-8709
-8286
-7804
-7788
-7652
-7548
-7298
-6915
-6506
-6135
-5700
-5287
-5207
-4865
-4276
-3865
-4080
-4098
-3719
-3361
-3230
-3530
-3660
-3847
-4042
-4705
-4825
-5301
-6221
-6563
-6751
-6822
-6196
-5387
-4812
-3326
-1318
-32
1006
2731
4928
6368
6495
6936
7774
8041
7557
6861
6755
6625
6019
5552
5997
5963
5783
5664
6029
6246
5946
5229
5205
4915
3942
2680
1671
1109
432
-686
-910
-916
-1005
-802
344
1495
2219
3009
4486
6207
7219
7388
7817
8709
8792
8626
8558
8578
7985
7514
7342
7215
6432
5831
5319
4692
3838
2963
1993
804
-550
-1624
-2805
-3981
-5051
-5899
-6457
-7374
-7860
-8399
-8873
-8906
-9081
-9057
-8796
-8760
-8595
-8194
-7955
-7840
-7133
-6788
-6379
-5906
-5527
-5304
-4936
-4814
-4517
-4372
-3976
-3643
-3116
-2821
-2753
-2809
-2770
-2871
-3354
-3800
-4355
-5045
-5527
-5537
-5289
-4803
-4815
-3581
-1912
-910
-370
1557
2989
3746
4250
5161
5474
5152
5344
5462
5176
4854
4647
4655
4887
4913
4947
4943
5019
4835
4765
4278
3861
3410
2846
2117
1534
566
-276
-473
-111
-237
-463
-244
574
1249
2009
2462
3761
4487
4618
5226
6013
6522
6378
6542
7100
7345
6947
7194
7232
6641
6151
5578
4898
4298
3413
2015
946
-159
-1112
-2536
-3495
-3945
-4865
-5988
-6191
-6551
-7021
-7685
-7922
-8144
-8635
-8990
-8998
-9337
-9331
-8974
-8806
-8347
-7752
-7498
-7518
-7163
-6589
-6352
-6128
-5874
-5637
-6027
-5843
-5083
-4817
-4478
-4253
-4139
-3920
-3851
-4142
-4107
-4424
-4706
-5265
-5742
-5563
-5125
-5044
-4744
-3556
-2357
-1559
-755
931
2428
2977
3516
4437
4623
4235
3704
3767
3716
3089
2360
2763
3114
3324
3189
3919
4645
4750
4710
4967
4924
4448
3769
3027
2572
2002
1235
1133
1386
1289
1285
2068
2739
3527
3691
4307
5233
5245
5448
5968
6108
5967
5800
5819
6279
5866
5504
5095
5106
5308
4700
3978
3517
3085
2092
1368
466
-721
-2043
-2928
-3620
-4605
-5607
-6384
-7138
-7735
-8072
-8709
-9118
-9278
-9380
-9437
-9199
-9042
-9115
-8802
-7829
-7327
-6935
-6516
-5926
-5331
-5035
-4562
-4378
-4015
-3816
-3215
-2569
-1986
-1113
-385
-15
649
955
1076
945
802
718
-170
-829
-995
-1310
-1925
-2184
-1836
-1407
-1380
-477
756
1689
2374
3168
4094
4637
4746
4982
4931
4524
4463
4207
4160
4230
4494
4170
4804
5389
6306
6579
6709
7434
7697
7433
7305
7267
6601
5954
5514
5215
4483
4113
3864
3723
3993
3910
4418
4577
5116
5318
5445
5659
5662
5238
5172
4979
4772
4579
4155
3661
3685
3687
3259
2823
2495
2339
1786
926
190
-569
-1686
-2851
-3700
-4458
-5723
-6308
-6712
-7202
-7867
-8201
-8507
-8829
-8889
-8655
-8658
-8495
-8293
-8096
-7645
-7139
-6570
-6190
-5487
-4712
-4261
-3971
-3634
-3229
-2824
-2421
-1999
-1251
-644
-141
350
1190
1764
1624
1464
1752
1470
665
-197
-500
-998
-1954
-2717
-2377
-2003
-2018
-1718
-797
300
1044
1501
1966
2838
3035
2707
2294
2253
2379
2180
2083
2157
2099
2426
3131
3637
4416
4963
5428
6007
6546
6475
6488
5828
5575
5317
4216
3723
3570
3032
2739
2878
3064
3330
3328
3663
3905
3837
3659
3596
3242
3340
3098
2906
2892
2691
2641
2580
2617
2817
2447
2019
2090
1782
916
187
-645
-1424
-2412
-3247
-4000
-4730
-5568
-6285
-6640
-6997
-7347
-8203
-8547
-8547
-8515
-8424
-8311
-7769
-7341
-7118
-6652
-6086
-5443
-5314
-5231
-4835
-4508
-4455
-4172
-3639
-3041
-2841
-2559
-1833
-943
-296
285
689
1020
1148
823
650
334
-139
-969
-1733
-1823
-2037
-2454
-2591
-2338
-1801
-1472
-788
-125
613
845
1001
1294
1313
1033
748
573
776
745
516
1020
1515
2001
2702
3285
4215
4738
5153
5613
6141
6076
5673
5585
5633
5157
4540
4348
4241
3894
3939
4207
4319
4458
4494
4768
4704
4495
4023
3721
3371
3136
2719
2148
1850
1955
1862
2008
2411
2819
2614
2340
2406
2063
1549
884
123
-730
-1529
-2342
-3379
-4101
-4542
-5162
-5712
-6168
-6394
-6488
-6583
-6464
-6347
-6463
-6373
-5984
-5615
-5555
-5602
-5306
-4682
-4516
-4094
-3636
-3045
-2508
-2046
-1374
-345
354
746
1683
2653
3303
3384
3448
3454
3152
2729
2090
1655
1192
592
-52
-25
-155
-415
-348
-103
438
400
143
209
210
310
183
-34
77
24
33
53
478
355
669
1135
1427
2160
2620
2953
3735
4208
4728
5054
5241
5426
5375
5180
5098
4838
4467
4049
3880
3748
3920
3819
3881
3841
3882
3870
3804
3918
3476
2829
2579
2360
1718
1369
992
671
564
887
1136
1223
976
1232
1729
1431
1068
591
-19
-632
-1629
-2429
-3231
-3980
-4643
-5052
-5334
-5452
-5520
-5745
-5664
-5240
-5195
-5372
-5092
-4744
-4647
-4690
-4632
-4234
-3819
-3693
-3452
-2849
-2430
-2247
-1693
-537
180
644
1080
2170
2875
2960
3328
3648
3535
3136
2570
2291
1722
702
-116
-65
-90
-621
-1047
-888
-681
-670
-399
8
68
-178
-285
-390
-337
-591
-822
-778
-794
-1257
-1084
-733
-286
-130
462
978
1518
2027
2372
3020
3446
3535
3626
3550
3463
2893
2451
2041
1696
1321
974
866
1022
1158
1122
1456
1727
1841
1614
1466
1406
1070
679
441
109
-360
-971
-1025
-1027
-1104
-1205
-965
-656
-504
-468
-534
-678
-1058
-1735
-2145
-2648
-3415
-4150
-4561
-4949
-5068
-5185
-5105
-4863
-4601
-4678
-4323
-3837
-3764
-3625
-3317
-2950
-2731
-2689
-2701
-2370
-1970
-1618
-1164
-699
-189
218
553
1344
1999
2014
2381
2841
3009
3091
3024
2738
2496
2175
1723
1510
1167
619
368
320
-105
-321
-333
-453
-120
-105
-234
268
510
483
521
328
513
537
173
91
189
12
-117
152
627
1034
1344
1799
2404
3155
3345
3495
3545
3178
2905
2769
2427
2223
1845
1490
954
530
445
172
403
482
864
583
-4
116
-28
-143
-119
8
-390
-1035
-1253
-892
-1151
-1341
-1086
-1221
-1103
-1331
-1355
-1241
-1523
-1881
-2240
-2517
-2782
-3199
-3380
-3437
-3239
-3232
-3459
-3278
-3191
-3295
-2495
-2166
-1832
-1724
-1826
-1577
-1132
-786
-482
-157
508
834
1052
1955
2296
2662
2846
3074
3254
3514
3481
3686
3842
3675
3413
3071
2801
2348
2033
1750
1420
1215
1041
900
703
453
472
438
421
360
-33
-232
-390
-462
-571
-345
-422
-683
-848
-722
-339
-195
-199
126
125
440
561
796
857
663
798
905
954
738
404
656
401
102
-63
-81
-244
-476
-318
-127
69
52
117
-13
-91
-447
-575
-835
-1157
-1689
-1961
-2181
-2704
-2627
-2283
-2283
-2278
-2122
-1729
-1529
-1641
-1677
-1741
-1888
-2260
-2633
-2956
-3079
-3466
-3963
-3733
-3396
-3250
-3234
-3098
-2448
-2109
-2013
-1706
-1417
-980
-1208
-1154
-896
-813
-733
-657
-546
-109
469
930
1835
2775
3315
3726
3973
4293
4344
4303
4158
4130
3698
3341
2990
2606
2411
1753
1460
1128
615
307
-73
-403
-722
-773
-928
-903
-957
-1243
-1700
-1797
-1600
-1540
-1592
-1584
-1362
-1328
-1026
-479
99
438
867
1064
1647
2097
2410
2425
2378
2216
1905
1517
1105
1035
587
237
82
-219
-21
265
208
-43
109
-100
68
-166
-576
-893
-1384
-1745
-2218
-2116
-2047
-2039
-2087
-1995
-1947
-1628
-1028
-823
-901
-965
-828
-1122
-1473
-1640
-1863
-1875
-2448
-2608
-2591
-2599
-2479
-2377
-2106
-1702
-1513
-1439
-1039
-762
-751
-590
-582
-561
-199
-289
-295
126
411
683
920
1312
1741
2067
2372
2592
3045
3233
3347
3481
3549
3532
3372
3382
3408
2810
2530
2283
1816
1673
1381
1256
1092
699
384
593
292
332
-2
-75
-72
-230
-411
-409
-467
-679
-440
86
423
513
1096
1334
1923
2057
2152
2134
1968
1823
1618
1670
1725
1379
1256
1206
1099
898
637
707
623
615
575
618
770
745
411
220
-24
-159
-342
-824
-1129
-1227
-1147
-1335
-1470
-1258
-1311
-1307
-955
-545
-563
-646
-728
-911
-1446
-2045
-2600
-2965
-3325
-3696
-3864
-4003
-3840
-3898
-3678
-3262
-2935
-2293
-2021
-1742
-1434
-1441
-1178
-1174
-1176
-1297
-1434
-1396
-1071
-794
-489
56
555
1422
1868
2250
2715
3278
3473
3421
3341
3151
3005
2570
2025
1747
1373
1022
805
549
296
-18
-318
-19
-84
-193
-519
-638
-770
-912
-1011
-1090
-990
-1194
-1039
-955
-841
-670
-590
-587
-39
-22
388
1043
1500
1889
2029
2128
2282
2163
1863
1760
1711
1220
986
868
746
441
-10
56
188
221
183
221
108
96
-201
-442
-1014
-1401
-1999
-2473
-2429
-2738
-2902
-2862
-2767
-2473
-2446
-2271
-1836
-1757
-1906
-2057
-2107
-2322
-2643
-2720
-2595
-2807
-2955
-2747
-2744
-2529
-2555
-2615
-2332
-2059
-1705
-1287
-1256
-1057
-921
-935
-588
-246
-74
208
804
1007
1190
1189
1499
1804
1879
1843
2165
2525
2576
2783
2907
2960
3078
3229
3121
2879
2950
2834
2542
2230
1907
1664
1276
912
706
215
-100
-142
35
110
-38
68
82
204
146
-33
57
-8
-166
-113
16
147
511
734
814
885
1200
1162
1331
1480
1393
1211
972
939
505
196
-10
77
98
-22
257
405
704
907
791
605
347
56
-264
-248
-606
-889
-899
-1012
-878
-1005
-852
-783
-715
-592
-387
-499
-410
-86
-374
-545
-611
-732
-966
-1190
-1297
-1244
-1297
-1349
-1551
-1290
-1080
-936
-662
-613
-318
-147
-192
-106
5
19
-29
332
467
643
642
589
953
1365
1332
1225
1552
1728
2139
1859
1633
1949
1758
1562
1691
1686
1392
1302
1251
1366
1476
1444
1330
1366
1372
1113
979
777
871
902
461
168
175
85
-69
-209
-265
-180
-126
31
293
478
664
943
1243
1472
1572
1748
2165
2329
2180
2258
2186
2191
2005
1581
1647
1782
1627
1701
1529
1666
1806
1673
1470
1304
1112
796
794
501
145
-431
-391
-407
-452
-607
-552
-519
-706
-422
-352
-366
-500
-683
-1239
-1421
-1588
-1762
-2057
-2302
-2572
-2807
-2719
-2710
-2767
-2720
-2656
-2446
-2161
-2344
-2198
-1995
-2100
-2279
-2113
-1971
-1847
-1905
-1801
-1557
-1100
-741
-344
53
295
687
679
819
859
873
1136
1305
1488
1437
1334
1255
1494
1291
1036
944
825
747
530
708
579
360
157
-33
109
-33
-286
-344
-746
-783
-892
-1054
-1035
-967
-1134
-1122
-993
-856
-867
-826
-546
-340
-264
-225
32
3
-131
-274
-224
-529
-936
-1376
-1476
-1550
-1448
-1589
-1672
-1365
-1423
-1186
-1025
-1073
-1113
-1174
-1264
-1015
-1112
-1658
-1853
-1900
-1793
-1680
-1642
-1717
-1737
-1619
-1400
-1093
-1000
-726
-868
-1002
-838
-908
-1039
-1388
-1419
-1524
-1496
-1443
-1409
-1179
-915
-535
-449
-361
-231
-101
-228
-204
130
117
130
123
11
64
72
552
800
1055
1404
1551
1932
2301
2332
2303
2513
2634
2649
2727
2693
2588
2924
2797
2576
2297
2140
1960
1929
1816
1533
1272
1062
676
352
-113
-308
-497
-747
-734
-755
-843
-943
-637
-361
-295
-217
-97
5
296
184
254
458
383
353
525
645
1051
801
499
572
638
312
-53
58
-307
-378
-439
-134
208
368
335
330
456
260
71
93
-94
-370
-721
-819
-828
-605
-285
-51
238
271
131
249
372
314
214
145
28
-141
-396
-509
-605
-475
-561
-441
-176
181
573
1072
1236
1140
1150
1043
1149
1149
892
918
979
856
707
837
833
989
944
967
1378
1486
1407
1348
1563
1713
1740
1765
1630
1483
1561
1608
1672
1411
1341
1403
1275
1249
988
1206
1165
944
919
605
565
669
412
34
-245
-227
-291
-288
-259
-326
-363
-64
175
336
186
393
665
744
948
1131
1366
1548
1480
1372
1536
1434
1261
1150
1102
999
884
973
1102
1251
1134
1143
1332
1139
1114
1024
875
605
40
-50
-435
-555
-658
-892
-652
-347
-300
-506
-270
-151
-106
-36
-11
-10
-311
-602
-873
-969
-1198
-1154
-1100
-1125
-1039
-1182
-1232
-1256
-1492
-1263
-1069
-1244
-1196
-970
-755
-685
-592
-668
-340
-193
-449
-164
-196
-259
-143
-87
0
-168
-359
-24
325
308
365
422
317
459
504
389
487
197
-98
-153
-307
-386
-450
-441
-660
-874
-1102
-1339
-1309
-1464
-1837
-2012
-2082
-2133
-2174
-2171
-2070
-2076
-2198
-2257
-1908
-1868
-2059
-1886
-1656
-1586
-1757
-1734
-1478
-1369
-1375
-1388
-1165
-948
-918
-802
-804
-464
-424
-275
81
289
195
55
39
95
-150
-312
-402
-329
-591
-876
-884
-886
-984
-1124
-1044
-1078
-975
-1257
-1405
-1439
-1719
-1854
-1670
-1520
-1641
-1592
-1385
-1211
-1261
-1389
-1171
-1300
-1208
-1090
-1066
-1005
-833
-868
-728
-612
-767
-679
-505
-408
-103
-3
-153
148
176
51
294
610
896
712
679
650
766
801
763
1037
1201
1353
1357
1576
1747
1790
1632
1465
1167
1174
982
776
899
642
476
88
-232
-357
-251
-400
-902
-1234
-1312
-1282
-1383
-1162
-991
-1146
-1187
-1124
-915
-684
-847
-1267
-1242
-814
-891
-890
-877
-826
-641
-715
-399
-89
88
231
328
442
646
797
662
884
791
823
997
961
992
1025
896
1084
1349
1452
1695
1773
1751
1797
1969
1909
1872
1642
1265
1452
1895
1729
1743
1359
1188
1208
855
753
508
516
528
670
951
801
536
532
383
535
430
505
406
268
296
-130
-236
-349
-447
-540
-518
-300
-305
-256
-201
-176
-433
-448
-195
-151
-363
-245
-18
-2
-13
148
177
123
75
51
131
237
49
51
54
-320
-874
-728
-920
-1093
-1020
-1117
-988
-775
-1033
-1003
-810
-1062
-844
-1061
-1211
-961
-834
-644
-547
-661
-651
-431
-291
-267
-92
-102
-21
151
-21
134
640
921
1251
1348
1188
1695
1988
1835
1612
1543
1539
1373
1465
1497
1535
1275
1525
1622
1707
1645
1642
1755
1316
1319
1379
1332
1210
1067
554
83
106
-97
-102
-19
-366
-369
-411
-273
-249
-403
-694
-703
-575
-483
-544
-683
-660
-595
-468
-321
-525
-582
-343
-360
-217
-179
-362
-210
-191
-419
-360
-163
-143
-111
-173
-19
-23
-58
62
296
475
446
701
621
211
-63
-98
109
34
-220
-220
-243
-148
-141
-115
-217
-192
-385
-399
-248
-423
-542
-362
-414
-562
-440
-406
-531
-509
-494
-510
-555
-460
-283
-303
-231
-341
-469
-402
-518
-424
-419
-513
-292
-312
-441
-399
-112
-338
-263
-200
-623
-718
-1049
-1158
-1170
-1242
-1279
-1606
-1702
-1477
-1130
-1016
-996
-1076
-992
-936
-1042
-698
-658
-555
-579
-631
-653
-367
-147
-496
-578
-470
-532
-708
-1003
-1142
-940
-1048
-726
-253
-44
-16
11
66
451
642
669
436
167
284
83
268
-115
-268
-427
-392
-243
-176
72
64
26
134
329
350
-1
-136
-258
-362
-514
-869
-1312
-1378
-1315
-1369
-1299
-1296
-1205
-1493
-1590
-1540
-1424
-1353
-1503
-1257
-976
-944
-704
-677
-644
-357
-277
-103
9
85
85
194
387
554
531
585
657
848
947
675
604
787
1220
1354
1425
1479
1315
1294
1143
1100
1066
927
1248
1381
1241
1267
1294
1529
2052
2273
2327
2118
2051
1999
2118
1962
1875
1480
969
1132
1019
921
802
314
-109
150
339
211
53
-164
30
273
271
-126
-390
-291
-516
-605
-693
-692
-1075
-1098
-873
-933
-675
-835
-745
-522
-421
-415
-466
-233
-521
-673
-685
-466
-190
-179
-339
-326
-423
-526
-232
-298
-330
-208
-166
-38
2
-446
-533
-315
-452
-343
-300
-350
-15
71
-240
-389
-360
-456
-418
-77
-219
-398
-423
-303
4
199
537
377
412
472
592
827
643
514
485
483
426
309
578
679
338
27
-226
26
140
-122
-372
-510
-570
-601
-651
-453
-279
-173
-290
-440
-442
-568
-478
-525
-615
-560
-176
4
-11
-168
-312
14
5
-170
-174
-198
-7
190
316
494
234
-248
49
450
514
576
339
398
711
938
957
1040
1193
1364
1508
1420
1275
1332
1539
1496
1600
1464
1196
1414
1564
1526
1379
1287
1449
1507
1619
1351
1217
1088
1069
1287
1247
1237
807
647
807
527
188
142
212
187
13
-129
-89
-173
-450
-797
-474
-365
-350
-512
-536
-378
-155
39
-164
-254
-345
-481
-434
-233
-87
-382
-544
-506
-186
-108
-164
-388
-176
80
112
384
152
62
-307
-425
-466
-568
-898
-992
-811
-573
-532
-462
-528
-599
-403
-411
-310
-78
-58
190
196
400
839
609
557
525
504
482
736
984
649
685
778
679
902
753
583
889
628
678
1051
586
192
140
-33
58
161
-229
-141
6
-225
-319
-319
-525
-565
-525
-505
-427
-642
-633
-437
-470
-651
-819
-1084
-1052
-844
-941
-1029
-1264
-1430
-1297
-1454
-1610
-1525
-1635
-1726
-1661
-1777
-1793
-1822
-1794
-1980
-1675
-1605
-1445
-1299
-1429
-1094
-1365
-1148
-639
-515
-783
-971
-1136
-928
-653
-630
-359
-504
-443
-312
309
670
1037
1272
1241
1503
1505
1683
1880
1921
1431
1443
1638
1851
1608
1383
1542
1458
1431
1444
