-2879
-2790
-2798
-2673
-3011
-2593
-2265
-2295
-1920
-976
-724
-758
-696
-760
-804
-1454
-1451
-1864
-2216
-2174
-2035
-2160
-2250
-2039
-2070
-1547
-1659
-1982
-1859
-1894
-1465
-1386
-1151
-1194
-1381
-1460
-1569
-1554
-1510
-1501
-1251
-1069
-1051
-476
-834
-923
-707
-608
-637
-225
-169
-165
-321
-883
-769
-1074
-1023
-712
-403
-45
9
-157
-297
-400
-684
-599
-539
-548
-345
143
438
529
915
1075
1413
1429
1834
1816
1674
1429
1434
1102
1142
961
903
1192
1305
1477
1180
713
186
391
246
633
423
138
20
-339
-531
-444
-268
-61
102
182
332
258
145
271
360
283
-75
-104
-89
-69
-97
-331
-437
-443
-507
-421
-111
217
170
278
246
567
1048
1380
2042
2479
2841
2327
2540
2680
2447
2219
1959
1931
1439
1437
1455
1568
1732
1677
1389
846
749
378
0
-240
209
-2
224
406
714
969
1320
1717
2048
2155
2031
1455
1132
1048
666
614
373
193
460
463
563
766
573
345
-38
7
-105
167
475
867
979
1281
1660
1840
1960
2295
1881
1734
1970
1835
2490
2802
2961
2964
2630
2278
2279
2114
1664
1528
1279
1401
1600
1436
1485
1661
1771
1517
1654
1744
1846
2222
2515
2429
2814
2873
2772
2585
2580
2289
2407
2323
2060
2545
2476
2704
3064
2806
2808
2717
2545
2287
1975
1876
1687
1272
1192
1061
979
1324
1220
1522
1772
2119
1900
1908
1974
2198
1617
1583
1600
1482
1121
1380
1271
784
766
625
825
790
922
576
292
-31
-103
-426
-75
-88
1
10
204
60
-320
-780
-1391
-1500
-1977
-1675
-1882
-2001
-2159
-2110
-2150
-2395
-2034
-1903
-1970
-2048
-1795
-1835
-1868
-2070
-1906
-1991
-1997
-1759
-1979
-1800
-1814
-1994
-2247
-2634
-2934
-2993
-2945
-2901
-2775
-2651
-2564
-2627
-2669
-2248
-2379
-2163
-1777
-2184
-1985
-1721
-1580
-1584
-1780
-1108
-770
-796
-1005
-1155
-1191
-1462
-1243
-1532
-1906
-2421
-2798
-2992
-3129
-3052
-3013
-2569
-2324
-2178
-2190
-1761
-1732
-1474
-1411
-1366
-819
-971
-887
-862
-711
-656
-553
-511
-793
-1515
-1712
-1286
-1802
-2200
-2210
-1914
-1880
-1836
-1701
-1444
-1046
-434
-313
-162
-134
-53
-75
-189
-166
-223
-507
-320
98
396
294
-152
257
220
140
-34
300
319
189
376
505
1236
1085
1376
1439
1894
1874
1696
1983
1899
1874
1926
2205
2097
2408
2705
2610
2041
2371
2438
2456
2540
2520
2643
2549
2636
2468
2121
1753
1911
1700
1856
2058
1875
2412
2345
2462
2650
2332
2632
2556
3017
2942
2761
2470
2103
2279
2178
1972
1806
2069
2183
2650
2260
2096
2095
1978
1701
1069
745
445
191
-407
-386
-441
-793
-299
-581
-865
-1188
-1936
-1894
-2074
-2255
-2541
-2680
-3006
-2922
-3272
-3698
-4191
-4948
-4733
-4811
-4867
-4787
-4630
-4474
-4223
-3997
-3716
-3614
-3448
-3053
-2405
-2304
-1692
-1666
-1451
-720
166
750
1003
1541
2432
3108
2870
3032
3354
3678
4420
4781
5191
5369
5765
6047
6003
6497
7063
6765
7305
7843
8206
7967
7669
7838
7650
7035
6478
6610
6471
6080
6083
5718
5513
5158
4603
4383
3798
3117
2923
2243
1569
1116
240
-319
-1155
-2078
-2203
-2651
-3065
-3589
-4164
-4503
-5142
-5640
-6307
-6530
-6586
-7791
-8465
-9061
-9545
-10210
-10640
-10320
-8705
-8747
-10182
-11849
-11003
-7267
-6681
-8529
-9993
-7079
-4266
-5167
-5897
-5484
-2700
-194
828
1527
2196
3267
3411
4613
6537
8021
7067
6747
9137
10902
10372
8416
9608
11345
10625
9419
9677
10918
9796
8368
8739
8999
7430
5650
6222
6758
5144
2899
3290
4703
3684
1481
783
871
-184
-1128
-805
-1340
-3116
-4287
-3495
-3463
-4634
-5452
-5553
-4828
-5585
-5987
-5288
-5166
-5598
-6088
-5894
-5514
-5848
-5742
-4906
-4952
-4798
-4529
-3624
-2898
-2800
-2782
-2162
-1555
-1739
463
217
565
-627
2069
3911
2372
2653
3425
4738
4426
4685
4682
3183
3945
5068
4286
2976
3379
3371
1376
2594
3249
2498
-886
214
935
-714
-1604
-1557
-1222
-3058
-3070
-2000
-3530
-4427
-4156
-4406
-4699
-5402
-4426
-4553
-5432
-5546
-6439
-6881
-6635
-6116
-6465
-6920
-7229
-6816
-6319
-5750
-5426
-6145
-6325
-5586
-5312
-5085
-5506
-3767
-3175
-2460
-2305
-1483
-516
-253
-44
384
1336
2122
1962
3288
3751
3645
3962
4784
5848
5177
5247
5906
5779
4512
5177
5635
6144
5740
5869
6661
6195
5573
6210
6625
6066
5001
4057
4460
3406
2420
1482
1379
718
155
-266
-654
-1156
-1764
-2580
-3080
-3406
-3979
-4016
-4342
-3886
-3790
-4178
-4245
-3774
-3980
-4172
-4710
-4621
-4488
-4283
-4276
-4871
-5103
-5397
-5552
-5253
-5613
-6202
-6897
-7084
-6593
-6682
-7029
-8009
-8524
-7630
-5606
-6147
-6643
-8005
-4936
-2976
-2394
-3581
-2558
4
2215
2182
2565
2634
4058
5128
6425
6878
7449
6984
7712
8618
9313
9149
8196
7977
8586
8430
8261
7992
8636
8677
8411
8167
8369
8113
7808
7547
7388
6768
6441
6037
7211
8571
4362
2455
1807
6222
5171
1966
1172
1389
2983
3337
2364
-301
-1519
2342
2694
-153
-1312
599
-303
-1651
755
1458
-1525
-3770
149
-32
-3103
-3896
-3297
-4044
-5468
-4734
-5994
-9301
-9200
-8646
-11188
-12450
-13141
-12683
-14900
-10908
-12982
-16609
-20982
-15906
-11826
-16234
-17467
-17258
-12298
-11997
-11911
-12293
-12869
-8122
-4085
-3074
-2881
-991
938
-84
4365
7325
8763
5337
9139
14533
14669
12905
13131
17072
17482
16011
16143
16928
17865
15638
16068
16795
16445
14137
14177
16375
15312
10948
9414
12159
11885
7963
6563
6834
5380
2260
2568
3722
1080
-1826
-1616
-290
-2448
-3699
-2115
-2139
-3791
-5625
-2878
-1655
-3758
-3963
-3445
-1262
-2349
-2093
-1237
245
1520
2345
2407
2323
3492
4624
4219
5539
5659
5209
3795
5835
6629
4624
2699
2292
1782
-444
-1427
-2992
-5686
-8049
-8071
-8345
-7710
-10395
-11873
-17263
-15740
-12955
-14069
-15629
-17682
-13594
-12928
-12883
-13417
-13186
-10368
-7998
-6311
-5734
-4428
-3251
-3643
-1371
802
4006
910
2859
6183
7629
6189
5130
8666
8353
7022
7238
7911
8651
7351
8868
9999
10700
10429
10902
11877
11932
9819
8035
9965
10072
7976
6532
6448
6630
4402
4801
5020
3377
2071
1300
2868
2117
1137
1595
2014
3025
1666
1495
1727
3922
5464
3674
3610
4132
5995
6647
7005
6660
5964
7508
8945
8774
7418
7293
7069
6276
7763
7339
5444
3223
3688
3127
454
-752
-1628
-3136
-6969
-8161
-11243
-12494
-15962
-15766
-18994
-16080
-16991
-22151
-28193
-28621
-17972
-22652
-26315
-28999
-22960
-19546
-21922
-21763
-22124
-19448
-14047
-13086
-12094
-11671
-6955
-9510
-5258
-1315
3893
284
-439
8052
9755
8720
7878
13542
17177
13048
14440
16875
19114
16687
15646
18090
17832
15283
14090
17803
17795
13537
10923
13482
15853
10778
8804
9416
8556
5050
3753
7218
4012
-35
-662
2120
1234
-2325
-1665
1870
576
-3190
-2924
-987
897
-1938
-2778
-1193
-1934
-1470
-1175
-580
-1133
-894
2212
1932
688
2619
3395
2163
2147
3174
2046
-480
124
1105
-1644
-3400
-3409
-6725
-7338
-8172
-9848
-14111
-17523
-14500
-17615
-14550
-17542
-23515
-29963
-25238
-13241
-18824
-25897
-26503
-17459
-15126
-19764
-20799
-20330
-14547
-11057
-9193
-8548
-6515
-2960
-6583
-19
5130
6649
900
3078
14147
13506
8369
9294
16302
16822
11917
13762
16213
15526
12253
14522
16865
15008
11567
12199
16671
14974
9551
8538
12292
14104
8058
6236
7481
6603
3959
4963
7140
2771
-1666
596
3483
1739
-2393
-303
-125
905
-395
-799
-1479
-3450
1988
-60
1090
-1471
270
3546
4718
3702
1285
2483
6595
7070
6892
6424
6551
3329
5951
6936
6972
3153
1966
3442
149
-519
-2349
-4284
-8055
-11785
-12416
-15686
-15880
-18267
-18439
-16406
-22500
-26081
-31359
-19042
-17353
-25657
-30608
-26647
-16259
-20493
-24470
-23651
-20075
-14623
-13421
-9438
-10482
-7987
-9570
-6511
1593
4093
4227
-1585
7828
12464
9593
8167
12257
18096
13397
11559
16740
19234
17217
15727
20343
20070
17339
15842
20336
22345
17001
14409
15825
19605
16147
11774
13774
12682
10448
7438
11208
10474
5044
4015
7122
7260
1594
2030
5808
6995
1969
-756
1388
2713
3395
4549
4552
2605
1489
6464
8612
6416
3680
5193
7898
7843
8210
6730
3422
1598
3026
4675
2736
621
-1604
-3917
-5663
-6423
-8052
-12638
-14219
-17689
-20563
-22065
-21003
-19621
-19376
-26325
-29193
-32365
-22150
-19079
-26704
-30944
-28347
-18649
-19873
-23948
-24782
-21354
-15408
-12460
-10329
-9472
-6969
-7605
-6038
1354
4942
5031
-961
7485
13710
11186
8076
12245
19186
15645
12601
17731
20779
17544
13955
18769
19647
15936
13447
18240
19523
13347
9721
11867
15251
11409
7196
8704
7885
5280
3366
7186
6109
770
-205
3058
4052
-406
-1185
1561
1692
586
177
3
-582
-647
2860
2256
-511
-2612
159
3996
3270
-889
-2592
148
3211
3901
3598
1024
-1484
-2805
2573
3107
-141
-4611
-5285
-4915
-7116
-7996
-9430
-13539
-17657
-18719
-20176
-17842
-21314
-18925
-24685
-29615
-31391
-29201
-20548
-25483
-29351
-31738
-24411
-18675
-22273
-23858
-23244
-15850
-13037
-9632
-6613
-5746
-3954
-5948
2621
6278
8077
3577
4443
12907
13192
11344
10902
17001
18783
13966
15852
18943
20266
16499
17760
20695
18303
15418
16302
21152
17777
12178
11377
14394
14674
8853
8827
8792
6964
4124
5056
7081
2225
-103
-125
3144
410
-2222
-967
1269
2169
101
-326
-1368
-595
1533
3448
649
-3664
-2376
2935
5104
1660
-2697
-435
3034
5709
5154
2092
-480
-1854
1455
3750
1859
-2841
-5918
-6457
-4827
-6318
-9882
-14206
-16880
-19414
-19481
-18632
-15799
-19741
-29464
-30200
-27663
-18713
-24427
-29181
-29089
-25585
-20929
-22993
-23026
-21402
-18426
-13141
-10556
-5624
-5081
-2731
-4132
3028
8639
9687
8844
8917
16722
16467
14048
15945
19144
21454
17685
19261
21376
20500
18392
19251
20848
17254
14700
15988
19144
15854
10672
10863
11932
11986
8082
7328
7522
3928
3173
4266
5175
1241
-814
1498
2618
273
-329
2232
839
2162
2320
3719
134
-45
6483
7215
5108
2629
5401
9488
11284
10396
8143
8052
11821
14587
13474
12376
9515
7203
9999
11042
9509
3518
2789
3280
179
-4045
-5644
-8853
-12573
-17041
-17038
-18706
-15969
-19449
-27685
-30818
-28385
-19399
-28479
-30892
-31153
-26512
-24449
-25877
-24681
-25586
-21889
-15456
-13422
-12171
-10593
-5355
-9256
-2855
1851
6419
2628
3513
13049
13188
11376
12353
18125
20015
16370
19353
22896
22639
18866
21014
23696
20973
17946
18874
23760
20312
15409
16079
17939
17598
11214
11967
12719
8510
6017
7720
10065
3619
1135
3780
5813
1614
1016
2023
3193
2004
902
2635
-354
1100
2625
5050
3708
1166
3135
5799
6183
3997
2798
3806
5058
6103
5579
5174
1980
3256
3120
3915
1447
-1535
-1924
-3129
-4743
-7906
-11211
-13088
-15185
-17627
-19015
-17061
-13502
-23479
-30061
-31604
-20018
-20285
-29602
-31955
-28360
-21338
-23457
-26324
-25846
-24010
-18529
-15561
-11720
-11294
-8961
-9598
-5557
2508
4644
4980
2128
10472
15170
13102
12577
16287
20859
17287
16356
21892
23241
19246
17217
22170
21376
16605
14570
20161
20939
13415
10721
14233
16165
11151
8390
11355
7708
3388
4275
8914
6207
-1393
-1392
2642
2203
-2163
-2255
1817
67
-4238
-2701
762
2294
-1148
42
949
-489
2490
4628
4034
1151
2708
5727
6709
8287
8631
6181
3478
6588
7413
6205
4218
1548
940
-655
775
-2702
-8079
-10449
-9549
-13554
-17974
-16799
-8422
-17505
-29292
-32690
-21396
-14480
-25357
-31064
-30350
-21697
-20775
-24745
-24985
-23716
-21177
-18021
-11377
-9291
-11560
-12251
-9245
690
1953
3363
825
5941
13707
13014
11898
14361
19467
18474
15353
20418
22379
19477
16526
21941
23721
18681
15611
20148
24111
17312
12971
15783
17015
12703
9556
13535
10332
3332
3039
8017
7602
-118
-1409
2365
2152
-1980
-1945
2245
852
-4131
-2929
734
724
-1144
-591
1254
-918
-702
2957
4069
3057
2237
2953
4199
5867
8181
8090
4731
3108
5527
6346
6318
3334
2489
183
-56
-1047
-3569
-7670
-8753
-12929
-15078
-16409
-7676
-12051
-25212
-31770
-23902
-11126
-21713
-29667
-30715
-21705
-18043
-22497
-24021
-24781
-21415
-16642
-12344
-9932
-11968
-10382
-11265
-805
3013
3872
-1214
2258
13957
13633
8961
10059
16715
18102
12860
17825
22355
19856
14010
19039
23521
18610
13586
17626
24013
17297
10722
15089
18977
15236
8429
12381
12665
6350
4301
9801
10407
1669
-722
5210
6132
-459
-2985
3119
3809
-1927
-1594
1833
4707
549
2615
3977
2366
3396
7704
7787
5794
5797
8299
7256
8275
9508
9370
5061
5884
6749
6074
4393
2598
446
-2344
-3736
-2872
-8088
-11569
-14193
-15617
-17982
-18236
-8556
-18419
-26466
-32264
-18834
-12909
-24656
-29294
-30177
-18984
-20451
-24352
-25289
-24070
-18762
-19333
-12230
-12035
-11612
-14533
-11410
302
164
218
-5198
3370
10111
7537
6097
9117
15533
12667
11168
17606
20218
17620
14474
20807
20723
16384
15263
20882
23899
14410
11746
15985
18592
13609
9689
13911
9785
5968
6465
11400
7322
606
1048
4638
3867
-694
1443
1819
-965
-3112
-865
3338
-149
-1005
-89
790
134
1000
3290
2767
1969
1506
3503
3925
4612
3897
3765
3817
1468
1488
2870
2427
-711
-3731
-4150
-3553
-5962
-6931
-10593
-11862
-16205
-15398
-15209
-7567
-16319
-25584
-30714
-20701
-10518
-21275
-26657
-31196
-19082
-16340
-17060
-21970
-25125
-18014
-13556
-7257
-10104
-12427
-10224
-9263
3122
2399
2320
-4231
3454
11191
10318
9381
10266
14653
12391
15197
19863
17331
15911
16367
22845
18451
14988
17468
20562
20789
15277
14926
15225
15401
15722
14374
13135
7121
7455
9854
10992
7038
1256
3305
2297
3888
1021
2626
-588
-749
44
271
368
-1713
2875
989
309
-147
1662
4468
3752
4051
1695
2622
4751
6634
6125
4939
4471
1855
4096
6384
5392
-166
-2801
-1723
-1182
-4066
-5053
-9047
-11048
-15018
-13772
-15021
-12912
-12269
-23930
-26615
-28398
-11343
-18568
-28342
-29743
-23949
-15305
-21206
-22538
-23847
-22032
-15414
-14573
-9568
-12989
-8981
-13385
-5749
1391
544
-1716
-4532
8626
9713
5754
7097
12152
16728
9925
13123
19661
18761
14333
15674
22192
17372
14134
16260
22745
18963
10748
13595
16992
16519
10574
11070
13550
7360
5892
8521
11181
4040
95
4034
5209
2267
-268
2862
1141
-549
-563
1557
1211
-786
917
1171
643
155
2226
3595
3518
3039
3319
3370
3707
5144
5640
4779
2639
1912
3139
4252
1994
-978
-2208
-2344
-4404
-5650
-7123
-9421
-13047
-16187
-15295
-16216
-10326
-19342
-26298
-29741
-21112
-13227
-25873
-28551
-28759
-19705
-19273
-21852
-22885
-24622
-19241
-15382
-10089
-11800
-12774
-10907
-10141
648
-912
-278
-3948
2134
9844
6567
6194
9174
13013
11686
10648
16818
16779
15079
14076
19801
18118
14959
15901
19422
20644
14067
13358
16220
16471
15543
12488
14097
10049
8571
10523
12251
8468
3188
5348
6264
7332
2515
3771
3078
1727
2263
531
2558
506
2258
3312
1945
516
2480
5610
5581
4637
4090
4587
4171
5857
8196
4796
2114
1412
3339
4170
301
-1700
-3428
-4994
-5401
-6821
-8714
-12426
-15685
-16446
-15883
-16671
-13128
-22774
-26902
-29782
-19494
-17912
-27280
-29630
-26751
-18246
-20535
-23371
-23674
-21259
-16707
-15590
-9098
-10549
-10805
-11273
-5961
1871
-870
-425
-2088
5367
8622
6527
7355
10589
13800
11294
12751
17522
17849
16698
16518
20888
18413
17312
18610
21760
20763
14877
15171
18160
19243
16162
13455
14419
11206
11180
11486
12072
7378
4208
6263
8276
5068
2370
3169
7496
3851
65
925
4319
5833
4634
3202
1129
2988
8490
7747
3812
4508
7283
4999
5004
9328
8613
2806
880
6709
6346
2770
175
-866
-2190
-5788
-4795
-5837
-9608
-13889
-15011
-17527
-18438
-19453
-11738
-20723
-29144
-31533
-22204
-12770
-25687
-30102
-30151
-17634
-18307
-23883
-22933
-20577
-17589
-17515
-8679
-7862
-11285
-11326
-8775
2687
478
952
-2885
3595
10842
7736
6234
9548
14443
12441
10557
16204
17427
16020
13731
19550
18385
14327
14800
19884
22310
14015
11801
16394
17403
14898
11665
13882
9865
7938
10245
11464
7689
1294
4802
5621
5001
836
3212
3741
591
493
1662
3388
605
2148
3547
2307
528
1315
3680
4291
5505
3540
2549
3259
5497
5406
2784
671
-528
-396
192
-1909
-5177
-8482
-9107
-9948
-10885
-14432
-17116
-18439
-14890
-12712
-24526
-29252
-27954
-13664
-19782
-30829
-30516
-24105
-17219
-21976
-24489
-25992
-24640
-16774
-13378
-11099
-14864
-11766
-13280
-6761
1495
1010
-3074
-6737
5910
9821
4306
4428
11177
13924
6379
8691
17565
16970
10478
12710
20018
14701
9247
14467
22866
17596
6898
10801
17529
16191
9678
10866
13756
6722
5329
11576
15141
3731
-758
4877
9918
3423
-581
4544
5024
1816
-2055
2888
4027
2870
3207
2834
506
334
6641
8418
4371
2011
3953
7504
8101
10346
6841
4103
4105
6836
7523
5689
3014
-1180
-2338
-1458
-842
-4829
-8861
-11095
-11814
-16698
-16983
-16383
-9967
-19074
-30473
-30249
-23693
-12543
-25989
-30053
-31053
-22421
-17960
-21562
-21870
-25655
-21504
-16098
-9895
-9262
-13160
-9348
-12021
-2125
-368
2664
-2181
-1708
8452
7324
5332
8146
13230
12543
6848
12643
16332
14662
11679
16765
18163
11660
10969
17630
22742
14139
8950
14802
16736
14996
11615
15200
12060
6587
9047
14134
12667
3959
4905
7180
7805
4010
5962
8045
3365
1576
2650
7337
4691
3576
5113
5457
3848
3099
7307
9214
8012
4616
5550
7939
7585
6830
5861
6134
2238
971
3696
3386
-869
-6575
-6096
-5970
-9371
-12798
-16085
-9844
-8048
-21203
-27806
-27901
-9662
-16684
-29586
-30356
-23969
-14325
-21029
-23253
-25960
-24526
-17790
-13363
-10668
-14600
-11542
-14216
-7773
-511
685
-2471
-9681
4243
8896
3248
2100
8414
13835
4284
6193
16078
15588
8751
10798
19384
13181
7102
12799
23816
17928
6375
10971
19092
18219
11311
12940
15919
6775
7026
14336
17847
4830
53
6941
12272
6146
1809
6759
5770
5443
2001
5252
4242
3993
7062
5852
2861
2511
8142
10388
7392
5311
4551
5741
8364
12706
9869
5579
3716
4465
7957
7479
4630
-1021
-3369
-704
-517
-3101
-9024
-11397
-12113
-15106
-17782
-16539
-7990
-21141
-30713
-31545
-17182
-14251
-32329
-31042
-26872
-17905
-23635
-28244
-24655
-24185
-20538
-19789
-14349
-15417
-14689
-13371
-11159
-1802
-4068
-4476
-6792
3491
9586
735
1110
9638
13123
6033
5824
16945
15063
7843
9994
20356
15750
7970
12833
21049
17418
6756
12356
19926
14309
8329
11846
16768
8385
4944
12886
14603
6369
1086
7956
8823
4594
3418
5972
5843
266
3835
5133
3928
787
2730
5514
3477
3103
4405
4954
5078
4898
4931
5105
7307
6152
5390
4995
5175
3554
2554
4571
1607
-2449
-4534
-2923
-4339
-8184
-13186
-15358
-14834
-9343
-7995
-24501
-30582
-28032
-8430
-15562
-28644
-31699
-24768
-14019
-18287
-23285
-29073
-24628
-14838
-12780
-12919
-15942
-12497
-16960
-8412
1344
610
-8022
-10690
5958
9269
598
432
9685
11566
2265
5899
16820
13917
6335
12071
19428
10756
5094
15058
24131
14421
3893
11508
18740
15541
11835
13371
12578
4476
9854
18681
15095
1544
2455
12003
10516
4184
4717
9728
4996
2889
5577
7761
6033
5355
7321
5052
5379
7936
10063
8029
7899
8656
6848
6546
9994
11947
8103
4545
5911
7695
6119
6436
3934
477
-2106
-1789
-445
-5412
-9125
-11772
-13438
-15451
-9997
-10764
-21770
-29447
-26608
-9579
-19453
-29979
-31804
-21923
-14081
-25094
-26718
-25216
-21497
-18765
-16336
-12625
-15602
-16997
-15681
-4271
-1440
-5714
-8814
-5500
7673
4238
-259
3499
10365
10950
3252
9107
16282
11486
7781
13380
17625
9988
7489
16865
21188
11706
5946
15401
18496
13759
9737
14130
13869
6035
10628
15707
12611
3709
4378
10849
7742
5152
6035
7832
4856
4142
6037
5823
4927
5875
6391
3716
4534
7351
7403
6258
6296
6901
5941
7005
9424
8195
4582
4420
6208
6057
4783
4287
951
-1169
-1587
-381
-2656
-8006
-10782
-12713
-13601
-8823
-8396
-21693
-27888
-24837
-11487
-17620
-29288
-28217
-24942
-17348
-20635
-24518
-27478
-23534
-16020
-15061
-16168
-16331
-11938
-14715
-10351
-2668
-1812
-6284
-9492
4142
8164
585
337
8245
11105
3838
5401
14275
11808
5313
10464
16959
11093
5399
11536
19154
13364
5329
10288
16685
13584
10176
10951
12333
6169
9183
15138
12421
3026
3779
10392
9833
6151
4462
6800
4157
5541
6350
5553
4768
5123
7140
6421
6804
7039
6746
6932
8856
8902
6070
6267
9065
9492
6160
5007
6669
5391
3916
4942
2390
-695
-4245
-1504
-3211
-7509
-11157
-12580
-13740
-10132
-9626
-20897
-26809
-26882
-11073
-16633
-28229
-31656
-25680
-13635
-21024
-27746
-28744
-22617
-17660
-18336
-14400
-14638
-15588
-20482
-8175
1488
-2123
-9683
-9557
6144
6508
-1019
1811
9565
9699
1318
6684
16069
12272
5654
11419
17417
9788
5192
13843
21245
13162
3506
10745
17118
14136
9800
11439
12048
5063
8126
14443
13423
5109
4360
7820
7876
6248
7420
7036
3717
4132
4823
5869
6088
6700
5619
3316
5723
8449
8608
7111
8021
7863
6258
7370
10662
11578
8067
6423
7999
7949
7147
7922
5844
2678
-497
392
266
-3120
-6705
-9226
-12015
-11929
-7275
-10210
-20976
-27712
-22701
-10350
-19946
-29359
-30770
-20963
-15695
-24016
-26339
-25575
-21063
-17512
-14621
-12673
-14925
-15675
-14560
-4283
-319
-3458
-8946
-4964
6540
4927
582
3170
9041
8308
3545
9824
15298
9432
6629
13501
17396
8646
6050
15849
19832
9755
4964
13338
16906
11838
10361
13245
10217
4661
10681
15764
9771
2339
4063
10392
7066
5610
5625
5602
4036
4801
7533
5033
4535
5893
7241
6694
6765
7678
7358
8785
9114
7756
6649
8667
11165
9333
7345
6708
6855
6790
6747
6036
1954
-230
-785
1101
-3481
-7342
-10830
-10529
-13336
-11788
-8212
-19183
-24748
-30602
-12711
-13936
-25199
-30411
-27665
-13547
-19989
-25296
-26379
-21362
-17847
-19537
-13167
-13756
-13556
-18840
-10248
-828
-2516
-6192
-9299
3606
6562
392
980
7589
11074
2861
4485
14694
13525
5556
8565
17898
12946
3835
9138
19798
15231
2833
7009
16271
13117
7465
9098
13449
5508
4543
12426
14066
4458
-27
5658
8903
6474
3502
4532
3892
3645
4848
5370
5103
4091
4214
6237
6700
6368
5604
6916
9536
8795
6882
7043
9988
10186
8564
7574
8792
6773
5772
8163
7296
3307
-1363
1805
2401
-2051
-7690
-8569
-6904
-11871
-7532
-9460
-17065
-26445
-24534
-7535
-17744
-27486
-31540
-19093
-13665
-22734
-24888
-25189
-20513
-18993
-14478
-12389
-15557
-16452
-16181
-4296
-2001
-4392
-9057
-6037
5912
4457
-833
1441
8288
8585
1352
6989
14092
8901
3628
11322
16431
7429
3192
13467
19435
9552
2995
12199
15649
11084
8496
12235
11254
3559
9432
14702
10933
1958
5410
11405
8943
5156
6039
8607
5188
4543
6558
7715
6684
4928
7524
7809
6250
5889
7787
9962
8083
6488
6944
8451
9362
8287
7041
5702
6292
4919
6582
5243
1919
-1110
-1391
328
-3309
-7146
-9486
-9961
-12509
-7229
-12213
-18902
-25543
-21793
-9834
-18892
-27286
-30969
-20683
-14284
-22080
-27389
-26529
-19927
-17699
-15278
-15469
-15350
-15997
-16385
-5296
-2028
-3591
-9741
-6328
5503
4368
-1052
2194
9036
8747
2512
7515
14762
11104
5978
12044
15981
9440
5714
13868
19710
10375
2793
10905
15582
12260
7320
8971
9208
4008
7922
12418
9992
2233
2459
7405
8345
4891
3689
6386
3942
3167
4121
6406
6420
3657
4860
6263
6635
7059
6755
8024
8915
7536
6855
8659
11383
10163
7511
7417
9454
7310
7735
8057
5749
1977
239
2508
1492
-4188
-7866
-7342
-7954
-11761
-8884
-11843
-19037
-27014
-20696
-9732
-22992
-29863
-29524
-17364
-18034
-27784
-27555
-24532
-20256
-20985
-17522
-14450
-16398
-18768
-15133
-2792
-4033
-7614
-9700
-2371
4696
658
-306
3747
7734
5996
2925
10239
13107
7851
6290
13860
14280
7373
8194
16317
17317
8029
7529
14722
15458
11188
8980
11785
10119
5264
10317
12429
7431
2172
5290
10049
6420
3957
5435
5769
3529
3588
5009
5731
4880
3621
5000
6083
6329
6094
6225
7822
6363
5997
7906
9100
9234
6435
6192
7590
8235
5588
5835
4741
2291
310
169
1638
-5249
-8447
-9167
-9117
-10033
-6962
-13089
-22324
-24552
-16822
-9281
-23514
-30098
-27296
-17823
-16226
-25972
-26706
-23530
-19809
-18429
-15593
-14219
-16684
-16967
-13330
-3261
-4226
-7313
-8242
-1690
5739
128
-874
5550
9321
6070
3732
10844
12759
7507
8127
15016
12722
5927
8129
16952
16454
7313
6862
14558
14348
10015
10102
11571
8604
5654
11759
13270
6162
2271
6898
8355
6145
3385
5681
7204
2886
3428
3356
6388
5809
2936
3603
4768
5718
6239
6599
7313
6126
4432
7289
10461
9827
6604
5073
7138
9288
6575
7654
6302
2370
1165
2036
5176
-237
-6738
-8557
-5815
-6948
-4579
-8695
-17713
-21230
-21586
-6895
-15161
-26081
-29627
-21700
-11251
-21208
-26871
-26152
-19901
-19121
-17679
-13536
-14762
-16684
-19468
-6310
-2076
-6708
-9892
-6814
4324
1030
-2130
3418
7628
5788
1467
7063
12091
8050
5575
11537
13245
6813
6803
14376
17578
10078
4780
12215
15112
13120
10228
11017
10339
7318
10247
13804
11473
4551
5368
7596
10804
5900
4263
5377
6482
6463
2731
4196
5369
7002
5110
4110
4141
5959
8054
8088
7939
4831
4920
7976
11456
9967
4365
3603
7412
8021
7450
5388
2511
-273
-478
2970
941
-5527
-11650
-8293
-5769
-1402
-13550
-22300
-22028
-15927
-7102
-22385
-27225
-27641
-16673
-14136
-24294
-26856
-26183
-18507
-18466
-15506
-16315
-17845
-18108
-16134
-3228
-5570
-9671
-12258
-3697
3900
-2732
-4382
2065
5654
2276
1079
7930
9165
4669
6059
12585
9678
3926
7946
15016
13566
5331
6076
13492
12945
10988
10229
9181
6990
7229
13350
12836
6038
3818
7015
8539
6558
6388
6393
5991
3678
4515
6266
6548
7442
3827
3911
5677
7388
7580
6659
7234
6390
5905
8080
10240
8834
6461
5543
5628
7375
6716
7712
4144
280
-579
1315
1920
-1588
-8268
-10414
-10156
-1454
-1574
-20464
-24192
-21645
-3185
-15783
-25986
-26277
-22044
-14277
-21035
-22042
-27415
-23062
-19317
-17412
-14694
-18434
-15935
-20662
-8767
-4432
-7926
-12291
-10285
3268
108
-6417
-1538
6987
5348
-1865
5170
11964
6039
2706
12773
14460
2904
4129
16024
18188
6140
4114
13808
15289
9449
11095
13142
8723
4444
11945
18080
8491
2117
6343
12125
8792
5979
7503
6740
6146
5755
7331
4762
5245
5915
6018
7068
4660
5461
6526
9060
7733
4513
5238
7118
9322
7245
6569
4476
4800
5534
7551
7466
785
-1387
1174
3003
-1235
-5686
-8023
-8367
-6745
549
-11264
-21407
-22055
-8879
-7151
-22877
-25254
-22963
-13556
-16500
-21241
-25248
-24267
-16527
-15231
-13875
-17976
-15659
-15260
-12689
-5430
-5365
-8048
-12008
-2354
4821
-1893
-5849
3340
9467
1370
-1159
8860
11258
4386
5644
13848
8145
1734
9160
18706
11340
1194
6496
16376
12951
7463
10758
10046
4912
6022
16166
13232
2126
2166
10557
10753
4485
5081
6740
5998
4197
6285
7157
4261
5215
6181
7604
5980
4173
6245
9448
10077
6351
5095
8158
11211
10361
7554
7288
6266
7982
8114
9438
5226
28
1962
3992
2063
-3992
-4361
-5531
-7306
-8185
1300
-10619
-19562
-22189
-9111
-5352
-23616
-25492
-22465
-10434
-16271
-24980
-24803
-20400
-15300
-18601
-15018
-16716
-15958
-17922
-12981
-3738
-8562
-11381
-11958
-402
2504
-6484
-5041
4743
6500
-1737
-1349
9413
8862
1812
5262
13019
6329
1878
9674
17372
8811
939
8146
16304
10632
7455
8988
10148
4917
7727
14747
11049
3938
3731
11572
9943
7269
6377
7159
7200
5904
8451
6904
5716
5714
7542
9103
6837
5431
7147
9997
8843
6149
6096
7924
10049
7290
5707
5121
5328
6199
5034
6599
2080
-937
208
2172
232
-5644
-7569
-7558
-7700
-4528
-3877
-16909
-21485
-19183
-4198
-11843
-25945
-26429
-16790
-8874
-20250
-26192
-24182
-17266
-16200
-16688
-14543
-16840
-15775
-16304
-5991
-3904
-8948
-11204
-6256
3777
-403
-6497
-971
7311
4174
-2873
2246
9713
6384
1802
8906
10583
2739
3412
12810
15276
3347
910
10874
14493
7891
6603
11008
7696
4457
8709
15710
8866
1702
5671
11627
10185
6678
6742
7361
7201
7157
8998
7497
6537
7002
7967
9727
7037
6736
8531
10463
8798
6619
6860
9480
10355
8469
6540
4986
6545
8575
6954
6090
720
976
2915
1990
-601
-6411
-5402
-7414
-7765
-7748
-3642
-12070
-19349
-21754
-12095
-5731
-22126
-26781
-23408
-10101
-13913
-26046
-24152
-18128
-13170
-17932
-16539
-13750
-12130
-15904
-12872
-2690
-5469
-9369
-9505
1670
3296
-6113
-2750
6767
7882
-705
-1183
9930
9751
2979
5129
11444
7048
2501
9238
15930
8520
901
7761
14417
10261
7273
8215
9391
5880
8820
13570
9079
3917
6348
12333
9646
5388
6227
8974
8530
6890
7780
5859
6836
8652
9158
7080
5134
7703
9259
9445
8968
7133
6221
7918
10449
9801
5656
4435
6415
8128
5504
4165
3327
1146
494
-23
1076
-3787
-6388
-7957
-7362
-9683
-5814
-8147
-16476
-22010
-18746
-6097
-15886
-25149
-25464
-15139
-12415
-23409
-24772
-19883
-15106
-18254
-16821
-13532
-12361
-14481
-14271
-5579
-5616
-7135
-8407
-3043
2418
-1886
-2561
3251
7085
3466
-289
6066
10271
5984
3889
9749
9865
4975
5126
12399
12659
5300
5165
11958
12514
9563
8048
10118
8648
6845
10281
10641
7064
5371
7968
8054
6828
7193
8876
7243
5386
7370
7961
7573
7779
7120
6896
7283
8751
9589
7831
8405
8112
8578
9344
9735
9122
7342
6884
7509
8050
6304
5089
4565
3337
1578
1538
382
-1936
-5464
-5821
-7239
-8386
-12385
-9681
-8924
-15711
-22417
-23791
-10048
-13932
-24922
-28831
-20551
-13198
-20840
-25002
-24051
-19530
-18482
-17172
-14792
-14576
-15311
-17834
-9389
-3947
-5759
-10463
-9191
401
1101
-3508
-2298
3918
5245
-558
1610
9598
8303
1723
6128
12280
7782
2153
9137
16268
8917
2795
8847
15044
11525
7571
9831
10971
6948
7965
12829
10942
4960
4156
10479
10401
7464
6256
7861
8595
7144
7770
7118
8567
7853
6929
7219
8253
7920
6580
8088
8524
7301
5908
7301
8868
7072
5740
5501
6534
5272
3730
4399
3588
377
-1886
-229
-1549
-5149
-7797
-8100
-8617
-12965
-11308
-8944
-14356
-21218
-25432
-12464
-12870
-21988
-28643
-22808
-14722
-19704
-23896
-25082
-18938
-17241
-16867
-16687
-14785
-12381
-15885
-10120
-4328
-3514
-9742
-8383
2835
3918
-3266
-3115
6464
9422
2442
2782
10422
10042
4315
8717
15560
9152
3214
10930
19261
11735
5073
11022
16410
12885
9856
12869
12712
9097
11301
15839
12073
6991
8299
14417
12181
7018
8710
9774
10130
7342
8855
8420
8195
8408
8222
9136
8829
7736
5830
9299
10370
7564
5745
7691
9699
6118
5339
6954
6441
3803
2994
4906
3791
-1050
-1422
-392
-2577
-6057
-7195
-6407
-10368
-14148
-11963
-8725
-14343
-21736
-26374
-16958
-14166
-20267
-27836
-26783
-16986
-18443
-22751
-25875
-20904
-17542
-17400
-17451
-15255
-11769
-15234
-12338
-6629
-2402
-7243
-9790
-393
3601
-269
-2412
5056
9276
3944
2340
9292
11524
6361
6791
13003
11998
5858
8463
16640
13735
6991
8981
15105
13760
9497
11242
12886
9848
8897
12785
13093
7553
6206
10482
12031
7107
6680
8679
9202
6461
5340
7819
7385
7105
5540
6954
7844
5928
4778
6368
7660
5861
5005
6383
6511
4549
4955
6474
4850
2786
3371
4176
3866
329
-683
-804
-2893
-3927
-6742
-7116
-9663
-11704
-13704
-12005
-12204
-16031
-24384
-24561
-14337
-16297
-23724
-30878
-21437
-17331
-21631
-24729
-23346
-19263
-20216
-17714
-15258
-12367
-15371
-15565
-7337
-2420
-4177
-9814
-3689
2740
2059
-721
2753
7306
5437
3186
7553
11209
7953
5401
10991
13701
8418
5917
13362
16542
10244
8232
12558
14666
11675
11630
13608
11709
9488
10920
13924
12373
8441
8269
10179
10355
9910
8551
8509
6833
7212
8234
7101
7128
6220
6023
5738
6467
6436
5448
6580
7607
6384
3677
5468
7141
6645
4679
3066
4661
3492
3686
3965
1883
-1675
-4145
-1202
-495
-6356
-11665
-11496
-10189
-12084
-13733
-12646
-17977
-24180
-25194
-15045
-17255
-24477
-31246
-23537
-17504
-21279
-24689
-25521
-19591
-18447
-17058
-15263
-14291
-13645
-13749
-7979
-4830
-4701
-8197
-4215
2138
2696
-463
1195
7340
7644
4088
6690
10702
9995
7708
11843
14688
10575
7718
13425
18131
13205
9617
12086
15826
13880
13190
14244
12474
10013
12054
15243
12787
8021
8506
11379
11014
9007
7640
8132
7208
6835
7192
7855
7410
5424
5830
7567
8170
5452
5340
7655
8563
5869
4462
7029
7925
6199
5001
6294
5785
3346
3864
5341
2926
-1063
-1380
273
-1940
-6038
-7547
-8460
-8674
-12139
-11705
-11128
-15596
-19964
-24491
-15458
-17541
-21919
-28121
-23844
-17715
-21065
-23720
-26081
-19420
-17752
-17400
-17823
-15551
-11669
-14282
-9787
-5851
-3481
-6603
-5930
1343
3115
989
488
5630
7946
4475
5688
10341
11487
7038
9350
14360
12640
9092
11535
17193
14567
9770
12289
15634
14994
11972
13394
13632
11764
11564
12951
13281
8419
8221
9317
9485
8359
6092
8041
5669
5332
5861
6779
7037
4238
4442
6167
7622
5511
4872
6372
6878
5835
4483
6532
6119
4874
5000
5055
5527
2986
3078
3625
2040
-194
-2235
-1441
-3550
-5580
-7777
-9186
-10909
-15157
-12593
-11967
-15142
-23050
-27340
-17272
-17781
-21466
-30092
-25289
-19969
-22268
-24063
-25891
-20223
-20936
-19610
-17979
-14308
-12783
-16860
-11196
-6359
-3327
-8665
-6638
1452
2948
-910
-519
6617
8486
3696
5464
11314
11794
6572
9907
16134
13148
7482
11133
18093
15073
9419
12502
16120
14005
10625
14213
14984
10279
8218
11588
13818
8148
6362
7831
8987
7940
5744
7437
6468
5340
5698
6389
7602
4567
4465
6729
8305
5657
4132
6752
8049
7324
5156
7447
7150
6065
6452
6711
6434
3112
3678
4992
3780
602
-1156
-1152
-2439
-4675
-6717
-9241
-11346
-13547
-10293
-12752
-16757
-24844
-23452
-16322
-19007
-24283
-30387
-22422
-20672
-22922
-26512
-24689
-20140
-21263
-18998
-17563
-13154
-15205
-15494
-8710
-4496
-5211
-9674
-3732
2603
1540
-1891
2047
7896
6135
3072
7615
12151
9328
5947
12418
16013
12039
8040
14570
18505
14066
10885
14467
16867
13984
13277
14665
13904
10614
12093
14736
13136
7814
7986
11431
11823
8358
6473
8569
7812
6573
6655
8120
6855
3949
5674
8815
8313
4570
4808
7949
8356
6368
5966
8032
6675
5889
6184
6661
5055
3816
4624
3652
1470
-627
-569
-1995
-3962
-7417
-9316
-10362
-12279
-14595
-13665
-15831
-19678
-26400
-22450
-18504
-21101
-27804
-29121
-22348
-21506
-23975
-27361
-23426
-20561
-20587
-18578
-16413
-12993
-15684
-13054
-7681
-3637
-5180
-6721
-1256
3011
2032
321
5149
9469
7001
5111
9804
13807
10616
8932
13734
15713
11867
11057
16581
17951
13565
12367
16388
17657
13548
13523
16137
13290
10460
11858
15560
11584
7323
9302
11230
10259
7328
6467
7779
7231
6793
5518
6138
6288
5741
5789
7223
6477
4882
5905
7286
7977
5682
5401
6699
6937
6745
4685
5856
5431
4975
3879
3204
1211
-50
-318
-2522
-4453
-7395
-8636
-10551
-12932
-13945
-14389
-16411
-20982
-27236
-22529
-19299
-22822
-30317
-29338
-21493
-22519
-26818
-28139
-22862
-20974
-21922
-20173
-16005
-13335
-17441
-14699
-7490
-3715
-6864
-7679
-354
2550
695
601
6413
9152
5345
4380
9987
13400
9349
8300
13082
13999
9978
10417
16390
15473
10122
11183
15581
16052
11759
12296
14761
12383
10589
11033
13593
9536
7661
9182
10297
8461
6737
7523
7341
6955
6049
5194
4921
5865
5580
4040
4564
4832
4621
4403
5344
5787
3834
4130
5807
6366
5300
4050
5669
5379
4331
2952
2603
1059
-678
-1194
-2694
-5121
-8809
-8564
-11375
-13118
-17742
-15397
-15654
-19932
-26682
-27260
-19814
-22880
-26396
-30615
-24224
-22619
-24395
-25261
-25064
-20820
-21137
-18171
-16280
-13167
-14111
-14441
-8220
-2689
-2400
-6131
-2300
4117
5359
3304
5762
10329
9730
7173
11213
15231
13049
9710
13955
17620
14356
12034
15778
18375
15137
13530
15891
16742
15035
13614
15222
13476
11854
12472
13101
11822
8623
9829
9811
8482
7885
7647
8114
6675
6192
5462
5689
7008
6898
5384
5462
7079
6614
6139
6564
7412
7126
6353
7298
7603
6757
6461
6364
6843
6115
5274
5368
3303
2195
794
-536
-2284
-4457
-6086
-8417
-11244
-11884
-15828
-16683
-14794
-18061
-23341
-28253
-21230
-19776
-24767
-29815
-26879
-21973
-24113
-26083
-25418
-20741
-21405
-20912
-16235
-13741
-12922
-14878
-8820
-4297
-3574
-4248
-1898
2866
4417
3552
5018
8939
9828
8569
10071
13345
13657
11447
14021
16981
15430
12686
14781
18135
17804
14170
14115
16563
16729
14956
14508
15018
13884
11711
12817
13599
11312
9634
9286
9376
8449
8438
8730
7139
6108
6687
7536
7298
6543
6108
7465
7781
6615
6050
6620
7745
7282
6256
6501
6701
6490
5972
6078
6379
4319
2407
3661
4109
750
-2186
-2660
-1774
-5700
-8845
-10398
-12002
-14587
-17404
-17737
-16036
-20942
-24734
-28240
-22743
-22565
-27349
-29254
-28737
-23421
-25061
-24895
-26197
-24051
-21541
-19890
-16694
-15327
-12957
-13843
-10327
-5404
-2668
-2908
-3477
1218
4939
5042
5236
7673
11210
9942
10070
13325
14316
13223
13676
17328
15138
12861
14610
19564
17819
13619
13637
16748
17403
15002
14230
14451
12685
11584
13255
13221
10543
8387
9152
9668
8713
7317
7320
7289
6367
6548
5583
6466
5788
6049
6572
6103
4796
4295
6630
7289
5923
4011
4897
6196
6071
5612
4785
4121
2267
1339
2550
766
-2681
-5084
-4472
-4435
-8018
-10439
-13622
-13856
-16228
-17094
-21033
-21340
-19950
-23541
-26379
-31712
-24469
-25260
-27785
-31430
-28930
-22519
-26334
-26697
-26241
-20459
-20341
-20277
-15786
-12230
-10938
-13712
-7966
-2263
-96
-2300
-942
6208
7021
5059
6594
12042
13310
9103
10906
16057
17095
13747
14003
17707
17197
15006
16160
19586
17217
13874
15228
18139
16975
13608
14342
15323
13462
11498
12208
13345
10981
9038
9780
10273
8324
6476
8408
8123
6462
4728
6794
7757
6293
5698
5729
6209
5988
6630
6908
6349
5826
5918
6892
6637
5815
5536
5020
4780
3585
3059
2121
-121
-1150
-3846
-3841
-6538
-8606
-10988
-13508
-13769
-17209
-18567
-21999
-19740
-20909
-24508
-27977
-29940
-22362
-27086
-27789
-30410
-25778
-22427
-25721
-23201
-23398
-19137
-18352
-15749
-12834
-11245
-8969
-9263
-3299
-1592
1262
398
2589
7758
8100
8956
10033
13013
14161
12334
15306
17823
17792
16079
17828
19943
19052
17183
18911
20323
17881
16331
17558
18864
17372
14722
15216
14976
13270
12152
11259
11755
10402
9589
8893
8081
7929
7427
7045
7159
7359
6454
5797
6504
7233
6640
6017
6792
6336
6134
7371
7815
6911
4746
5671
6636
5763
4021
3301
2933
1243
-126
-1068
-2149
-5043
-7237
-8411
-9123
-11016
-14478
-17021
-17513
-19380
-21767
-24396
-21291
-24106
-26465
-30420
-27285
-23952
-28682
-28394
-29825
-24432
-24589
-25793
-23676
-21736
-17722
-18408
-15079
-12026
-8844
-9221
-7554
-1627
371
1476
620
6818
9962
8531
9594
12695
15742
14228
13707
17581
18523
16979
17166
19986
20409
17016
16655
19510
21017
17278
15675
17019
17692
16176
14133
15307
12623
10844
11266
12520
10347
7459
7593
7484
7411
5769
6500
5825
5627
5020
4607
5445
5836
5607
4615
4547
5038
4736
5030
6035
5623
4477
4472
5542
4784
2929
2243
2443
-33
-1817
-1746
-2589
-5153
-8206
-8410
-8935
-11657
-13961
-15945
-15596
-18364
-21186
-23964
-21085
-20284
-26515
-28741
-30807
-22046
-26662
-28182
-29203
-27268
-21723
-24687
-21699
-22261
-19325
-17444
-14731
-11311
-10542
-8095
-7794
-2128
-209
1413
1752
3321
8949
8748
9360
11208
13346
15387
13430
15967
17897
17797
17348
18163
20659
18052
15987
17159
20625
18854
13665
14684
15828
15771
12648
12885
12964
10111
10277
10090
10785
7453
7163
6312
6628
7019
5083
5919
4623
5723
4444
4435
5488
5243
5122
4376
5393
5296
5185
5431
6174
4918
2912
3354
4283
3873
2291
28
-796
-1514
-1161
-2250
-6164
-7884
-9749
-9351
-11315
-13433
-17455
-18635
-18299
-20293
-23946
-23861
-21152
-25226
-28568
-29731
-23290
-25213
-28559
-28413
-26043
-22106
-24306
-22736
-21051
-18533
-16941
-14650
-11485
-9885
-7854
-6536
-1868
739
2703
3528
5191
9950
10831
10763
13062
15141
16148
15006
17238
19189
18518
18146
18628
20509
19531
17514
17399
19158
19787
16268
15633
16170
16509
14582
13449
13129
11996
11661
10669
9975
8796
9124
7748
6527
7174
6822
7046
5975
6001
5072
4552
5917
6434
5556
4095
4614
5814
5908
5568
5973
5630
3362
3934
5123
4906
2095
1273
492
-490
-1634
-1557
-4175
-7254
-9075
-9302
-9655
-12529
-16349
-18445
-17681
-18722
-22570
-24033
-20945
-24100
-27551
-30820
-25813
-23177
-27376
-27516
-27685
-22215
-22228
-23234
-22238
-19910
-16118
-15278
-12698
-10716
-7365
-7771
-4912
-113
2066
2795
2106
7405
10509
9348
10575
13153
15452
14322
14805
17540
18350
17061
16830
18762
18686
17030
15263
18348
19187
15817
14225
15472
16818
14146
12417
12812
12339
10798
9875
10395
10046
8449
6953
7336
7199
6443
5598
5726
4676
4568
5067
5837
5667
5368
5175
4874
5370
5859
5770
5113
4851
4201
4173
4093
3350
2179
974
-858
-1557
-1963
-3214
-5773
-8638
-9348
-9906
-11523
-13219
-16849
-17976
-17872
-19232
-22317
-23831
-20834
-23593
-27641
-30965
-25130
-23240
-27253
-29498
-28256
-21503
-22966
-23919
-22838
-19770
-16984
-16676
-12190
-9868
-7925
-8392
-4473
1321
3786
2514
2680
8271
11173
9998
11157
13995
15874
14115
15700
18236
18364
17417
17431
19806
19265
18467
17689
18221
17980
16581
16802
16588
16206
14073
14047
14453
13159
11684
10137
10937
9529
8927
8383
7683
6914
5778
7536
7281
5812
4620
5464
5925
5294
5826
5976
5428
4774
5524
6122
5911
5759
4572
4162
3303
3188
2669
1266
-302
-2581
-2548
-2817
-4231
-7001
-9498
-9938
-11191
-12465
-15456
-17515
-18590
-19830
-21503
-24178
-21145
-22778
-25269
-29337
-28233
-21682
-26063
-27569
-29308
-23200
-20425
-24069
-22757
-21133
-15845
-15982
-13712
-11002
-7551
-6936
-6844
-605
2274
3249
1983
6165
11654
9987
10162
13018
16783
16254
14527
17763
19571
19090
17838
19355
20448
19422
18602
19181
20103
16947
16925
17642
17987
16012
13312
14741
14382
12796
11195
10743
11469
9128
9554
8770
8050
5771
6832
8724
7404
5582
4020
5992
6153
5735
4784
3954
4094
3666
4678
4759
3910
2477
1822
2358
1817
446
-650
-2012
-3348
-4349
-4425
-5697
-8533
-10645
-11103
-12019
-13807
-16182
-18073
-19890
-20407
-22696
-21123
-22105
-24132
-27189
-30094
-22692
-24165
-25374
-29556
-27219
-19495
-20846
-22268
-23875
-18469
-14372
-13079
-12164
-9333
-6417
-6469
-2222
1328
4798
2937
2955
9289
11745
11386
10372
13755
16908
14226
14951
17171
19073
17575
17068
18429
18402
17395
18311
19474
17276
14018
14233
18076
17762
13470
11504
12007
13942
12869
10973
9205
8143
9393
9673
8956
6641
5057
6188
7503
7196
4020
3182
4998
6424
4727
3154
4046
3929
3757
3471
4104
2949
1321
2295
2800
2093
-608
-466
-689
-1800
-3364
-4343
-4906
-8065
-8816
-10596
-11415
-13589
-16953
-16489
-19166
-19916
-23420
-20653
-19613
-24537
-27621
-29000
-21175
-23873
-25543
-28306
-25756
-19146
-20918
-21332
-23005
-17720
-14313
-13440
-11209
-9375
-6564
-7463
-2289
1820
3565
1783
2586
9327
10361
9506
10223
13849
15107
12946
15253
16949
17181
16055
17414
18465
16720
16611
18388
19160
16368
13828
16414
18087
16239
13302
13554
14505
13586
12615
12033
11488
10231
10752
10754
10320
7985
7177
8788
9716
7575
4581
5176
7743
7758
5385
5019
5353
5689
5200
5602
5636
3950
2687
3534
3791
1925
-12
-165
-648
-2688
-4077
-4698
-5678
-8745
-9637
-12018
-11495
-14913
-16741
-17905
-19390
-21567
-22809
-19934
-22479
-25533
-29812
-23808
-22589
-24983
-27021
-28055
-21488
-20762
-20421
-21729
-20023
-15122
-13201
-10726
-8836
-6315
-6673
-3546
1412
4380
3915
2526
7578
10516
10419
11003
13207
15148
13520
14758
17560
17900
16999
17627
19233
18173
17113
18219
20833
19376
15112
15223
17988
19762
15327
13989
14363
13760
13409
12907
12789
9033
9315
10008
11054
8430
6887
7923
8000
8646
6300
5704
5645
6815
7077
5054
4636
4522
5521
5217
5636
4741
2777
2950
3838
3856
857
67
451
-1091
-1802
-3437
-4247
-6810
-8291
-9629
-10682
-12328
-15417
-17424
-18354
-18405
-22175
-22157
-20505
-22952
-25770
-29825
-23596
-23194
-25178
-27236
-27634
-21276
-21094
-21119
-22134
-19000
-15290
-14385
-12267
-10234
-7074
-8388
-4321
-75
2805
2096
938
6615
9169
8786
9344
11919
13653
12150
13510
16120
16495
15214
15995
17666
17159
15782
16471
19461
17556
13971
13814
17563
17790
13695
12710
13816
13541
12030
11095
11175
9551
9339
9023
8958
8228
6842
6453
6678
7170
5765
4492
5039
6204
5292
3960
4128
4069
3820
3418
4663
3927
1836
2266
2846
2326
80
-457
-1255
-3222
-3863
-4436
-5502
-9223
-9562
-10558
-10921
-13629
-17359
-17468
-18400
-19454
-23483
-21744
-20768
-23361
-27905
-28922
-22507
-24456
-26195
-28811
-25582
-20867
-22108
-21625
-22120
-18424
-15755
-13915
-11325
-9677
-7591
-7069
-2313
817
2790
2536
3587
8172
9100
9810
10449
12180
12863
12941
14943
15709
15656
15383
16501
16789
16111
16547
16590
17739
16393
14986
15576
16050
16491
14071
13846
13588
13285
12567
11920
11549
9985
9804
9484
9916
8664
7177
8101
8197
8242
6317
6677
7326
7119
6389
5801
5664
4484
4399
5026
5357
3340
2124
3462
3818
2819
375
590
-758
-2076
-3153
-2859
-4816
-8460
-9462
-9795
-9741
-13863
-16867
-17488
-18078
-18653
-22239
-20632
-21130
-24217
-26899
-26785
-22291
-24094
-26099
-27359
-24498
-20826
-21161
-21146
-21181
-17565
-15266
-13204
-10969
-8686
-7088
-6727
-1908
1473
2574
2163
3938
8209
8855
9206
11191
13122
13494
13366
15499
16476
16176
16318
17297
16973
16048
16861
17914
18901
16375
15030
16260
17355
17046
14266
14186
14105
14094
13341
12824
11375
10720
11169
11313
10987
8660
8069
8353
9542
8729
5949
5875
6951
7592
6917
5551
5266
4720
4842
5505
4884
3250
2179
3131
3570
2330
215
328
-992
-1568
-2706
-3589
-4873
-7864
-8091
-10246
-10640
-13307
-16044
-16910
-17060
-18561
-21942
-22127
-19497
-22628
-25403
-27926
-22971
-22010
-24150
-25722
-25607
-20356
-19959
-19852
-20512
-18310
-14515
-13010
-9974
-8776
-6213
-6498
-2740
1689
3822
3451
3409
7957
10469
10269
10995
12934
14134
13318
14417
15817
15881
15350
15608
16455
15800
15364
15716
17150
16398
13768
13488
15289
16099
14280
12679
12422
12603
12824
12381
11533
8920
9203
10312
10000
8172
5705
7029
6726
6453
5361
4633
4616
5176
5981
5119
4520
3630
4515
4407
4430
3035
1484
1872
1762
1464
-817
-1518
-2347
-3054
-4549
-5225
-7280
-8745
-9955
-11706
-13027
-15950
-16636
-18703
-20188
-22060
-24569
-21948
-22924
-25245
-29886
-29022
-23378
-24240
-27150
-29599
-26057
-21549
-21242
-22143
-22198
-19021
-15819
-13284
-11330
-9413
-8368
-7290
-2235
1097
2406
1396
3125
8168
9083
9139
9831
12696
13753
13146
14980
15909
15930
15536
16949
16925
15778
15242
16865
18552
16257
13810
13477
16032
16668
13861
12307
11723
12882
12699
12345
10187
8841
8837
9664
9016
7017
6692
6391
6863
6540
6031
5864
5012
5485
5991
5665
4586
4332
4993
4869
4311
3739
3533
3675
3725
3093
915
747
253
-550
-1755
-3476
-4468
-6416
-6792
-8312
-9249
-12446
-14134
-16043
-15602
-17209
-20571
-22359
-21957
-19166
-23214
-25563
-27744
-23331
-21887
-25142
-25318
-25548
-20136
-19583
-19791
-19018
-17252
-13474
-11917
-9251
-7373
-5571
-5633
-2111
2902
4002
3904
4584
8891
11300
10462
12111
13423
15195
14300
14770
16868
16565
16605
16621
17834
17104
16285
16563
17802
17740
14992
14347
14292
16612
15110
12706
11890
11234
12589
11182
10688
8851
8747
8842
7559
7225
6069
6908
6089
6295
5723
5139
5530
5598
5811
4934
5388
5585
5906
5584
5266
5371
4099
4048
3039
2716
1923
774
-166
-1856
-1844
-3217
-4677
-6750
-7887
-8504
-10493
-12258
-14397
-15928
-16719
-18002
-19618
-22736
-21684
-19651
-22702
-25426
-27683
-22688
-21332
-24540
-25094
-24691
-19894
-19605
-20348
-19001
-16702
-13466
-12210
-9612
-6827
-4920
-5494
-1425
3401
4529
4044
4910
9933
11606
10539
12921
14751
15562
15110
16857
19387
17942
17141
18440
19489
18228
16492
17065
19182
18109
15399
15363
15824
16460
14497
14004
13603
11865
11572
11840
12059
9703
9252
9301
9729
8421
7747
8193
8024
6923
5911
6306
7231
6510
5546
5301
5118
4863
4585
4897
4370
2990
2015
2192
2486
1719
491
-752
-1427
-2867
-3606
-4049
-5859
-7244
-9254
-10053
-10876
-12880
-14698
-16526
-17796
-18470
-21153
-22609
-23706
-23496
-21431
-25531
-26139
-29034
-24427
-23332
-24438
-25147
-26008
-20499
-18903
-17762
-19078
-16643
-12626
-11175
-8326
-6282
-3339
-4777
-1613
3248
5327
5370
5104
9201
11280
11324
12179
13970
15582
14894
16003
17230
17229
16924
18189
19351
17442
16665
17028
18367
17476
15788
14745
13969
14998
14142
13613
11200
9767
10439
10575
10327
7476
7325
7937
7366
6644
5707
6262
5181
4959
4536
4824
4024
3990
3735
3500
3435
2759
3479
2903
2130
1710
1187
592
-199
-282
-968
-2485
-3848
-5167
-5039
-5951
-7894
-9986
-10537
-10762
-12067
-14213
-15837
-17118
-19168
-18844
-20700
-21327
-24220
-22213
-20391
-23069
-25150
-27538
-20800
-20528
-22394
-23793
-22680
-17137
-16971
-16530
-16863
-14469
-11533
-9100
-6087
-4293
-2968
-3570
1060
5564
6968
6852
7235
11665
13046
13645
14831
16171
17502
17325
19173
19453
19030
19191
20119
20478
18371
17543
17865
19099
17371
15031
14057
14647
15639
13982
13485
11651
10555
10912
11146
10625
7677
7494
7525
7411
6763
5939
6120
5015
5700
5080
5556
5006
4736
4571
4367
4846
3863
3711
2765
2739
1999
597
109
-766
-675
-2093
-3111
-4247
-5650
-6540
-7180
-8781
-10022
-11208
-11598
-12445
-14755
-15458
-17381
-17359
-18628
-20404
-21909
-22318
-23410
-21037
-21334
-23209
-25231
-26336
-18517
-20434
-20803
-23485
-20316
-14109
-15246
-14986
-15393
-11458
-9073
-6359
-4009
-2045
-1707
-1366
4840
6944
8291
7082
8866
13574
14010
14478
15579
17197
18083
16882
18257
18767
18193
18244
19207
18958
17002
16730
17243
18360
16121
13764
13215
13323
14219
11570
11115
8787
8550
8623
9016
8450
5196
5873
5970
7318
5555
5086
5404
4849
5045
4303
4401
3684
3590
3177
2770
1903
1671
1687
1019
1049
-429
-1892
-2227
-1812
-2208
-4543
-5648
-6014
-7404
-7940
-8752
-9629
-11092
-11563
-11913
-12981
-14374
-15426
-15927
-17359
-17762
-20217
-20240
-21814
-18514
-18513
-22269
-24029
-24893
-17485
-19440
-20748
-22829
-20113
-14698
-14489
-13656
-14824
-11119
-8311
-5203
-2632
-1332
380
73
5501
8688
10537
9302
10384
15504
16479
16074
16679
18949
20067
18127
19443
20123
20433
19019
19507
19742
17840
16885
16927
18718
16443
13982
12913
13753
14253
11988
11343
9205
9514
9089
9288
8357
5575
6183
5924
6057
4881
4499
5307
4201
3818
2880
3743
3154
2933
1786
722
443
498
536
-1195
-977
-1696
-2611
-3239
-3136
-2751
-4754
-5609
-6242
-6930
-7755
-8444
-9221
-10572
-12002
-12784
-12949
-13846
-14775
-16112
-17502
-18159
-18595
-19328
-20892
-21855
-17444
-19860
-20868
-24693
-20187
-15965
-18848
-19420
-21159
-14650
-12587
-12607
-13094
-12171
-7220
-6838
-4025
-2774
2470
2195
2147
6320
10279
12778
10022
12491
15534
16215
17213
18213
20010
18010
17684
18885
19726
19846
18751
18059
16757
16951
16007
15826
15551
13917
12497
10628
12674
12253
10603
8205
7351
8185
6761
7301
6162
6121
4399
4562
4824
5134
4406
3996
3757
3160
3355
2878
3602
2912
1059
-13
-472
924
200
-406
-1132
-2667
-3614
-3094
-2617
-3663
-5652
-6797
-6823
-7340
-7396
-8667
-10059
-11254
-11942
-11928
-12324
-14041
-14975
-15915
-16288
-17275
-18232
-18457
-20138
-20883
-17961
-19222
-20874
-23928
-21998
-16492
-19485
-19776
-21248
-16180
-12612
-13821
-12533
-12000
-8793
-6459
-3306
-1102
796
1118
2314
7859
10015
11827
10548
13328
16358
15688
17276
18564
19921
18932
17599
19927
19919
20006
18459
18785
18481
17174
16394
16888
17380
14268
12508
12097
13593
12675
10315
9432
7724
7653
6832
7456
6175
4316
3714
3897
4475
3324
3069
2099
1602
1085
671
442
-87
-330
-1727
-2251
-2675
-2909
-2956
-3511
-4068
-5774
-6085
-5757
-6147
-6643
-8374
-8735
-9236
-9368
-9009
-9867
-10643
-12638
-12623
-12687
-12739
-13833
-15156
-15982
-17180
-16262
-17284
-18910
-20576
-20801
-16025
-19278
-20366
-23690
-20483
-15949
-18686
-17610
-19770
-14985
-11027
-12410
-12065
-12463
-5905
-4015
-2652
-541
2148
3256
3818
9147
10719
12561
11480
14046
16872
16130
18010
17790
19371
19333
18914
19745
19178
20347
19349
19436
18227
17596
16406
16479
17599
15043
12833
10971
13418
13231
10397
8839
7295
8252
7063
7780
6122
4646
4354
3822
4475
2908
3051
2174
1965
1315
246
56
-377
-147
-1719
-2953
-3476
-2598
-2479
-3701
-3998
-4677
-4426
-4633
-4567
-4447
-6022
-6670
-7134
-6671
-6258
-8130
-8295
-9426
-9688
-10209
-10283
-11003
-12057
-13595
-13589
-14214
-15476
-15817
-16994
-18305
-15951
-15923
-17494
-19629
-20283
-14073
-15779
-15137
-16761
-15204
-9856
-9788
-9218
-9557
-7155
-3507
-1193
1175
2531
3258
3757
9322
11828
13928
12357
13290
17174
17716
18876
19027
19728
20324
19402
20953
21270
20544
19705
19583
19247
18430
17432
17597
18086
15912
13500
11809
12568
13119
10727
8570
5606
6054
6302
6324
4396
1404
1044
732
2058
622
-678
-1788
-2182
-1384
-2200
-2709
-3428
-2742
-3142
-4069
-5069
-4694
-3868
-4338
-4652
-5831
-5992
-5311
-4671
-4144
-5945
-7162
-6660
-5418
-4365
-5403
-7133
-7417
-7763
-6470
-7362
-8380
-10051
-10668
-10837
-11014
-12396
-13768
-14782
-15509
-16393
-14943
-13697
-15510
-18419
-20012
-14126
-14263
-14126
-17097
-14484
-10235
-9807
-8695
-9210
-6023
-3378
-1077
1524
3260
4587
4157
7929
10720
13194
11269
12423
15872
17131
17559
17099
18829
19033
18257
19422
19541
19568
17893
17977
17666
16834
15522
15189
15293
13455
11581
10339
11544
10777
8266
6654
5599
5702
4464
4191
2468
585
116
153
775
-871
-2029
-2805
-2513
-2162
-3086
-3542
-4476
-4109
-3884
-3992
-4819
-4881
-4051
-4283
-4347
-5381
-4853
-4222
-3993
-4299
-5178
-5103
-5001
-5523
-5782
-6136
-6452
-7644
-8244
-7947
-8754
-9914
-11157
-11013
-12012
-12902
-14390
-15451
-15710
-17230
-16725
-15367
-16940
-17942
-21459
-16996
-15183
-16000
-16388
-16226
-13096
-12025
-11588
-8134
-6485
-6195
-4430
-1161
3822
5195
3661
5099
9270
13185
14151
12283
14309
16049
15544
16989
19250
20774
17631
16150
19508
20492
18138
16433
17547
17320
14443
13504
15464
14012
10377
8958
9589
9302
6348
5789
5121
2992
1735
1606
2468
488
-967
-1146
-1386
-1522
-3137
-2163
-2529
-3789
-4696
-4379
-3009
-3837
-4635
-4514
-4062
-4740
-4802
-4016
-3353
-4013
-5140
-4039
-3168
-2851
-3364
-3474
-2271
-2643
-2912
-3017
-2663
-3226
-5306
-5757
-5326
-5511
-7376
-8575
-9256
-11108
-11447
-11950
-11634
-14004
-15370
-14415
-12220
-14002
-15767
-18346
-13988
-11608
-12928
-13922
-14267
-9167
-7180
-6964
-6489
-5958
-2518
472
3537
4714
5159
5557
9245
12826
14112
14481
14127
17113
18743
19476
20390
19740
20445
19760
20513
20579
19177
18874
18196
18121
16456
15305
14467
14491
13055
10860
9246
9152
10108
8074
5908
3744
3833
4299
3571
1732
-249
-433
351
357
-814
-2201
-2050
-1327
-1106
-1879
-2842
-2863
-2011
-1953
-2497
-2888
-3414
-2529
-1956
-1465
-2356
-3258
-2323
-1639
-1735
-2678
-3008
-3016
-3157
-3575
-3530
-4203
-5106
-6186
-6202
-6113
-7270
-9200
-9646
-10416
-11305
-13125
-14146
-14618
-14867
-16177
-14471
-15088
-16169
-18802
-18242
-12897
-14032
-14603
-16253
-12427
-7769
-7466
-7144
-7184
-3695
-399
1677
3766
5613
6685
6607
10731
13645
15259
12846
13991
18222
18363
18352
18295
20083
19278
16961
18109
18237
17517
15833
15537
14312
12331
11340
11622
11300
8062
5815
4339
5586
5687
3310
702
-1824
-550
-241
-226
-2145
-4570
-4029
-2957
-1947
-4212
-4894
-4688
-3123
-3801
-4389
-3637
-3855
-3208
-3359
-3182
-3825
-3992
-2381
-2178
-2544
-3502
-3238
-2323
-1650
-1587
-2624
-3248
-3366
-2670
-2557
-3447
-4719
-6022
-5844
-6260
-5880
-8491
-9734
-11058
-10848
-11565
-13631
-14285
-15819
-15832
-16852
-15137
-15021
-17074
-18453
-19004
-13389
-13798
-14122
-15495
-11898
-7336
-7095
-7011
-7722
-4130
-501
2225
3911
5601
7333
7183
10648
13811
15383
13177
14181
18584
18658
17689
17575
19457
18875
16035
17778
18225
16866
14011
13545
13840
11888
10648
10012
9377
6546
4642
4014
4868
4043
1428
-128
-630
422
-664
-1502
-1916
-2888
-2485
-2274
-1812
-3068
-3271
-1336
-1231
-1867
-2745
-1762
-652
-932
-1848
-2267
-2230
-1642
-1062
-1471
-1707
-2790
-2329
-729
-787
-1499
-3219
-2905
-1831
-2629
-2857
-3234
-4050
-5777
-6375
-5771
-6674
-9281
-10234
-10850
-12128
-13326
-14490
-14931
-15674
-16883
-14891
-15233
-15949
-17972
-17051
-13155
-12868
-13639
-13830
-10740
-7222
-6610
-6718
-5525
-2872
15
2092
4346
5935
6385
6941
11211
14659
15241
13365
14574
18325
18735
18081
18257
19019
18258
16656
17904
18100
15896
13993
14194
13726
11767
10186
10466
9091
6029
4033
4291
5095
4141
1907
257
-524
680
636
273
-1661
-2428
-1827
-1107
-817
-1707
-2109
-1924
-292
-313
-457
59
916
1087
426
711
1159
1246
1669
1744
1545
998
596
1431
1702
1061
-330
-739
-421
-598
-1211
-1853
-3677
-5401
-5458
-5635
-5632
-8865
-9692
-10631
-11169
-12323
-14146
-14933
-16001
-16890
-13827
-15053
-16367
-18840
-16851
-12988
-13510
-14778
-14947
-11592
-7865
-7055
-7515
-6016
-2921
-310
2516
4287
6879
6347
7303
11851
14417
14540
12567
14730
17702
17262
16959
18004
18400
17087
15734
16607
16269
14303
13047
12438
10708
9198
8364
8683
7342
4541
2768
2545
3584
2946
970
-1102
-2527
-1326
-663
-885
-2763
-3840
-3547
-1995
-2198
-2470
-3206
-2653
-1098
-836
-526
-871
-143
637
480
297
409
1161
1354
1104
1003
325
-112
169
975
304
-1210
-2509
-2373
-1689
-2414
-3106
-5520
-6719
-7376
-7287
-8282
-10320
-12539
-12942
-13867
-14099
-15863
-17319
-17665
-17870
-15301
-17247
-18555
-20491
-17521
-14157
-15161
-16383
-16328
-11668
-7967
-7713
-8877
-7428
-3363
-306
1694
3297
5676
6028
7426
12330
14905
14525
13004
15421
18386
17700
17579
18040
18648
16930
16707
17621
16933
15350
13960
13759
11929
10359
9704
10334
8916
5525
4014
4178
5618
4142
2634
679
-486
316
910
1134
-1328
-1439
-1080
76
-95
145
-80
-200
692
1017
1113
824
1317
1234
794
1344
1302
1252
1568
1913
1336
-63
-15
456
618
9
-1265
-2958
-3260
-2666
-2379
-4555
-6656
-7111
-7959
-8648
-9614
-11490
-12485
-13888
-13748
-14904
-17944
-18293
-19025
-16382
-16697
-19122
-21654
-20258
-15069
-15024
-16619
-17689
-13533
-9397
-7074
-6785
-6872
-4220
-649
3447
4729
5872
6757
7449
11581
15153
16202
14146
15348
19300
19857
18370
19236
20857
19314
16654
17447
17793
15705
13782
14340
12887
9579
8254
8920
9659
5788
3009
2316
4031
3927
2214
504
-1204
-1925
-1080
472
-981
-2864
-3393
-1204
-562
-775
-1079
-1244
-234
318
1430
961
1241
1908
2235
2638
2538
2027
2050
2790
3172
2087
830
1123
1633
453
95
-1179
-1847
-2542
-2453
-2744
-5468
-7270
-7119
-7663
-9442
-11851
-12506
-12319
-13595
-15111
-16759
-17463
-17410
-16614
-15359
-17342
-19904
-19849
-14815
-12597
-14937
-16326
-14378
-8930
-7082
-6866
-7318
-5186
-1142
1676
4242
5905
6641
7064
9468
14371
15802
14320
13912
17166
19031
17837
17804
19237
19481
17288
16672
17420
16743
15526
14449
13776
10835
9053
9162
9447
7263
3666
2389
3320
3553
1672
-423
-1410
-1716
-1150
-1387
-1144
-2696
-2242
-2556
-1682
-1198
-1974
-990
-789
402
-218
-295
817
1800
2020
1911
1811
1492
1771
2624
3044
2538
942
535
448
924
-528
-1805
-2619
-3104
-3728
-4882
-5922
-7627
-8289
-10052
-11006
-12928
-13183
-13664
-14612
-16586
-18897
-19260
-17217
-15959
-18501
-21871
-22081
-17167
-15982
-16766
-18266
-15760
-13005
-10449
-8979
-8237
-7260
-4726
-1373
1320
2988
4658
5099
6543
9877
12864
13093
13055
15012
16836
16578
16246
17723
18142
17341
16577
16512
16151
15264
15306
15221
12815
11102
10106
9963
8315
6544
5582
4328
3330
2227
1849
778
-332
-1687
-1988
-1266
-1401
-1905
-2176
-1596
-1473
-1977
-608
1000
557
-68
473
2153
2418
2831
3108
2910
2154
2963
3351
3074
2640
1887
1360
711
557
-330
-960
-1625
-2746
-4443
-4503
-4757
-6105
-8200
-8741
-9738
-11566
-12241
-12226
-14070
-17094
-18356
-16810
-15269
-16361
-19332
-20723
-18920
-15361
-15859
-17250
-16801
-14254
-11807
-9822
-9222
-8765
-7470
-3177
-229
1133
2059
3947
5808
8612
11405
12887
12453
13669
16781
18204
17572
17923
18724
18881
18349
18829
18245
16678
15837
15906
14614
12917
11635
11121
9586
7751
6919
5707
4837
3322
2222
1002
127
-864
-1025
-1084
-1260
-2167
-2155
-1432
-1753
-1677
-1788
-604
-758
-1096
-634
-207
371
735
1592
1550
1292
1610
1962
2003
1875
1682
996
459
60
-650
-854
-2096
-2619
-3991
-4363
-5576
-7875
-8945
-9848
-9888
-12772
-13322
-14243
-15192
-16863
-18649
-18954
-18944
-17590
-18479
-21274
-22154
-19787
-16535
-18023
-18651
-17646
-14305
-12189
-11787
-11046
-10073
-7032
-4138
-1749
390
2139
3484
5009
8612
10987
11037
10718
12737
15547
15440
15862
16900
18300
17817
17174
18002
18003
17390
16285
16158
15796
14114
12704
12279
12272
10078
7833
6726
6657
5835
4537
3161
1763
1053
784
937
85
-338
-1096
-1849
-926
-101
-124
-830
-411
728
1148
1840
2307
2250
2011
2292
2951
2926
2484
2536
2302
1165
942
418
-64
-664
-2328
-3289
-4680
-3981
-4816
-6147
-8204
-9520
-10216
-10666
-11052
-13290
-15667
-17071
-17055
-16813
-17408
-16700
-18041
-20084
-19697
-17348
-15184
-17360
-18517
-16780
-13166
-11393
-11169
-10836
-9365
-7168
-4296
-1598
-20
644
2265
4710
8037
9679
9959
10885
13177
15394
15678
16149
17553
17429
17062
16970
18151
17821
16724
16439
15877
14861
14076
13419
13047
11350
9739
8926
8677
7986
6062
4834
4247
3759
2550
1491
1247
1204
306
-413
-320
-179
-646
-494
557
395
-275
428
1603
2135
2008
2273
2628
2797
2740
3121
2985
2814
2238
1339
388
235
-436
-1331
-2812
-3984
-4844
-5970
-6420
-8155
-9670
-10975
-11514
-11714
-13635
-14764
-16264
-16774
-17889
-17490
-16942
-17810
-19213
-19585
-17904
-16978
-17478
-17585
-16608
-14775
-13035
-12099
-11463
-10532
-8164
-5062
-2668
-1585
-381
1681
4706
7277
8396
8736
9936
12350
14897
15677
16001
15704
16778
17843
18752
17949
17061
17012
17430
17331
16169
15112
14382
13940
13372
11909
10225
9497
9663
9663
8152
6162
5278
5366
5153
4571
2613
1728
2037
3219
2938
1631
424
806
1998
2776
1933
738
577
1708
2370
2375
1884
1099
729
1361
1840
710
-429
-735
-424
-1211
-2769
-4282
-4401
-5246
-6531
-8414
-10079
-10374
-11755
-11807
-13753
-15451
-16774
-17151
-16943
-18334
-18757
-19266
-18807
-19291
-19154
-18398
-18379
-17443
-17703
-15817
-14536
-13146
-12422
-11631
-9447
-7667
-5632
-4032
-2470
-1075
476
2951
4761
7015
7786
9562
10910
12275
13452
14222
15322
15974
16336
16205
16022
16631
16340
15788
14681
14363
13690
13173
12771
11992
11271
10264
9826
9467
9131
8017
6970
5991
5891
5724
4881
4401
3778
3416
2875
2499
2665
2795
2671
2108
1595
1401
1507
1979
2097
1643
1194
1000
1269
1745
1710
963
352
-606
-711
-1148
-1593
-2577
-3737
-4547
-5819
-6835
-7669
-8316
-10052
-11853
-13042
-13496
-14017
-15355
-16356
-18069
-18977
-18760
-18335
-19049
-18360
-18940
-18452
-18481
-16466
-14247
-15238
-15020
-13214
-11059
-9389
-8633
-7076
-6124
-4466
-1396
395
1164
2339
4653
5805
7401
8689
10720
11228
12536
14477
14687
14756
15392
16463
16528
15440
16122
15843
15774
14524
14647
14282
13474
13096
12798
12269
10966
10246
10151
9063
8729
8439
7570
7383
5638
5093
3751
5059
4479
3907
2699
3391
3009
2866
3592
3325
2536
1362
3236
3311
3355
2208
1328
676
762
949
599
-365
-1266
-2483
-2366
-3143
-3834
-4812
-5767
-6097
-8184
-9830
-11144
-10930
-12221
-14389
-15840
-16298
-16453
-17278
-18054
-18883
-19403
-19759
-19222
-17814
-18593
-18729
-19770
-16318
-14839
-13944
-14396
-13775
-11217
-9148
-7202
-6561
-4645
-2467
310
1840
2958
4794
6550
7704
9322
10363
11703
11980
14218
15114
15520
14939
15249
16521
15927
15657
15362
14664
13974
13616
13871
12485
11653
11200
10937
10565
10394
9293
8197
7887
7944
7440
6295
5762
5525
4940
5070
4478
4536
4271
4418
4229
3563
3924
4006
3724
3618
3792
3257
2718
2438
2720
1729
934
900
177
-731
-1508
-1900
-2814
-4383
-4827
-6013
-7566
-8787
-9728
-10668
-11540
-12177
-13045
-14594
-14933
-15108
-15917
-17160
-17415
-17525
-17810
-18047
-17939
-17530
-17225
-17461
-15866
-14465
-13821
-13737
-13370
-9458
-8775
-7623
-7856
-5053
-2972
-1233
-328
1144
2111
3985
5686
7108
7816
9209
10126
11459
12868
14144
14301
14188
15748
15783
15740
15186
15465
15397
14741
14792
14465
13780
13271
13188
12736
11911
11719
10988
10977
10368
10359
9734
9406
9464
8640
8566
8386
8365
7741
7267
7572
7243
6803
6599
6643
6028
5283
4929
4590
4103
3324
2721
1722
951
464
-169
-1231
-2597
-3842
-4519
-4921
-5658
-7393
-8838
-9569
-10065
-11109
-12219
-13145
-13892
-14355
-14892
-14764
-15641
-16775
-17342
-17097
-17125
-17923
-18345
-18016
-18125
-17956
-17586
-16760
-16515
-15633
-14409
-13194
-13068
-11236
-9121
-7436
-7311
-5827
-4069
-2601
-2005
-660
458
1930
3750
5076
6129
7280
8582
9051
10058
11668
12545
12309
12960
14271
13972
13133
13604
14225
13474
12740
12998
13282
12698
12459
12617
11892
11438
11609
10818
10484
9919
9847
8885
8781
8755
7971
7131
7415
7406
6775
6551
6414
5969
5077
5221
5257
4072
2971
2881
2684
1760
281
-455
-997
-1685
-2416
-3987
-4869
-5385
-6379
-7253
-8154
-8644
-10057
-11232
-12024
-13044
-14498
-15657
-15923
-16724
-17165
-17703
-18073
-18580
-18844
-18311
-18742
-19122
-19174
-18786
-19109
-18749
-17478
-16818
-15571
-14334
-13355
-13323
-12613
-10167
-8327
-7704
-6964
-5355
-3963
-2359
-700
126
828
2254
4950
6121
6772
7974
9128
10300
11541
12784
13084
12523
13964
14830
14653
13660
13963
14450
14150
14242
14069
13796
13015
13770
13601
12719
11822
11331
11959
11458
11183
10103
9747
9915
9927
9134
8496
7909
8161
7593
7770
6668
5578
5301
5522
5265
4295
3547
2671
2311
1715
1137
-104
-1843
-2572
-3395
-4603
-5865
-7145
-7801
-8854
-9283
-10065
-11018
-11993
-12763
-13705
-14399
-15310
-16271
-16431
-16796
-16994
-17723
-17302
-16448
-16796
-17476
-17801
-16912
-16814
-16665
-16028
-15715
-15400
-13468
-12072
-11882
-12026
-10730
-7901
-6948
-5269
-5133
-2953
-1557
627
1287
1842
2455
4840
6191
7633
8041
8949
9545
11583
13240
13424
13338
13958
15222
15769
16033
16388
15788
15799
15646
16554
16519
15733
14952
14490
14928
14529
13863
12795
12237
11758
11600
11033
10776
9890
9577
9221
8785
8251
7736
7426
7494
6779
6047
5893
5571
5092
4456
3573
2608
1761
1320
439
-578
-1632
-2424
-2708
-3527
-4799
-5895
-7177
-7808
-8485
-9227
-10191
-10828
-11467
-12457
-12668
-12952
-13547
-14474
-14228
-14582
-14765
-15544
-14960
-15195
-15346
-15573
-15201
-14870
-14350
-14013
-14007
-13303
-11557
-10898
-10844
-10953
-8125
-6924
-6010
-5259
-3747
-2021
-788
926
1051
1541
3911
5851
6589
7264
8966
10104
9915
12463
14025
14253
13135
14751
16487
15955
15871
15912
15789
15100
15684
15522
14322
13897
13167
13496
12940
12766
12122
11365
11649
11510
10633
9737
9420
9556
8844
8271
7541
6688
6457
6322
5664
4191
3099
2759
2605
2189
1252
391
-477
-543
-1181
-2377
-3504
-4588
-5213
-6455
-7240
-8413
-9760
-10695
-11514
-12205
-13435
-14174
-14713
-15286
-15922
-16238
-16609
-17127
-17244
-17332
-17485
-17424
-17291
-17354
-17348
-17225
-16527
-16433
-16280
-16550
-16030
-14891
-12636
-12412
-12215
-12591
-9639
-7485
-6795
-6582
-5304
-3752
-1997
-539
95
116
1856
4287
5301
6137
7464
8239
8414
10486
12344
12177
11303
13094
14425
13961
13194
13603
14378
14029
14619
14907
14224
13509
13840
13630
12227
11140
11018
11084
11052
10209
8412
7826
8242
8462
7519
6721
5921
5330
5307
5458
4574
3143
2560
2944
2721
2089
1353
452
-264
-424
-1017
-2229
-3346
-3753
-3834
-5056
-6265
-7575
-8532
-8855
-9413
-10512
-11873
-12611
-12574
-12798
-13049
-13932
-14218
-14251
-13542
-13762
-14452
-14927
-14444
-13944
-13869
-14122
-14391
-13885
-13308
-12810
-13114
-12716
-11249
-9249
-9548
-9595
-9828
-6440
-5252
-4538
-4197
-3401
-2037
-562
1032
1561
1475
3573
5202
6542
7707
8427
8609
9203
11589
13278
13176
12504
13603
14964
15058
15039
15226
15348
14794
14594
14842
14206
13932
13121
12719
12175
11936
11456
11101
11031
10734
9702
9079
8943
9033
8106
7002
6356
6113
5848
5274
4478
3522
3006
2768
2408
1622
845
205
-544
-885
-1317
-2281
-3343
-4105
-4544
-5403
-6445
-7496
-8356
-9109
-9705
-10529
-11456
-12313
-12755
-13093
-13427
-13650
-13941
-14012
-13526
-13604
-13777
-13823
-12951
-12462
-12168
-11740
-11168
-10552
-10404
-9443
-8801
-8294
-8156
-6731
-5480
-4699
-4407
-3658
-2004
-1053
-165
249
935
1727
2355
3521
4207
5196
6069
7338
8681
9587
10213
10532
10988
12001
12453
13206
13639
13960
14178
14564
14861
14670
14781
14920
14801
13804
13584
13639
13461
12805
12066
11890
11458
10738
10217
9418
8625
8068
7617
6989
6211
5317
4645
4333
4080
3438
2559
1959
1378
967
346
-433
-1351
-2113
-2664
-3442
-4487
-5539
-6158
-6783
-7430
-8232
-9003
-9947
-10359
-10530
-11160
-11821
-12467
-12745
-12673
-12545
-12530
-13045
-13387
-13013
-12205
-11963
-11829
-12046
-12313
-12113
-11324
-11216
-11521
-10804
-9654
-9114
-9010
-8209
-7500
-6664
-6149
-5395
-5053
-4513
-3418
-2123
-1098
-643
26
997
2461
3654
3976
4338
5408
6857
7741
8322
8937
9142
9773
10933
11623
11649
11851
12588
13049
13376
13206
13031
12699
12337
12527
12659
12083
11513
11278
10972
10895
10610
9779
9057
9064
8721
7854
6809
5966
5197
4088
3199
2287
1316
282
-460
-1093
-1902
-2687
-3141
-3850
-4613
-5443
-6137
-6568
-7112
-7550
-8377
-8969
-9515
-10311
-10889
-11218
-11587
-11829
-12296
-12522
-12893
-13126
-13081
-12759
-12728
-12883
-12868
-12796
-12357
-12090
-11591
-11331
-11190
-10894
-10608
-10347
-9667
-9095
-8202
-7699
-6902
-6476
-5582
-4795
-4248
-3586
-2937
-1757
-906
-152
274
916
1661
2449
3711
4210
4657
5461
6724
7879
8516
9059
9845
10676
11043
11384
11811
11985
12037
12377
12875
12856
12709
12909
12953
13013
12893
12861
12825
12909
12585
12378
11825
11117
10957
10329
9696
8743
7837
6876
6147
5649
4880
3947
3202
2573
1675
837
105
-739
-1679
-2537
-3455
-4449
-5165
-5996
-6772
-7330
-7816
-8146
-8208
-8525
-8991
-9306
-9740
-9664
-9741
-10024
-10264
-10345
-10271
-9939
-9825
-9415
-9658
-9548
-9177
-8830
-8343
-8109
-7656
-7462
-6913
-6807
-6692
-6424
-5696
-5355
-5093
-4457
-3987
-3181
-2494
-1711
-1657
-1231
-723
200
723
718
1245
1577
2158
2789
3296
3868
4143
4621
5347
6005
6516
6663
6925
7486
8211
8821
9304
9765
10319
10548
10846
10999
11049
11089
11094
10981
10618
10442
10565
10180
9770
9201
8386
7903
7254
6783
5795
4732
3846
3324
2893
2404
1628
422
-69
-762
-1414
-1984
-3077
-3853
-4334
-4468
-4600
-5314
-5797
-6125
-6584
-7070
-7760
-8082
-8309
-8339
-8514
-8984
-9182
-9201
-9023
-9069
-9016
-9073
-8957
-8766
-8581
-8041
-7667
-7594
-7399
-6537
-6019
-6006
-5791
-5449
-5242
-5066
-4969
-4614
-4170
-3808
-3399
-2841
-2403
-2260
-1843
-1429
-780
-45
209
560
1000
1112
1348
1881
2169
2299
2624
3389
3904
4512
5010
5790
6554
7147
8096
8480
8924
9453
9683
10095
10279
10320
10248
10413
10689
10329
9858
9418
9290
9046
8915
8848
8337
7815
7010
6225
5476
4611
3753
3106
2462
1955
1368
561
3
-430
-1227
-1861
-2455
-3202
-3826
-4758
-5453
-6213
-6825
-7303
-7669
-7810
-7972
-8115
-8097
-8054
-8327
-8654
-8940
-9044
-8663
-8517
-8424
-8005
-7832
-7793
-7414
-6782
-6745
-6650
-6497
-6383
-6327
-5920
-5687
-5600
-5189
-4863
-4544
-4204
-3718
-3455
-3357
-3363
-2922
-2329
-1981
-1582
-1009
-605
-443
-52
525
923
1102
1615
2045
2641
2921
3293
3683
4022
4518
4900
5457
6018
6817
7363
7908
8225
8823
9218
9353
9462
9580
9907
9942
9998
9977
9430
9135
8916
8541
8332
7825
7412
7259
6784
6129
5578
4868
4372
3737
2882
2076
1201
333
-311
-1001
-1872
-2320
-2566
-2926
-3398
-3847
-4374
-4686
-5011
-5089
-5106
-5144
-5283
-5440
-5629
-5336
-5576
-5700
-5612
-5594
-5145
-4784
-4592
-4338
-3865
-3689
-3308
-3083
-2891
-2655
-2788
-2791
-2913
-2977
-3153
-3224
-2814
-3087
-2809
-2627
-2535
-2415
-2230
-2159
-1999
-1818
-1607
-1268
-992
-739
-373
261
267
377
578
1030
1200
1399
1932
1966
2445
2457
2851
3347
3469
4013
4710
5203
5735
6249
6678
6919
6938
6872
7009
6698
6737
6588
6449
6276
5886
5747
5586
5336
4856
4475
4024
3621
2733
2044
1305
638
-317
-1173
-1639
-2260
-2905
-3440
-3833
-4110
-4474
-4988
-5323
-5690
-6070
-6107
-6145
-6427
-6418
-6570
-6549
-6252
-6453
-6699
-6901
-6573
-6038
-5998
-5790
-5629
-5412
-5467
-5444
-5454
-5530
-5419
-5573
-5595
-5423
-5223
-4996
-4826
-4725
-4342
-4064
-3747
-3288
-3117
-3047
-2665
-2211
-1978
-1813
-1916
-1696
-1450
-1098
-697
-625
-548
-476
-396
-29
471
901
1200
1558
2037
2023
2739
3217
3565
3930
4413
4676
4870
5393
5935
6167
6242
6016
5760
5781
5592
5730
5500
5247
5273
5231
5101
4912
4322
3571
3049
2523
2058
1359
1102
531
-163
-385
-715
-1504
-2157
-2591
-2778
-3224
-3643
-3453
-3521
-3713
-4078
-4435
-4712
-4766
-4773
-5037
-4925
-4779
-4510
-4510
-4801
-4706
-4911
-4599
-4276
-4152
-3797
-3300
-3056
-2693
-2415
-2197
-2383
-2428
-2405
-2237
-1949
-1832
-1455
-992
-599
-250
-124
-16
189
176
128
-208
-553
-671
-451
-21
-208
-128
197
675
854
984
1203
1251
1628
2004
2376
2557
2655
3011
3542
3742
3839
3909
4035
4310
4655
4765
4838
5091
5421
5213
5030
5277
5036
4957
4966
4906
4721
4782
4838
4792
4429
4105
3933
3549
3105
2541
2200
1431
803
384
-207
-483
-765
-1190
-1501
-1707
-1943
-2210
-2352
-2547
-2829
-3040
-2957
-2890
-2839
-2756
-2626
-2533
-2625
-2267
-2187
-1850
-1767
-1810
-1735
-1767
-1567
-1265
-933
-1028
-1037
-999
-943
-961
-935
-1016
-820
-1070
-977
-864
-564
-525
-509
-357
105
274
193
375
424
452
243
253
325
534
675
906
1052
1643
1781
1916
2256
2448
2481
2569
2792
3173
3459
3544
3967
4353
4597
4949
4934
4798
4651
4789
4821
4483
4437
4271
4117
3771
3760
3454
3401
3308
3306
3174
2691
2673
2613
2317
1784
1301
734
223
-507
-601
-643
-817
-1109
-1404
-1866
-2123
-2637
-3387
-3316
-3440
-3453
-3730
-3949
-4275
-4111
-4048
-4012
-4300
-4636
-4390
-4281
-3901
-3961
-3753
-3583
-3724
-3268
-3183
-3309
-3415
-3556
-3690
-3466
-3310
-3349
-3060
-3110
-2834
-2441
-2677
-2791
-2627
-2755
-2712
-2585
-2584
-2783
-2872
-2593
-2815
-2578
-2009
-1936
-1687
-1431
-1192
-953
-624
-39
182
282
277
726
1023
1133
1270
1472
1621
1874
2049
2217
2326
2573
2834
2962
3155
3184
3298
3115
3066
3065
2650
2276
2473
2278
2111
2006
1760
1406
1013
719
345
139
-274
-501
-905
-1167
-1282
-1510
-1680
-1775
-2180
-2600
-2858
-2886
-3039
-3422
-3673
-3662
-3792
-3643
-3536
-3624
-3236
-2862
-2472
-2455
-2675
-2435
-2409
-2492
-2524
-2415
-2334
-2310
-2039
-1956
-2190
-2215
-1948
-1823
-1652
-1277
-1020
-730
-654
-637
-604
-473
-211
-59
217
171
167
313
24
183
201
77
173
205
570
874
1202
1315
1429
1614
1609
1606
1737
1949
2171
2513
2983
3202
3443
3656
3693
3818
3967
3938
3880
3906
3662
3719
4088
3980
3877
3660
3489
3283
3189
3045
2919
2776
2645
2686
2288
1977
1835
1639
1338
1176
1085
802
608
345
104
-367
-738
-704
-709
-850
-1025
-1350
-1560
-1803
-1968
-1925
-1768
-1657
-1735
-1401
-1010
-1067
-1097
-975
-801
-624
-521
-398
-354
-180
-198
-338
-143
-152
-164
86
266
417
478
879
890
905
1222
932
1156
1132
1184
1139
1240
1422
1393
1521
1544
1571
1391
1411
1402
1378
1487
1409
1095
1138
1349
1765
1803
1899
2004
2200
2637
2453
2706
2983
3056
3359
3437
3730
3850
3773
4153
4236
4233
4122
3985
4230
4176
3968
4015
3796
3622
3404
3081
2864
2403
2001
1675
1351
992
1109
893
796
514
342
128
-45
-168
-327
-375
-695
-668
-696
-957
-1126
-1127
-1306
-1325
-1253
-1246
-1278
-1230
-1148
-1205
-1235
-1419
-1456
-1459
-1594
-1442
-1248
-1121
-799
-436
-191
17
-53
147
253
258
385
622
579
463
355
113
161
85
-83
250
127
-51
71
44
73
140
396
342
232
293
317
163
56
468
607
975
955
989
1262
1113
1134
897
859
504
586
728
754
464
523
610
537
700
302
258
4
-58
-168
-537
-918
-1023
-991
-1178
-1269
-1489
-1453
-1511
-1903
-2311
-2421
-2704
-2770
-2515
-2331
-2361
-2352
-2376
-2834
-3143
-3927
-4107
-4268
-4398
-4126
-3909
-3762
-3720
-3537
-3192
-3175
-3001
-2899
-3001
-3023
-2829
-2825
-2870
-2870
-2494
-2151
-1941
-1762
-1921
-2197
-2258
-2236
-2504
-2559
-2733
-2464
-2417
-2308
-2171
-2322
-2012
-1885
-1890
-1678
-1448
-1518
-1373
-1016
-959
-834
-1174
-927
-664
-481
-132
128
78
364
363
349
555
597
646
713
1054
1211
1320
1234
1236
1271
1299
1223
1219
1184
871
913
1054
1157
1067
1145
1399
1514
1596
1484
1229
1056
736
491
257
-240
-561
-811
-974
-945
-1081
-1593
-1714
-1455
-1426
-1095
-1266
-1486
-1446
-1546
-1532
-1688
-1774
-1751
-1580
-1380
-695
-336
-89
122
308
195
233
281
279
411
716
779
707
683
890
1261
1383
1475
1300
1386
1583
1797
1933
1731
1847
1952
1830
1640
1392
1407
1249
994
1127
1118
1085
1163
1356
1438
1344
1622
1899
1992
1891
2039
1983
2226
2169
2270
2387
2408
2395
2653
2907
2833
2581
2263
2272
2222
2325
2632
2724
2929
2929
3024
2835
2291
2414
2149
2071
1908
1772
1789
1861
1900
1814
1899
1815
1969
2271
2095
1868
1695
1546
1606
1159
892
862
512
194
153
223
-26
-84
5
-112
-314
-104
376
621
888
1110
1440
1487
1863
2021
2159
2259
2172
2175
2149
1923
1963
1701
1841
2040
1691
1736
1052
1037
964
916
791
439
383
500
438
267
123
34
201
-58
-184
-340
-414
-318
-186
-300
-408
-640
-667
-545
-644
-344
-399
-495
-722
-899
-864
-1033
-1000
-979
-528
-492
-473
-415
-247
-389
-300
-188
-239
176
68
-9
125
48
10
334
208
133
-284
-595
-560
-928
-1016
-1076
-1175
-1206
-1433
-1632
-1823
-2019
-2152
-2125
-2185
-2123
-2174
-1992
-2031
-2247
-2122
-2176
-2380
-2502
-2262
-2069
-2173
-2180
-2278
-2135
-2068
-2228
-1961
-1882
-1831
-1884
-1762
-1628
-1555
-1617
-1528
-1360
-1089
-1185
-1203
-1324
-1325
-1459
-1305
-1290
-995
-1121
-1265
-1068
-1062
-1031
-1327
-1439
-1835
-1535
-1697
-1872
-1878
-1658
-1366
-1140
-1372
-1499
-1548
-1616
-1724
-1839
-1570
-1330
-1587
-1630
-1465
-1282
-1017
-1055
-1113
-1389
-1476
-1501
-1539
-1523
-1805
-1840
-1915
-1927
-1744
-1885
-1512
-1221
-1068
-936
-941
-636
-531
-835
-826
-1113
-1083
-1140
-1184
-1073
-1584
-1879
-1967
-2210
-2220
-2344
-2691
-2561
-2854
-2969
-3038
-3437
-3577
-3521
-3603
-3346
-3414
-3350
-2932
-2771
-2715
-2409
-2372
-2180
-1714
-1751
-1117
-808
-635
-425
-421
-207
17
191
302
395
580
570
900
1207
1378
1397
1572
1519
1236
1231
1109
1112
1014
997
1385
1454
1405
1335
935
792
675
832
814
1116
1580
1595
1772
1708
1196
1022
832
846
1034
1314
1553
1483
1588
1774
2025
1913
2037
2465
2447
2398
2125
2115
2075
2042
2388
2261
2173
2052
1945
1580
1403
1335
1191
1065
896
1007
873
800
548
489
595
-193
-168
-86
-329
-388
-542
-160
-437
-554
-285
-358
-437
-339
-24
450
443
244
555
854
788
819
897
1229
1535
1451
1860
1976
2240
2444
2328
2729
2677
2718
2585
2841
2733
2514
2551
2406
2280
2028
1822
1700
1404
1105
995
791
721
576
331
134
-209
-356
-393
-487
-605
-559
-369
-230
-170
-16
-19
59
-48
-190
-543
-614
-715
-1041
-847
-824
-855
-1029
-1210
-1090
-944
-928
-991
-615
-518
-353
-307
-810
-1054
-1199
-1158
-1155
-1185
-1424
-1338
-1315
-1510
-1181
-1079
-1104
-918
-1026
-1087
-1104
-1185
-1514
-1595
-1950
-2003
-2131
-2020
-1602
-1583
-1342
-1473
-1290
-1201
-1069
-959
-1024
-913
-648
-434
-180
-19
145
185
156
361
-66
-229
-187
47
353
412
448
670
944
1192
1172
1108
1334
1321
1492
1341
1508
1387
1581
1993
1765
1578
1730
1789
1569
1415
1221
1126
764
692
522
236
-19
-215
-535
-972
-867
-899
-1067
-826
-824
-748
-577
-776
-628
-821
-1107
-939
-1051
-1156
-1056
-1222
-1385
-1253
-1064
-1281
-1633
-1704
-1509
-1306
-1183
-1100
-1145
-1088
-991
-897
-1155
-1483
-1651
-1812
-1704
-1500
-1354
-900
-766
-698
-719
-489
-238
-246
-117
-116
-85
0
154
-212
-416
-374
-177
221
318
343
304
96
-52
-34
-321
-597
-500
-366
-428
-229
-7
180
260
520
475
428
378
233
178
97
99
-161
-243
-432
-645
-589
-558
-811
-713
-465
-62
434
652
890
1080
1047
634
453
238
274
302
135
234
123
82
143
123
231
362
314
410
599
1119
1182
1164
1327
1025
1085
1327
1270
1259
1490
1374
1252
1314
1317
1116
945
800
787
957
774
740
615
761
591
708
693
497
724
614
466
497
445
395
628
646
706
561
362
88
-154
-107
-328
-329
-291
19
96
273
231
165
133
128
318
-74
-100
142
-165
-182
-205
-158
-254
-375
-76
-244
-79
264
387
691
766
1106
1459
1600
1865
1926
2024
2294
2117
2069
2212
2275
2497
2414
2373
2337
2049
1818
1639
1305
1282
1090
1151
1200
975
1030
1054
1107
1045
1321
1364
1242
896
530
391
185
-125
-376
-372
-538
-245
-153
-332
-93
126
168
367
320
339
269
-232
-308
-366
-542
-547
-686
-612
-561
-487
-559
-675
-595
-537
-397
-308
-337
-172
-170
-490
-510
-548
-790
-875
-823
-389
-165
-136
80
209
403
445
587
873
579
459
270
21
287
-58
-109
-9
-61
67
435
590
721
629
386
-184
-623
-639
-581
-437
-420
-233
-45
-133
-416
-594
-734
-809
-993
-971
-844
-786
-701
-747
-995
-854
-1087
-1554
-1905
-2050
-2162
-2165
-2167
-1915
-1894
-1587
-1524
-1456
-1179
-1059
-714
-716
-791
-620
-654
-593
-343
-338
-296
-332
-314
-322
-202
-96
-91
-58
-285
-453
-734
-803
-735
-726
-618
-721
-829
-854
-694
-539
-274
122
205
609
1032
1404
1547
1297
1259
1322
1172
1088
1043
936
959
889
1139
1192
1330
1270
1141
1261
1147
1058
1047
929
704
553
272
321
192
243
619
654
997
1581
1808
1678
1620
1624
1501
1215
925
672
504
140
141
475
389
260
352
372
427
302
287
108
49
-327
-523
-650
-978
-825
-561
-454
-146
-123
16
-215
-420
-93
-73
136
123
111
213
457
421
351
316
349
733
1057
1257
1503
1470
1349
1178
1019
769
780
883
842
730
929
871
748
694
328
348
287
229
493
683
839
1036
876
661
339
144
-166
-123
-366
-355
-135
-183
-129
-129
-167
-386
-665
-1018
-918
-1373
-1168
-1106
-1108
-1010
-853
-722
-897
-899
-824
-733
-656
-575
-888
-1043
-1352
-1765
-1976
-1959
-1639
-1595
-1300
-1006
-778
-577
-511
-473
-561
-464
-414
-442
-596
-734
-729
-744
-1079
-1122
-1629
-1912
-1962
-2085
-1872
-1614
-1580
-1580
-1441
-1083
-810
-716
-696
-340
-458
-592
-529
-579
-616
-791
-859
-895
-970
-1088
-889
-948
-567
-328
-507
-496
-560
-436
-284
-423
-671
-570
-621
-991
-1177
-1039
-1130
-968
-925
-552
-534
-400
-177
-261
117
142
70
145
-61
-186
21
327
680
817
833
650
723
703
711
950
567
482
701
502
609
384
181
267
361
240
533
397
-76
79
-282
-378
-427
-519
-474
-299
-187
-318
-407
-486
-640
-811
-1104
-1312
-1134
-1007
-1001
-671
-742
-588
-644
-675
-739
-1124
-1321
-1777
-1717
-1700
-1680
-1757
-1944
-1825
-1652
-1784
-1581
-1134
-1269
-961
-545
-515
-316
-74
126
61
0
120
128
48
-187
-476
-584
-452
-394
-159
-374
-199
-217
-123
48
-7
-249
-391
-350
-254
-201
-246
-55
36
131
127
430
776
380
314
293
107
191
213
413
582
954
965
719
902
640
734
557
517
824
879
1312
1160
1068
862
973
898
891
926
711
446
236
254
69
275
348
225
211
189
-3
230
166
351
632
630
816
1043
1127
1270
1609
1560
1594
1770
1736
1420
1205
1083
1024
1277
1221
1400
1929
1832
1907
2054
2300
2467
2533
2521
2434
2280
2027
2128
2199
2063
2311
2597
2709
2660
2728
2688
2655
2553
2469
2444
2413
2672
2472
2405
2468
2434
2608
2880
2897
2824
2824
2647
2533
2253
1896
1318
890
703
496
228
130
127
46
54
293
346
447
241
63
286
393
560
747
799
730
505
425
206
-204
-292
-441
-388
-399
20
-142
-45
73
64
-200
-531
-702
-934
-870
-611
-294
-374
-232
-417
-418
-387
-157
298
551
745
939
913
900
1113
810
445
103
-227
-418
-636
-909
-1014
-1141
-1376
-1336
-1471
-1332
-1311
-1534
-1445
-1673
-1516
-1521
-1380
-1038
-935
-973
-1205
-1167
-1128
-1353
-1535
-1543
-1684
-1811
-1702
-1774
-1614
-1786
-1739
-1552
-1367
-1287
-1375
-1503
-1380
-1311
-1362
-976
-976
-1013
-1119
-1110
-1146
-1150
-1400
-1396
-1515
-1508
-1456
-1251
-966
-955
-925
-880
-817
-786
-652
-648
-511
-466
-596
-576
-839
-787
-921
-952
-557
-345
-24
