-2990
-2615
-2541
-2249
-2082
-1821
-1259
-1403
-1516
-1262
-1327
-1305
-1128
-1082
-705
-258
465
755
1295
2058
2825
2788
2653
3115
3630
3816
4113
4188
3860
3416
3131
3142
2998
3301
2835
2487
2315
1730
1028
34
-441
-1242
-1222
-1873
-2552
-2935
-3265
-3733
-4049
-4214
-4079
-3973
-4226
-4081
-3995
-3501
-3295
-3027
-3077
-2668
-2381
-2141
-2128
-2195
-1651
-885
-201
264
974
1854
2078
2219
2737
2891
3130
3341
3057
3375
3910
4095
4228
3920
3971
4204
4103
4009
3816
3778
3704
3698
3440
3169
2529
2422
2849
2997
3455
3707
3460
3309
2815
2844
2769
2850
3397
3373
3625
3692
3414
2925
2384
1885
2158
2650
2487
2009
1605
1695
1525
1709
1997
1975
1638
1184
897
855
1004
1194
1097
532
995
1540
1810
1787
1450
1617
1828
2207
2682
2982
3298
3117
2987
2798
2357
2441
1871
1147
763
61
-885
-1302
-1343
-1537
-1306
-1282
-1350
-1746
-2063
-2468
-2553
-2667
-2368
-2218
-2722
-2871
-2850
-2872
-3017
-3092
-3205
-3137
-2803
-2960
-3467
-3108
-3063
-3027
-2598
-2189
-2065
-2116
-2218
-2394
-1902
-1729
-1710
-1694
-1382
-1102
-560
233
667
1398
1784
1651
1476
1883
2048
2369
2659
3140
3147
3229
3909
3691
3543
4018
4746
5200
5128
4746
5041
4833
4199
4134
3169
2749
2108
2019
2004
1638
1473
886
484
-218
48
-240
-406
-403
-965
-932
-1122
-886
-943
-1083
-1063
-1236
-1267
-1767
-1949
-1743
-1582
-1316
-1010
-512
-441
-239
70
403
700
1183
1103
714
988
1525
2148
2260
2134
1992
1742
1355
1959
2581
2828
2970
2844
3204
2781
2629
2693
2224
1894
1403
971
860
-53
-957
-1960
-2831
-3519
-4150
-4410
-4682
-5220
-5871
-6430
-7937
-8511
-8912
-9348
-9357
-9812
-9919
-10021
-9704
-9678
-9780
-8883
-8564
-7871
-7245
-7427
-6772
-6276
-5953
-5497
-4505
-3667
-3461
-3087
-2755
-2565
-2057
-1344
-838
-687
-395
-434
-842
-583
-413
-416
-319
-532
-774
-868
-391
173
104
-127
-94
-63
468
628
1208
1316
734
639
611
945
575
610
439
371
750
1070
999
737
978
1560
2066
2072
2364
2520
2478
2483
2646
2507
2067
1778
875
838
371
365
509
300
165
-345
-1032
-1192
-966
-1059
-423
-320
63
714
765
1187
1553
1700
1949
2034
2172
2140
2379
2511
3000
3506
3647
3995
3393
3356
2853
1685
1546
1267
1624
1679
1312
1147
1212
1067
632
95
-754
-1438
-2379
-2829
-3022
-3074
-3088
-3522
-3759
-4066
-4064
-4244
-3694
-2930
-2277
-1576
-1985
-2215
-2159
-2075
-2349
-2421
-2556
-2562
-2382
-1776
-1321
-1095
-918
-1106
-736
-505
-58
307
429
848
903
889
826
313
64
-99
-68
-491
-1317
-1766
-2813
-3605
-4616
-5453
-6012
-6228
-6605
-6626
-6322
-6257
-6406
-6433
-6398
-6408
-5890
-5311
-5319
-5323
-4764
-4596
-3916
-3180
-2260
-1349
-330
855
1796
3113
3784
4433
5666
6074
6215
6364
6123
6207
5852
5544
5289
4642
4441
3932
4226
4488
4687
4466
3768
3265
3093
2879
2621
2692
2808
2863
2594
2142
2023
1558
847
492
-4
-520
-1054
-1140
-1269
-1219
-1395
-1709
-2089
-2117
-1914
-1727
-1622
-1647
-2076
-2632
-2944
-3359
-3091
-3595
-3586
-3576
-3995
-3838
-3654
-2972
-2712
-2309
-1939
-1578
-1242
-384
376
853
1031
766
665
556
270
600
907
1206
1157
1196
1359
1742
1718
1435
1491
1114
838
186
-167
-724
-1079
-679
-900
-919
-1140
-1395
-1536
-1418
-1090
-1368
-1208
-977
-430
-273
-8
-136
-361
-610
-698
241
676
501
285
350
133
12
349
395
303
563
868
899
882
1327
1839
1820
1781
2100
2406
3004
2640
2843
3257
3617
3734
3382
3470
3365
3185
2868
2600
2329
2169
1356
924
461
511
604
483
537
464
420
218
17
-38
-45
-722
-656
-850
-1032
-1134
-1198
-1060
-1231
-1529
-966
-858
-1048
-1176
-1374
-1434
-1289
-874
-741
-660
-885
-552
-708
-540
-531
-841
-577
-828
-715
-604
-298
310
966
1536
1707
1683
1707
1620
1205
1286
1200
1188
1207
1287
1573
1510
1949
2079
1821
1668
1201
1256
1321
1086
1213
1048
498
-126
-710
-991
-1260
-1801
-2288
-3391
-4295
-5160
-5081
-4775
-5449
-5618
-5519
-5455
-5380
-5288
-5157
-5154
-5437
-5434
-5126
-4545
-3406
-2572
-2156
-1442
-1116
-852
-417
624
948
1336
1653
1861
1879
2140
2468
2316
2381
2529
2640
2236
2646
2910
2484
2091
1464
1084
1286
940
310
-549
-1047
-1732
-2683
-3104
-3647
-3594
-3927
-3852
-4071
-3798
-3466
-2947
-2524
-1968
-1730
-1577
-1085
-1290
-868
-403
172
522
748
1131
1371
1791
2063
2170
2306
2364
2465
2564
2662
2581
2421
2060
2030
1923
2002
1860
1698
1649
803
742
895
843
123
63
284
148
58
-359
-423
-885
-1057
-1482
-1188
-876
-929
-875
-1059
-966
-1359
-1286
-1169
-1047
-1148
-1369
-1712
-2212
-2297
-2456
-2529
-2764
-2860
-3122
-3413
-3423
-3358
-3208
-3187
-2879
-2736
-2415
-2029
-2177
-2204
-1829
-1504
-1187
-1364
-1268
-861
-496
-290
-85
608
753
1046
1518
2023
2269
2205
1735
1636
1893
2530
3208
3098
3846
4151
4155
3708
3600
3566
3366
2979
2082
1826
1769
1517
1539
1826
1607
1747
1769
1383
1251
1242
1258
904
840
486
467
14
-123
-201
-191
-525
-472
238
101
18
-496
-295
-317
-606
-661
-210
-15
288
345
-180
-656
-788
-485
-383
58
319
373
948
1251
1251
1610
2078
2647
2698
2592
2725
2225
2074
1685
1993
2399
2305
2385
1981
1905
2219
2556
2451
2585
3076
2934
2850
2874
3367
4156
4107
4005
3999
4140
4366
4521
4491
4320
4307
3786
4219
4260
4352
4449
4086
4238
4215
3984
3615
3099
2978
2754
2780
2640
2571
2253
2595
2607
2403
2457
2393
2880
3127
3703
3744
3551
3815
3714
3656
3598
3159
2764
2058
1823
1408
1217
881
715
1122
775
604
405
54
-115
-355
-773
-841
-1034
-1227
-1613
-1605
-1277
-1702
-2172
-2424
-2653
-3047
-2803
-2607
-2571
-2972
-2961
-2605
-2649
-2413
-2424
-1667
-980
-584
-584
-292
-60
-133
202
-455
-533
-553
-1034
-862
-995
-999
-495
-54
114
39
-74
-236
-236
-144
-424
-140
-145
-152
317
419
139
-158
-302
-28
647
869
783
807
765
542
300
340
-37
-401
-747
-964
-884
-956
-1133
-1678
-2160
-3056
-3262
-3401
-3225
-3368
-3185
-3351
-3453
-3302
-3371
-3085
-3130
-3124
-3162
-2991
-2938
-2853
-2718
-2310
-1731
-1590
-1694
-2006
-1629
-1365
-1600
-1617
-1746
-1559
-926
-618
-337
-256
249
365
201
-18
-261
-61
-151
-224
-460
-862
-1560
-1931
-2322
-2644
-2736
-3307
-3952
-3795
-3843
-3851
-3933
-4032
-4046
-3452
-3072
-2862
-2397
-2110
-2199
-2138
-2061
-1656
-1543
-2008
-2002
-1951
-2085
-1924
-1569
-1369
-1635
-1849
-1754
-1924
-1894
-1340
-1720
-2079
-2155
-2362
-2261
-2135
-2127
-1883
-1667
-1677
-1231
-1446
-767
-159
405
1121
1254
1070
1053
1099
916
1147
910
1066
1215
943
587
542
495
539
835
922
1302
1434
1548
1479
2417
2953
2866
3403
3532
4077
4630
4619
4391
4575
4416
4693
4959
5022
5025
4886
5264
4980
4590
4518
4373
4054
4318
3946
3405
3258
2862
2686
2289
1737
1678
1201
539
-50
-775
-970
-1331
-1513
-1546
-1387
-1502
-2058
-1912
-1909
-1890
-1664
-1786
-1458
-1574
-1441
-1184
-1427
-1222
-1360
-1235
-843
-842
-670
-544
-113
260
568
960
1573
2132
2229
2459
2619
2697
2764
2682
2567
2427
2200
2190
2531
2417
2555
2218
2466
2308
2164
2209
1954
2073
1732
1583
1754
1757
1732
1950
2034
1936
2127
2241
2791
3006
3080
3304
3207
3464
3366
3510
3737
3683
4014
4323
4295
4410
4860
4918
4304
4423
4380
4347
4236
4331
4090
4365
4355
4267
4198
3683
3509
3298
3170
3662
3671
3513
3249
2894
2592
2340
2575
1931
1609
1609
1532
1792
2061
2242
2498
2272
2431
2970
3068
3291
3411
3276
3395
3278
3009
2987
2720
2579
2623
2528
2281
2094
1984
1864
1798
1737
1653
1439
939
179
-53
-470
-679
-904
-1822
-2583
-3211
-3786
-4372
-4631
-5681
-5946
-6355
-6716
-6984
-7177
-7202
-6844
-6347
-6574
-6262
-6242
-6242
-6301
-6521
-6163
-6057
-5684
-5462
-5772
-5999
-5946
-6363
-6528
-6403
-6359
-6162
-6155
-5813
-5690
-5517
-4948
-5076
-5307
-5387
-5245
-5249
-5316
-4866
-5133
-5049
-5319
-5350
-4873
-4566
-4282
-3988
-3596
-3326
-2861
-2229
-1924
-1398
-683
-117
828
1435
1943
2589
2820
3008
3295
3718
4111
4245
4354
4375
4266
3888
3538
3016
2803
2637
2726
3177
2780
2073
1362
655
33
-384
-1081
-1384
-1761
-2439
-3597
-3890
-3920
-4517
-4610
-4638
-4797
-5403
-4929
-4803
-4553
-4065
-3834
-3955
-4031
-3852
-3681
-3242
-2829
-2332
-2120
-1897
-1457
-1087
-858
-537
-250
268
330
221
-113
-214
-391
-31
421
-15
545
810
1200
1343
1156
1413
1302
1046
1303
1639
1602
1530
1659
1873
1773
1605
1926
1794
1381
1166
715
476
197
-27
200
985
1297
1730
2091
1859
1446
1692
1486
1321
889
839
1117
1776
1616
1155
1232
1534
1235
1359
1409
1529
1958
2277
2982
2974
3528
3730
4260
4285
4412
4297
4079
4293
4259
4348
3686
3210
3216
3166
2867
2888
2950
2703
2796
2375
1820
1563
906
178
-225
-746
-688
-743
-930
-1354
-1408
-1150
-742
-508
-666
-845
-1355
-1917
-2073
-2089
-2242
-2124
-2203
-2236
-2255
-2460
-2455
-1867
-1466
-1193
-1075
-1156
-1274
-1654
-1817
-1628
-1714
-1672
-2110
-1881
-1775
-1485
-873
-542
-457
-119
329
451
723
360
55
-605
-740
-618
-787
-715
-1226
-1259
-1640
-1731
-1764
-1249
-674
-461
-273
-441
123
310
398
442
282
397
802
1086
1577
1577
1726
1799
1640
1890
1664
2086
2130
1765
1850
2098
1826
1318
860
668
588
288
205
-59
-55
34
95
179
90
-327
-461
-718
-846
-1068
-1160
-1443
-1708
-1504
-1451
-1708
-1658
-1033
-305
314
-15
114
47
-487
-231
-217
-248
-603
-1084
-1871
-2521
-2683
-3187
-3523
-3654
-3722
-3736
-3509
-3915
-3810
-3660
-3596
-3501
-3920
-4192
-4144
-3983
-4024
-4135
-4383
-4481
-4501
-4483
-4304
-4182
-3455
-3337
-2833
-3010
-3335
-2856
-2524
-2197
-2259
-1744
-1505
-1078
-206
248
994
1916
2138
2490
2507
2760
2815
2297
1916
1937
2479
2268
2200
1622
1518
1505
1308
1236
916
1122
948
856
489
494
67
-716
-1061
-1327
-1561
-1694
-1993
-2294
-2453
-2533
-2248
-2376
-2465
-2549
-2418
-2453
-2232
-2531
-2660
-2602
-2496
-2242
-2041
-1892
-2382
-2612
-2412
-2145
-1937
-1106
-520
227
665
1025
1939
1891
2298
2535
2847
3437
3820
3677
3331
3320
3047
3036
2944
2967
3427
3690
3965
3794
3912
4139
3863
3675
3239
2424
1809
1438
439
51
-51
-350
-130
115
-264
-326
-605
-1188
-987
-801
-541
-171
1
-36
-16
-82
361
583
768
1219
1355
1202
1527
1625
1759
1778
1542
1272
1227
1142
869
788
465
391
466
1077
1906
2604
3256
3909
3876
4154
4342
4429
4105
3907
3461
3376
2857
2532
2678
2576
2526
2352
2460
2000
2318
1981
2007
2172
1803
1409
1306
454
-1102
-1728
-2668
-2982
-3631
-4478
-5014
-6065
-6213
-5980
-6348
-6276
-6014
-5868
-5699
-5528
-5498
-5840
-6251
-6724
-6677
-6732
-6273
-6108
-6175
-5990
-6083
-5945
-5445
-5101
-4869
-4768
-4842
-4532
-4620
-4417
-4014
-3791
-3155
-2391
-2353
-1424
-726
-85
661
1112
2152
2832
2956
2895
2580
2473
2257
2039
2115
1752
1449
1387
1400
1155
968
886
1146
1019
642
230
-660
-1308
-1893
-2189
-2470
-2623
-3059
-3141
-3516
-3496
-3630
-3647
-3483
-3498
-3520
-3563
-3178
-3032
-2470
-2345
-1705
-1139
-809
-803
-759
-803
-718
67
436
846
1180
1373
1606
1566
1335
1556
1933
2486
2428
2279
2205
1879
1884
1686
1695
1790
1621
1469
1248
1358
1544
1460
1873
2005
1902
1787
1180
1007
721
42
-757
-1024
-1307
-1858
-2530
-2834
-2493
-2464
-2614
-3092
-3434
-3505
-3439
-3426
-3577
-3685
-3493
-2785
-2017
-1288
-1054
-727
5
485
861
840
1461
2239
2031
2377
2615
2646
2416
2294
2202
2047
1890
1539
1118
501
373
827
617
602
90
-304
-395
-393
-447
-1045
-1319
-1379
-1123
-755
-441
-371
332
740
964
842
664
1123
1130
952
1275
1453
1711
1713
1676
1867
1961
2135
2232
2419
2573
2876
2982
3092
3278
3382
3279
2986
3167
3268
3424
3683
3794
3972
4207
4487
4645
4821
5057
5321
5468
5275
4999
4795
4803
4380
4299
4054
3602
3415
3022
3286
2958
2787
2945
2832
2601
2564
2675
2360
2107
1479
816
339
147
60
160
173
178
110
79
-94
454
830
430
159
-361
-385
-590
-467
-577
-697
-703
-787
-300
-407
-366
-527
-289
87
78
399
523
587
476
335
216
178
-16
210
75
109
-170
-386
-18
63
137
-274
-43
-22
395
393
403
883
1055
903
1009
1157
1133
1306
1134
1086
974
880
334
51
-329
-321
-420
-604
-1007
-703
-319
-615
-364
-284
-101
-389
-993
-1298
-1319
-1243
-1419
-1355
-855
-817
-846
-841
-684
-1073
-1595
-1690
-2091
-2654
-3313
-3463
-4222
-4171
-4094
-4128
-3631
-3759
-4246
-4867
-5310
-5559
-5689
-5475
-5235
-5621
-5417
-5099
-4994
-4712
-3984
-2968
-2617
-2133
-1810
-1356
-697
88
533
862
1057
1099
1020
1250
1475
1501
1813
1336
1406
1283
673
286
45
-153
-371
-572
-672
-237
257
142
-153
-320
-920
-1131
-1405
-1524
-1635
-1908
-2068
-2127
-2216
-2559
-3013
-3285
-2972
-3079
-3177
-3390
-3367
-3401
-3836
-3816
-4178
-3924
-4050
-3968
-3852
-3588
-3817
-4010
-3797
-3739
-3739
-3699
-3707
-3503
-2937
-2836
-2453
-2160
-1836
-1633
-1205
-482
-301
231
755
1122
1520
1794
2076
2465
2585
2677
3103
3868
4188
4039
4107
4081
4106
4269
4385
4203
4303
4049
3973
4150
3807
3911
3957
3824
3835
4181
3851
3707
4087
4206
4829
5283
5364
5413
5635
5403
5224
4763
4343
4301
4251
3680
3474
3102
2676
2478
1889
1574
1578
1627
1104
894
1047
950
1083
720
486
150
275
-202
-468
-728
-1198
-1346
-1571
-1141
-1148
-1098
-1334
-1378
-1629
-1846
-1651
-1338
-1377
-1097
-1171
-1072
-871
-965
-372
232
714
825
1036
1053
1154
1508
1244
1073
1169
889
764
451
284
187
-213
-686
-1119
-1303
-1429
-1637
-1654
-1692
-1486
-1489
-1335
-1123
-673
8
351
649
1051
1115
956
1163
1037
1071
1205
1713
2261
2674
2805
3245
3431
3432
3983
4336
4096
4452
4675
4505
4613
4353
4625
4628
4607
4126
3970
4168
4384
4370
4009
3888
3435
3275
3261
2916
2775
2630
2990
2876
2225
1691
1836
1797
1686
1726
1819
1735
1464
768
598
821
1187
1185
696
841
1172
1626
2328
2710
2850
3962
3957
4391
4812
4743
5067
4678
4696
4921
4748
4651
4363
3966
3593
3346
3278
3126
2684
2348
2372
2061
1825
1418
897
648
766
536
256
-237
-566
-237
-558
-1063
-1405
-1750
-1796
-1750
-1934
-2218
-2676
-3077
-3528
-3793
-3984
-4448
-4760
-5196
-5287
-5300
-5599
-5680
-5581
-5136
-5736
-5762
-5724
-6121
-5901
-6119
-5916
-5917
-6381
-6188
-6008
-5896
-5301
-5148
-5275
-4836
-4784
-5114
-5128
-5434
-5290
-5542
-5205
-4891
-4249
-3663
-3395
-2869
-2902
-2479
-2418
-1805
-1398
-1207
-933
-780
-808
-853
-1060
-1028
-841
-998
-1119
-478
-359
-117
248
471
521
449
401
-377
-626
-1124
-1115
-1041
-1033
-1029
-1343
-677
-356
70
610
1223
1657
2099
2455
2474
2716
2884
2738
2504
2523
2386
2228
2290
2237
2132
2107
2024
1718
1785
1859
1577
1488
1072
592
198
559
429
200
237
349
133
68
232
211
162
-36
216
-264
-263
-670
-823
-950
-1047
-569
-576
-472
-105
-49
256
843
1297
1607
1701
2467
2518
2583
2914
2406
2826
3246
3434
3445
3510
4473
4777
5309
5371
5679
5444
5154
5230
5179
5039
4556
3888
3423
2895
2636
2556
1942
1572
1267
1232
833
680
834
715
527
408
138
-200
-628
-1062
-1220
-1400
-1377
-1748
-2136
-2052
-2484
-1997
-1685
-2031
-1803
-1655
-1543
-1615
-1332
-1068
-601
-161
39
81
109
203
338
278
263
232
466
740
601
666
700
518
339
70
-62
-462
-726
-1177
-1703
-1876
-1967
-2173
-2119
-2182
-2729
-2555
-2158
-2100
-1944
-2122
-2128
-2059
-2383
-2238
-1794
-1685
-1580
-1416
-939
-468
-520
-583
-490
-347
-172
-142
-90
-194
-320
-892
-1176
-1067
-787
61
254
444
667
940
1526
2518
3121
3620
4332
4505
4836
4870
4800
4590
3972
3774
3687
3653
3581
3779
3718
3327
2889
2325
1903
1529
1633
1336
1051
1166
680
43
-485
-706
-1191
-1162
-990
-872
-857
-935
-701
-840
-727
-1222
-1715
-1629
-1374
-1058
-1283
-1508
-1267
-1674
-1851
-1952
-2301
-2185
-2138
-1593
-720
-291
-50
253
1245
1948
2209
2613
2560
2385
2193
2032
2262
2526
2976
3097
2535
2481
2680
2831
2283
2192
2206
2312
2048
1972
1763
1431
1208
721
187
-587
-841
-1409
-1510
-1951
-2390
-2472
-2770
-3263
-3797
-3891
-4760
-5553
-6754
-7439
-7527
-7812
-7897
-8334
-8633
-8357
-8297
-8471
-8012
-7270
-6791
-6159
-5792
-5885
-5567
-5575
-5440
-5533
-5615
-5673
-5239
-4712
-4457
-3917
-3657
-3122
-2832
-2208
-1622
-1476
-978
-915
-1069
-906
-1040
-1033
-945
-1073
-1404
-1389
-1915
-1780
-1726
-1429
-1527
-1342
-1668
-2239
-2338
-3053
-3153
-3388
-4058
-4506
-4776
-5446
-5765
-5819
-5595
-5593
-5627
-5363
-4877
-4386
-4410
-4189
-3433
-2244
-1525
-1095
-781
-819
-234
719
1216
1676
1593
1448
1504
1298
1663
1442
1955
2311
2275
2461
2771
2910
2818
2844
2763
2445
2880
3339
3591
3959
4171
4083
4307
4317
4517
4413
4153
4542
4644
4463
4087
4572
4432
4184
3814
3374
2653
2588
2219
2024
2423
2030
1808
2233
2456
2470
2492
2281
1979
1429
1375
1498
1361
1611
1847
2285
2506
2633
3068
3731
3879
3983
4314
4437
4538
4922
4803
4716
4425
4082
4232
4039
4023
4398
4327
4139
3619
3297
2999
2450
2414
2237
1791
1969
1539
1252
1036
881
776
-99
-605
-1132
-2134
-2639
-3467
-3708
-4096
-4765
-4998
-5588
-6142
-6388
-6394
-6601
-6948
-7257
-7499
-7835
-7864
-7536
-7327
-7381
-7594
-7382
-7316
-7331
-7513
-7599
-7119
-6774
-6033
-5028
-4190
-3386
-2557
-1551
-494
359
1285
1767
1618
2142
2083
1814
1711
1265
1243
489
595
544
377
737
996
1319
1277
1551
1287
1413
1181
737
341
-722
-1205
-1797
-2633
-3183
-3896
-4311
-4310
-3766
-3728
-3584
-3267
-2976
-2500
-2442
-2618
-2738
-3131
-3288
-3531
-3530
-3503
-3527
-2951
-2825
-2385
-2147
-2260
-2262
-1499
-1098
-304
154
211
53
-68
160
646
1208
1581
1787
1969
2621
2583
2707
2605
2444
2601
2612
2598
1876
1544
1200
1166
1248
1511
1639
1611
1545
1591
1651
1669
1711
1307
716
42
-113
-303
-454
-1378
-1743
-1947
-2099
-1830
-1669
-1620
-1470
-1876
-2707
-2959
-2821
-2484
-2328
-2135
-2550
-2827
-3126
-2843
-2519
-2174
-2124
-2672
-2667
-2546
-2399
-2222
-1988
-1877
-1847
-1461
-1115
-1138
-499
-504
-18
168
218
632
547
757
900
996
1196
1653
1641
2210
2827
3017
3090
3073
3262
2916
2726
2821
3104
3505
4047
4133
4379
4848
5078
5104
5379
5429
5216
4805
4429
4340
4567
3978
3179
3192
2492
2273
2213
1515
1295
1052
553
792
864
439
217
262
11
-277
-759
-1019
-1662
-1986
-2330
-2612
-3233
-3375
-3662
-4302
-4340
-4496
-4290
-4236
-4162
-3952
-3850
-3743
-3424
-3071
-2676
-2663
-2463
-1953
-1914
-1932
-1772
-1290
-887
-455
-254
-81
410
716
684
909
1176
1200
1474
1661
2273
2442
2724
2850
2737
2857
2698
3080
3050
2709
2261
1805
1495
1315
1091
655
350
819
1018
1815
2032
2857
2912
3002
2901
3098
3678
3912
4117
3572
3144
2951
3301
3568
3812
4692
5122
4684
5032
5052
5378
5415
5719
6195
6038
5716
5050
4766
4308
3936
3638
3209
3425
3648
3924
3613
3586
3865
4333
4001
3965
4016
4441
5067
5458
5812
6003
6010
5673
6267
6964
7422
7722
8359
8375
8717
9037
9097
9304
9243
8429
7435
6518
5659
4190
2870
1162
-333
-1681
-2903
-4544
-6711
-8477
-10351
-12034
-12614
-13621
-15044
-15718
-16125
-16787
-16958
-17213
-17726
-17891
-17884
-17236
-16601
-15798
-16085
-15884
-12388
-8373
-7640
-9593
-7930
-5545
-3397
-673
2385
4153
3054
1725
1574
6176
9209
9702
8089
7138
5944
5156
6341
6347
4238
2899
2929
1283
855
1539
705
-1998
-2702
-1748
-1749
-2824
-3321
-3967
-4112
-2897
-2102
-1199
-1347
-1183
-948
-553
1322
2744
2801
1998
2351
3221
3896
4516
4517
3933
3557
4236
4233
3696
2649
2119
751
1149
1551
907
26
-976
-1950
-1717
-154
-724
-1204
-1369
-1847
-1890
-646
-1003
-1317
-1125
-474
366
1297
1364
1333
1420
1915
2953
3275
3233
2020
974
15
-13
200
-667
-2205
-3373
-3437
-3304
-2784
-3392
-4552
-5335
-5480
-5618
-5328
-5114
-6283
-7264
-6899
-6835
-6200
-5639
-6035
-5809
-4730
-3301
-2468
-1373
-982
-713
66
1001
1591
2170
2530
2551
2868
3521
4250
4703
4960
5453
5681
6427
7063
7301
7409
7482
8059
8539
9232
9689
9756
9831
9805
10254
10059
10053
9608
9318
9014
8451
8091
7814
7894
7773
7733
7494
7111
6885
6516
5505
4520
3420
2160
564
-502
-1336
-2438
-3109
-3431
-5046
-6734
-7574
-8079
-7887
-7715
-7994
-8355
-7761
-7602
-7250
-7002
-6621
-5866
-5105
-4135
-3262
-2512
-2801
-2998
-2797
-1221
-1335
-1332
-1145
-2086
-2614
-3364
-4118
-4296
-4432
-3474
-738
672
-934
-1888
-1386
-1168
1317
4399
7091
6465
4535
2525
3130
5606
7944
8057
8170
6940
5442
6178
7371
7357
6880
6510
5480
4601
4557
4825
3060
2342
2490
2598
1531
335
6
-1033
-659
191
-36
-329
-1026
-1162
-351
2063
3957
4830
4320
6264
9798
10381
9056
10604
11577
10746
13472
13786
14405
14635
12363
9262
12236
12444
10215
9319
7074
4024
4419
4413
2053
621
-1065
-2204
-4732
-5333
-7094
-8445
-10904
-11531
-11890
-13238
-14067
-15084
-15861
-16632
-15451
-16127
-16494
-16531
-16294
-16610
-15640
-14913
-15163
-15798
-16224
-16034
-15757
-15602
-14556
-9466
-6041
-8863
-11980
-8764
-8707
-5936
-926
6234
7003
4702
228
1967
6474
10250
11305
11343
11257
8404
8941
10427
10480
8745
9194
7730
6391
6502
6960
3983
902
1475
1865
290
-1866
-3356
-5628
-6245
-5387
-4854
-6030
-7351
-7541
-7890
-6254
-3114
-1300
-2393
-2474
-937
1245
3031
4306
4274
4088
4137
5939
7426
8565
7363
5625
5075
5607
7465
6631
3007
765
-909
-1251
-415
-861
-2727
-4244
-8313
-10880
-8341
-7834
-9314
-9455
-10253
-11207
-9456
-7991
-8173
-7837
-6182
-4775
-4281
-3726
-3833
-3961
-3381
-2093
-688
-1641
-2379
-2402
-1509
-551
876
266
-1024
-2191
-3051
-2427
-1522
-2164
-3889
-4741
-6153
-6148
-6899
-6111
-7514
-7646
-8589
-9015
-10090
-9751
-9992
-8213
-4366
-4043
-5400
-4734
-5366
-5499
-2367
2598
5322
5125
3342
2589
5438
7341
10156
11597
13021
11080
10126
10993
12177
12002
11489
10070
8920
7880
7352
5782
4094
3234
2296
-72
-1825
-2073
-4368
-6508
-6084
-5837
-6104
-6118
-5789
-5158
-3584
-1702
380
2075
4152
5386
7234
9301
10488
12656
14713
15030
14371
16111
16159
16952
18131
16438
14341
13269
12151
10504
12968
12235
10706
7853
4710
2398
3742
3396
1444
-647
-2808
-5110
-5992
-5381
-5934
-6326
-7565
-7990
-8202
-7419
-7508
-7358
-7514
-6795
-6228
-7642
-8242
-9266
-9839
-9744
-9188
-9802
-10818
-13068
-15273
-15124
-15593
-15373
-17685
-19415
-22022
-19276
-11064
-1108
-5447
-16456
-20875
-13676
-3979
4580
13434
14826
7299
-4809
-1082
14403
28569
26961
21267
17918
17738
18857
22923
24263
20820
16438
13697
13322
12225
11524
6235
1292
1070
3212
1323
-5355
-10494
-12585
-11704
-10782
-8869
-11369
-15716
-17778
-14687
-9478
-5113
-4703
-7579
-8502
-5858
381
5361
6694
5547
4440
5605
9509
13858
14282
11240
8355
7973
9748
10823
10441
7939
3721
2854
3214
2176
1230
-264
-2640
-2667
-2317
-3698
-4509
-5568
-6060
-3386
388
951
-22
-878
-391
1444
5338
6595
6087
4117
2437
2269
2923
2858
1942
-209
-2283
-2661
-3718
-5433
-7787
-8756
-9840
-11295
-13115
-14491
-16750
-17983
-17914
-18873
-19860
-22578
-24608
-24548
-23055
-22236
-20672
-17753
-5007
2845
-6254
-18212
-11097
-236
7429
14000
21579
20439
6428
-4419
4060
24668
31329
23964
16217
15420
13438
15399
19231
19050
13918
10410
6428
3867
5164
4297
-3481
-8894
-4759
-2028
-8453
-16657
-18389
-17656
-16611
-13880
-11852
-13528
-17594
-17140
-11615
-3541
1498
1108
-1696
-929
4511
11996
16733
17092
14519
12072
12886
17232
21094
20759
14655
11225
11543
11338
9320
8506
3202
-1693
-1162
-190
-1369
-4500
-9197
-12430
-8912
-7626
-5950
-8458
-11866
-13687
-9543
-6081
-2775
-2601
-3524
-4545
-2050
2825
5326
5073
2882
2838
2729
4500
4082
2537
-1979
-2405
-2057
-3643
-7406
-10156
-12467
-15197
-15043
-14209
-14537
-19351
-22447
-24608
-22956
-23174
-23094
-27600
-30289
-32768
-24949
-989
11914
-9233
-32376
-19685
-5732
7657
17150
30652
20522
-74
-12833
4296
28096
31745
19574
10863
12519
12595
17874
20388
17258
11565
13547
9890
6838
9310
9648
-431
-5016
5008
9628
78
-10364
-9810
-7973
-5297
-2320
-2121
-6741
-11729
-9477
-3937
4086
7385
4478
-1500
412
7266
13863
14838
12213
9957
9020
10665
14345
17567
15501
9826
6847
9378
12179
10314
6738
2416
770
2701
3572
1173
-1509
-4178
-6321
-6563
-3734
-1943
-5268
-8683
-8628
-5790
-3469
-2637
-2576
-3092
-2678
-865
870
985
1553
803
241
701
1213
-197
-2873
-4961
-4328
-3163
-4795
-8853
-11389
-12199
-13082
-13341
-12786
-13246
-17568
-20033
-19521
-19947
-21183
-23005
-22986
-26135
-16621
1614
5614
-17345
-26986
-13715
-3090
6312
15635
25836
12118
-7265
-13775
12963
30911
29804
16330
12078
9521
10921
19530
21506
12925
8701
12159
5839
2576
5303
4787
-7733
-7813
2752
3295
-8273
-15088
-13203
-11943
-6888
-4260
-5770
-11874
-13785
-8755
-1321
6332
7744
3619
-227
4769
12980
20368
19424
15727
13142
13487
16875
20979
22206
17311
11132
8727
11129
13489
12010
6567
1439
425
1633
2168
-1965
-4472
-5155
-5929
-7349
-4541
-4591
-8172
-10370
-7663
-4768
-2253
-2417
-3401
-4100
-2041
3100
5370
4403
2657
2063
992
3417
5230
3857
-878
-4121
-3238
-1254
-2459
-6172
-8966
-12188
-14692
-14907
-13534
-14645
-18292
-21424
-23583
-25635
-26921
-26987
-29350
-25751
-8243
2090
-13651
-31012
-23032
-10102
1038
10636
23147
17262
-3813
-16948
806
26937
32445
22188
12024
9077
8134
17427
22455
16908
8927
12116
9671
4021
4639
6531
-2590
-9416
-1298
3935
-5117
-16243
-16858
-14201
-9808
-5660
-6774
-12548
-16517
-12957
-5397
4507
7941
4296
-826
2304
10877
20260
23495
19298
14413
13946
18266
22817
25207
22227
15953
10884
12063
15026
14615
9666
2870
-370
1216
1543
-1458
-5945
-7949
-6650
-6521
-6414
-6340
-8745
-12266
-10663
-5976
-2115
-2236
-4819
-6028
-4253
-11
5170
6614
3849
1635
1051
2425
4631
5415
1590
-2933
-4465
-2477
-2163
-5153
-7677
-9767
-12186
-14481
-13712
-14775
-17151
-20545
-22108
-25053
-25393
-27932
-22662
-5559
3146
-13439
-28189
-19920
-8103
3786
14548
28156
20225
595
-9577
7044
26426
32107
24851
17682
12563
11432
17984
21402
17875
13464
11994
5598
3305
5312
4608
-4273
-7076
-1508
-997
-8649
-15326
-16470
-15146
-10812
-8830
-10678
-15345
-17431
-14476
-8102
1024
4340
603
-3700
-504
7554
15686
18593
16356
12293
10526
13303
17947
20695
18517
13090
9020
10038
11759
11031
7629
2725
-503
-673
-545
-2437
-4822
-7301
-9614
-9346
-7534
-8322
-11357
-12643
-10698
-7320
-5174
-4469
-5969
-7345
-4776
-357
1774
2379
3198
2367
1499
1875
3753
4358
2518
-153
-773
-316
-1611
-5539
-7630
-8467
-10204
-12075
-13292
-17318
-21996
-23856
-23367
-23444
-23878
-15795
-6302
-10139
-24063
-22828
-13995
-5226
1843
11896
15065
3921
-8249
-3859
14882
25379
24856
18408
14446
11380
14878
19578
19012
16129
16693
12719
5640
4858
7192
3771
-1693
-194
1104
-3989
-11222
-13682
-12623
-9407
-6272
-7321
-10763
-13304
-11802
-7155
69
5483
5644
1985
1731
5966
12721
18214
19217
17285
15246
15372
18443
21819
21712
19176
16353
15695
14969
13185
10896
7311
5044
5484
3868
-451
-4326
-7593
-8045
-7564
-7846
-8230
-11937
-16218
-15400
-11618
-8890
-7256
-8467
-9870
-9582
-6824
-3626
-2332
-1956
-2196
-3437
-3119
-572
-241
-1854
-3058
-2674
-2857
-3647
-5848
-8125
-9528
-9626
-10310
-10924
-13072
-17413
-21166
-21836
-21136
-16597
-1003
5505
-9357
-26578
-20610
-10092
2727
13364
20078
13370
-2756
-13012
-416
21732
28199
22573
16480
13638
11271
15570
18198
17131
17681
20229
13239
6739
6176
4923
1122
2576
8075
6230
-3787
-11886
-13126
-9327
-3543
-1123
-4969
-10022
-13517
-11374
-4421
4547
8323
5518
2688
4595
8606
13982
19038
19537
17742
16428
16179
17252
19645
20600
18663
16143
14798
12832
9771
8572
7827
8301
7146
3953
-1000
-5063
-6175
-4701
-4397
-4755
-5671
-8673
-11747
-11117
-7584
-5400
-4237
-4225
-4874
-6260
-4833
-2888
301
801
-727
-3707
-6307
-7382
-6004
-4980
-6516
-6643
-8379
-11411
-15194
-14167
-12687
-13872
-18217
-19627
-22477
-26951
-29062
-23736
-9381
67
-9649
-26516
-26241
-15839
-4098
7055
20781
20049
1606
-12076
-139
22332
32325
28286
21533
18273
16770
18266
20903
21150
19469
16827
12179
9408
7712
3160
-3824
-4747
-542
-1345
-9840
-17759
-21165
-20559
-16981
-13819
-14641
-19083
-22711
-20545
-13254
-4195
1033
-326
-2302
930
8010
14382
18870
20713
19720
18037
20070
24435
26668
25362
21212
17626
17241
17570
15646
11992
7551
4363
3226
1368
-317
-3644
-7384
-10781
-11447
-11563
-9972
-10622
-11421
-11613
-11569
-10384
-6957
-5385
-4827
-3415
-2380
-583
694
2549
2084
1358
1869
2888
217
-1941
-3651
-4393
-4169
-4817
-8423
-12409
-14907
-15911
-16220
-16212
-18010
-22434
-28698
-31399
-32768
-25627
-6452
3826
-12115
-28478
-24009
-10353
6091
13462
21738
18767
5409
-6534
8699
27256
31537
19423
14522
16792
21805
21525
17532
14405
16011
15265
9594
7051
3135
-1973
-6995
-4892
-1204
-3798
-14711
-21430
-21667
-17584
-13895
-13528
-17222
-22039
-22392
-16862
-9447
-2824
-804
-3422
-3581
2194
9054
14759
16614
17381
16750
16898
19207
23040
23311
20761
18051
18012
18148
15776
12061
8453
5851
6890
6861
3675
-714
-4802
-6871
-6520
-5604
-5479
-5539
-8197
-9206
-9031
-7045
-5055
-3077
-2626
-1584
-1471
-305
355
1982
3149
3765
3144
3162
1460
-1876
-3676
-3387
-1612
-3120
-6465
-11574
-15202
-16939
-16408
-17173
-18717
-22515
-28311
-32303
-28398
-12307
-2060
-11016
-25614
-25184
-16604
-4569
6890
19526
18834
3691
-7487
3483
23779
32293
27628
22841
21993
20900
21467
21755
21596
21821
19819
15039
11903
8131
1796
-3620
-2015
1299
-3138
-12369
-19329
-21527
-19983
-16747
-15232
-18033
-22662
-24117
-20114
-13688
-6620
-3340
-4340
-3834
541
6473
11973
16417
18324
17854
18159
21295
24533
26237
25380
23384
22079
21559
19430
16074
13101
11030
9600
7838
5007
1255
-2261
-4898
-6322
-7051
-8301
-10395
-11539
-12420
-10735
-9442
-9951
-9646
-7488
-5504
-3124
-1517
-983
11
2021
3750
3533
2907
2518
938
-1131
-824
-260
-190
-3348
-9066
-11514
-12680
-13306
-13618
-14839
-19132
-22001
-25272
-27960
-29730
-25797
-13069
-5132
-12141
-23825
-22365
-14368
-2732
7845
20158
19117
5263
-4973
5220
24085
32387
27876
22435
20550
19053
19667
21502
23546
22554
17876
11807
8918
7199
3176
-1659
-1530
-281
-5642
-13966
-18708
-19984
-19444
-17051
-15389
-17602
-22490
-24166
-20682
-13302
-5917
-3382
-4745
-4421
-1026
4463
10540
15513
18013
16905
15696
17461
20675
22793
22283
20585
18943
17255
14657
11813
9254
7862
7077
4552
1647
-3087
-6704
-7775
-7554
-9388
-10125
-10964
-12092
-13873
-13380
-12748
-11035
-9818
-7995
-7433
-7019
-6636
-5167
-3365
-387
1115
-23
-1500
-2582
-4228
-4861
-3214
-2430
-4566
-9034
-11797
-12986
-13466
-14969
-16107
-17966
-20139
-24465
-27115
-28354
-23449
-11322
-4794
-13474
-23575
-20967
-11845
-856
9937
20153
15858
1868
-3628
10611
27495
32767
28206
23581
21315
21267
23791
25203
25141
22891
19746
15860
12860
9186
5233
1415
1333
1182
-3149
-10482
-16218
-18150
-16392
-13332
-12851
-15893
-19942
-20129
-15955
-9136
-2822
-516
-1687
-1544
2464
8809
14154
17484
18753
17855
17852
20096
22860
23668
22141
19837
18758
17619
14929
11223
8058
6422
5463
3663
662
-3813
-7920
-9322
-9370
-10078
-10357
-11285
-13530
-15242
-14448
-12678
-10056
-8653
-6698
-6397
-6884
-6334
-4519
-2231
626
1816
-348
-2592
-2957
-2700
-3354
-3253
-2733
-4153
-7706
-11248
-13233
-13101
-13659
-14429
-15460
-18245
-21882
-24245
-25126
-24745
-24586
-24651
-17756
-6221
-5658
-16488
-20518
-11213
-18
8635
17742
22867
12796
-239
3984
22191
32328
29654
23719
19813
17992
20476
24016
22944
18925
16981
15264
11289
7327
4205
529
-2302
-1855
-2238
-7335
-14752
-19048
-17923
-13648
-11698
-14648
-18666
-19557
-16210
-10036
-3995
-1436
-2505
-2262
1457
7255
13318
16820
16865
15546
16371
19305
21813
22086
20823
18646
16498
15151
14460
12899
10520
8644
7205
5489
2963
-620
-3151
-3950
-4241
-4597
-5703
-8045
-10428
-11230
-10332
-8186
-6644
-6518
-7052
-6837
-6114
-4690
-2551
-253
601
349
-874
-2654
-2741
-1722
-701
-1796
-4204
-6798
-7686
-10065
-11565
-11727
-12662
-15756
-18544
-19521
-20296
-22041
-24105
-24964
-20701
-9065
-3875
-11428
-19966
-16812
-6101
5833
13614
18026
13616
2835
792
15973
30058
30656
21936
17116
18082
23283
25237
21751
16719
15154
15501
14377
10266
3543
-1318
-2586
-1371
-989
-5207
-13654
-20377
-20463
-15248
-11968
-13816
-19158
-22347
-20014
-13264
-6741
-3379
-3732
-4641
-964
6750
13027
14630
14113
14258
16144
20740
23646
23466
20872
17495
15628
18036
19257
16773
12173
8421
6409
6498
5869
1834
-2575
-5197
-5620
-5859
-7386
-10751
-12143
-11630
-11074
-9788
-8988
-9344
-9598
-7011
-4849
-2962
-1903
-1266
-460
196
1030
2029
752
-443
-22
-789
-1956
-2440
-3340
-6133
-7438
-9008
-9649
-11381
-12414
-14010
-16227
-18999
-20924
-21902
-23022
-23703
-20704
-8961
-2208
-9931
-21058
-16499
-5847
3635
11851
20898
16514
2757
-1814
11705
26230
29228
24882
20149
16347
15733
19056
20355
19111
17174
14617
8678
4251
1402
-944
-3455
-2255
-2894
-7920
-15460
-20236
-20729
-16052
-11602
-12107
-16361
-19793
-19132
-13437
-5276
830
2274
1875
3083
6944
12642
18965
22203
22315
21256
21787
22991
24389
25103
24522
21818
19982
18594
15998
13013
11439
9875
7320
4788
1776
-1757
-4182
-5448
-6605
-7432
-8433
-9966
-12226
-12620
-11045
-9188
-8301
-7537
-7486
-6766
-5670
-3703
-1193
784
1295
256
-1437
-1745
-545
60
-533
-2909
-5065
-6406
-7412
-8780
-9701
-11265
-14514
-17549
-18677
-19199
-21404
-22926
-24496
-23505
-20201
-11730
-7721
-11845
-20383
-16968
-7026
3897
11570
15737
11877
1962
759
12308
26020
29002
24410
18781
17657
18557
21200
21287
20006
17773
16101
11697
7684
2672
-1359
-2817
-645
-626
-6399
-15092
-20198
-20576
-16331
-12528
-13031
-17627
-21200
-20204
-15023
-7654
-2635
-1228
-1466
406
4481
9485
14729
17643
18385
18274
19348
20730
21226
21223
20653
19608
18955
17520
14889
11424
8782
6968
6379
5078
2032
-2076
-5169
-5973
-6305
-6972
-8486
-9919
-11434
-11948
-10749
-9462
-8286
-7984
-7193
-6410
-5258
-4036
-1333
-8
956
746
-81
-310
823
199
-671
-2103
-3394
-4236
-5512
-7593
-9365
-11823
-13575
-14721
-16129
-18759
-21722
-25838
-25898
-21261
-11976
-6257
-10459
-20239
-22464
-13300
-688
11139
16560
13503
1962
-2327
7418
23451
30056
26732
20615
18913
19149
21591
22675
22377
19936
18033
14928
10760
4883
287
-1390
383
241
-4774
-13347
-19419
-21049
-17168
-12882
-13118
-17902
-22452
-22193
-17202
-10083
-5097
-3810
-3806
-2388
2348
8329
13904
17132
17687
17829
19045
21651
23334
23058
21950
21191
20403
18123
15478
12925
10596
8808
7456
4949
1164
-2149
-4752
-6083
-6969
-8327
-10758
-12897
-12706
-11799
-11382
-10512
-9779
-9605
-9012
-6337
-3449
-1662
-1036
-196
1084
1429
1923
2278
2164
1361
304
-953
-1692
-2263
-3668
-6039
-8291
-9723
-11269
-13415
-15371
-18128
-20036
-21712
-22506
-24991
-23961
-20216
-10288
-7085
-10730
-18403
-14887
-5879
5689
14101
18468
14439
4840
3397
15296
28114
30154
25053
21204
19788
19328
20600
21357
20040
17533
15283
11217
6318
622
-2068
-1863
-433
-2347
-8669
-16204
-19646
-18798
-14269
-11521
-12645
-17582
-19924
-16866
-9106
-1957
973
872
1475
5322
10922
15943
19601
21389
21321
21207
22812
25138
25408
24024
21814
19896
18728
17075
14776
11819
9796
7392
5232
2464
-308
-2934
-4576
-6373
-8797
-9791
-10154
-10375
-10954
-11670
-11151
-10524
-9430
-7775
-6540
-5892
-5507
-4249
-2701
-996
-270
-480
-1543
-3351
-4216
-4331
-4840
-6535
-8982
-10813
-12957
-14934
-17125
-18828
-20875
-22900
-25944
-29332
-30064
-24579
-12530
-9239
-16776
-26280
-22243
-13198
-823
9808
16946
9546
-3452
-3823
13131
27430
29043
23728
20998
19408
20220
22486
23957
22571
20085
16882
13536
10007
5214
1100
-289
146
-2553
-8749
-15955
-19491
-19720
-16855
-15689
-17765
-22606
-24269
-21465
-14944
-8562
-5382
-5456
-5209
-1553
4630
11191
16241
18146
17651
17897
20190
23300
25330
26002
24125
21333
19084
18022
16334
14012
11756
9294
6516
2998
324
-2001
-3630
-4982
-5982
-7740
-10128
-11657
-12064
-11330
-9645
-8234
-7649
-7490
-7544
-6633
-4205
-958
1138
1519
560
550
854
1447
1967
439
-2383
-4897
-4915
-5397
-7499
-11231
-13687
-16199
-17485
-18544
-19437
-22911
-25898
-29581
-29927
-27060
-17460
-8539
-10943
-20602
-23132
-12848
-1880
10259
18768
20580
8338
148
8358
26110
32670
29887
25350
24330
22399
23157
23575
23715
21930
20544
16397
11624
5192
177
-1561
722
217
-5912
-15001
-19919
-21547
-18311
-14605
-14526
-19345
-23321
-22276
-17512
-10894
-5153
-2720
-2731
-917
3819
8900
13949
17944
19626
19845
20335
21790
22936
23468
23640
22377
20940
17936
15021
11593
9912
8643
7682
4317
659
-2748
-4433
-4890
-5945
-7882
-9269
-9646
-9357
-9253
-9426
-8699
-7834
-5721
-3169
-2072
-2142
-1670
-383
2616
4464
3924
2646
2552
2384
1312
-1048
-3514
-4827
-4951
-5268
-8681
-12931
-16846
-18230
-18541
-17592
-19364
-23147
-29487
-32286
-29696
-18470
-5186
-5107
-17561
-26585
-18589
-5535
9493
20983
24151
10792
-2199
2655
21353
32252
30797
25191
23078
20831
20201
20523
21778
21279
20573
17586
12122
4943
-2110
-3961
97
2217
-3527
-13794
-20623
-22529
-19162
-13408
-11737
-15815
-21608
-22012
-17297
-9712
-3722
-857
-595
714
4294
8667
12922
16860
19216
20462
20760
20601
20293
20578
21207
20653
19880
17272
13326
8586
6627
6434
6028
3638
610
-2529
-5194
-6063
-6494
-7764
-8702
-8982
-8210
-8265
-9311
-10092
-9332
-7307
-4416
-2638
-2609
-3183
-3248
-2332
-784
498
114
-1644
-3347
-5287
-7818
-9125
-9556
-10045
-12648
-16470
-21907
-24584
-25948
-25045
-27001
-29031
-29821
-25586
-18050
-16570
-21120
-25330
-19218
-10772
1277
8806
12026
5533
538
5114
19061
27762
27996
24249
23448
22996
24645
25199
25748
23381
22393
19700
17130
11656
5632
1422
1765
1955
-1509
-8477
-15193
-19319
-19285
-16124
-14109
-16274
-20640
-21675
-18066
-11994
-7478
-4935
-3634
-1349
2905
7362
11422
14537
16241
17642
19237
21219
21788
21288
20787
19941
19525
17901
15862
11708
9183
6984
5994
3575
1206
-1477
-4287
-5820
-6295
-7212
-8618
-8679
-9501
-9827
-8971
-6864
-5521
-4852
-5105
-3965
-2540
-175
1457
2696
1835
939
-223
-400
-405
-682
-2763
-5803
-8620
-10794
-12608
-14492
-16910
-20524
-23203
-25999
-26652
-30370
-30577
-29266
-21293
-15883
-16667
-24228
-26424
-19270
-7917
5033
12315
11840
2797
-1353
7158
22390
30478
29072
25053
24036
23939
26017
26813
26639
23254
22161
19751
17148
11321
5664
1903
1991
2131
-1069
-7963
-13823
-17497
-16326
-13850
-12829
-16035
-19222
-18912
-15057
-9431
-5150
-3260
-3179
-1139
3393
8771
12939
14742
14568
15371
17801
20702
20896
20527
18891
17359
15802
15181
14141
10816
7725
4545
3380
1472
44
-2612
-3570
-4512
-5875
-7500
-7952
-7585
-7248
-7256
-6084
-4905
-3895
-2980
-1192
378
1719
2999
3795
3784
3749
3391
2642
1820
464
-2460
-5313
-7737
-9450
-11892
-15686
-20136
-23753
-26018
-27471
-30608
-31265
-29962
-24204
-19952
-20227
-26693
-27978
-22074
-11884
-415
6335
6757
-928
-4327
2995
17064
25457
27096
25252
24093
22818
23498
25181
27242
27496
26432
22474
18311
12234
8198
6765
7994
7191
2494
-5277
-11291
-14788
-13287
-10788
-9413
-12682
-16329
-17757
-14714
-9320
-3635
-256
248
990
3144
7067
11276
14976
16737
17506
17545
17909
17839
18437
18481
18184
17052
15287
12740
9445
7004
5114
4730
2176
-730
-3570
-5829
-7320
-7826
-8061
-8777
-8625
-8729
-7928
-7302
-5928
-3687
-1646
225
2443
3657
4706
5987
6779
7017
6887
5835
4365
3204
1087
-1528
-4467
-6515
-9547
-12731
-17315
-21528
-23406
-25589
-27896
-31868
-30961
-29063
-23286
-20764
-22488
-28871
-29553
-22842
-12229
-1418
4234
2785
-5107
-7044
1938
14598
21726
22603
21726
19997
19059
20143
22450
23810
23665
22830
19132
14887
9261
5657
4509
5411
3959
-884
-7328
-12076
-14054
-12969
-10885
-10621
-13678
-15958
-15068
-11013
-6546
-3190
-1362
-36
1609
5059
8803
12454
14467
15714
16123
17290
18653
18736
18315
16954
15931
14419
12354
10063
7794
6067
3835
2037
-1034
-3122
-4297
-4931
-5710
-7007
-8307
-9655
-9540
-8728
-6640
-5304
-4133
-3253
-2324
-541
2018
4152
6014
6975
7676
7454
6886
5727
5377
4485
2505
-154
-3066
-5735
-8414
-11318
-15670
-19286
-22683
-25221
-28803
-29191
-27952
-23872
-20949
-21872
-26310
-27920
-22948
-14862
-5139
1315
3272
-1167
-4512
604
11792
19895
22245
22563
22697
21843
21887
22604
24831
25175
25182
21569
17674
12558
9276
7545
8182
7115
2491
-3906
-8257
-10616
-10407
-9464
-8763
-10620
-12642
-12936
-10007
-6410
-3096
-517
1395
3149
5242
7894
10301
12981
14572
15447
15325
16090
16063
16077
15052
14192
12861
10933
8310
5229
2737
304
-1876
-4108
-5637
-7910
-9824
-11277
-12213
-12539
-12338
-12163
-11294
-10492
-9483
-7327
-4682
-2709
347
2323
3754
5405
7464
8567
9618
9946
9689
8599
7259
5636
3848
2109
-375
-3421
-7354
-11820
-16010
-19269
-21965
-24351
-28777
-28731
-27753
-23822
-22202
-22888
-27676
-28046
-22304
-12428
-2991
1278
1295
-3140
-4387
2406
13093
20391
21350
21649
21045
20638
20644
22419
23735
23824
23080
19767
15770
10614
6921
5347
5629
4653
271
-5511
-10225
-12915
-12546
-10583
-9417
-11351
-13375
-12978
-9789
-5297
-730
2426
3934
5352
7923
11270
14992
17365
18727
19140
19243
19532
19484
19241
17739
16186
14077
12145
9345
6619
4416
1655
-690
-3205
-5129
-7322
-9087
-10446
-10782
-11465
-11883
-11125
-9780
-9012
-8314
-6488
-3093
-475
1927
3711
5472
6640
8493
10245
11380
11173
10215
9095
8241
6301
3351
543
-1126
-3148
-6323
-10920
-16527
-20787
-23883
-24774
-28008
-30757
-31277
-30020
-25874
-24349
-26305
-31450
-28760
-21127
-9528
-2104
924
-2336
-7323
-4666
6231
17025
20624
19265
18550
17218
17916
19164
20839
20690
20620
18362
14407
9774
5151
2589
2028
2871
665
-5249
-11087
-14641
-14162
-11728
-9437
-10385
-12912
-13524
-10690
-5766
-925
2809
4299
5624
8417
12715
16076
18697
19987
20651
21045
21797
21632
20735
18939
16937
16037
13781
11230
7513
4194
1191
-11
-1946
-5256
-8580
-10718
-11064
-11467
-11477
-12492
-12914
-12770
-11544
-8943
-5630
-3760
-3338
-1567
1390
4305
6740
8639
9822
10899
11136
10692
10200
9680
8094
5735
2996
366
-3113
-6450
-9518
-12912
-16531
-19710
-22469
-25581
-28619
-31904
-30664
-27928
-22614
-19342
-20535
-27198
-27618
-18874
-6516
2141
4615
3729
-587
-1612
6239
18845
24869
22719
20263
20381
21019
21117
21175
20767
19890
18775
15223
10862
5652
1749
315
1449
927
-4269
-10636
-14414
-14241
-11403
-9095
-9033
-11380
-12257
-10024
-4676
251
4032
4604
5504
8671
13233
16545
18748
19840
19494
19131
19204
19758
19060
17629
15342
13183
10679
7966
5057
2232
269
-1801
-4256
-7075
-9190
-11694
-12276
-12765
-12992
-13369
-12441
-10756
-10097
-8904
-7130
-3657
-296
2609
3080
4095
5069
6856
9618
11473
10897
9516
7926
6898
6198
4867
1545
-2412
-5637
-7237
-9827
-13903
-18999
-22640
-26238
-27955
-25973
-24373
-23884
-22130
-22272
-26101
-26813
-19378
-9341
-2920
-601
452
-1711
-3743
1589
13331
21210
20691
17890
16781
16490
17412
19360
21012
20085
16651
11302
7223
4994
3343
1899
1006
-1168
-6525
-11807
-14204
-13901
-12285
-11280
-11657
-13653
-14315
-12342
-7891
-2779
1112
3001
3825
5825
9234
13213
16660
19192
19969
19501
19422
19199
18988
18894
18157
16300
13385
10111
7275
5848
3667
1508
-1125
-4326
-7463
-8705
-9259
-9466
-10335
-11725
-11918
-10732
-9989
-9000
-7492
-5268
-2768
139
1970
3102
3150
4318
7126
9190
9728
8887
7347
5604
4542
3109
2090
145
-3194
-6827
-10792
-14316
-17321
-19472
-21734
-24935
-27506
-26944
-25185
-20380
-17377
-19578
-25194
-23359
-15026
-5430
802
4207
3067
-2269
-2415
6475
16855
20328
19022
18438
17449
17232
16452
17418
17405
17196
14737
10933
6639
2177
-510
-738
427
-1833
-7050
-12423
-15202
-14715
-12290
-10053
-10220
-11853
-12207
-9332
-4677
634
3790
5125
6535
9572
12653
16162
19256
20914
20893
20376
20554
20986
21072
20080
18797
16869
13489
10190
7343
5826
4410
2667
-461
-3592
-6051
-7888
-8364
-8481
-8749
-9861
-10680
-10689
-9653
-8217
-6435
-4357
-2882
-1673
-886
275
1990
3815
5168
5466
4217
2808
1734
1719
1162
-1121
-4845
-7769
-10639
-12890
-15810
-19636
-24428
-26583
-25069
-22718
-19712
-19262
-22267
-27183
-25151
-16404
-6738
-2464
-1359
-1423
-3241
-3072
3938
13432
17440
16745
16890
18295
19061
18927
19517
20394
21313
20033
16386
11530
7059
4513
4212
5115
2981
-2713
-8775
-11438
-11213
-10179
-9406
-10396
-12869
-13684
-11151
-7075
-3761
-912
1227
3505
6130
9056
11281
13555
15946
18146
19433
19962
19243
18171
18024
18140
17410
15434
12851
9710
7269
5111
3395
1449
-1048
-3413
-5377
-7022
-8328
-9230
-9913
-9874
-9777
-10073
-10234
-9367
-8023
-6261
-4432
-2601
-1156
-313
660
1697
2445
2107
2574
2726
2526
958
-1773
-4636
-6121
-7484
-9299
-12220
-16795
-20919
-24188
-23507
-21926
-18737
-16936
-18401
-23940
-26097
-21112
-12809
-5593
-1830
-750
-4283
-7654
-4219
5810
14107
15482
14427
13038
13065
13446
15821
18574
19658
17864
13818
10636
7369
5258
3872
3732
2503
-1501
-6918
-10871
-11653
-11242
-10131
-10228
-11435
-13274
-13320
-10676
-6613
-2688
-443
1245
3348
6059
8680
12151
14854
16373
16622
17236
18282
18602
18662
17725
16882
15099
13416
11483
10078
7819
5357
2676
586
-1425
-3378
-4448
-5569
-6912
-8292
-8521
-8127
-7810
-7729
-7351
-6189
-4855
-2869
-1185
-113
669
1697
2841
4145
4953
4202
3075
2353
2010
1257
-474
-3393
-5459
-7527
-9584
-12833
-16486
-20148
-22337
-21377
-20466
-19867
-18247
-17099
-20064
-22654
-19071
-12008
-6608
-3478
-392
-767
-3762
-3275
4044
11533
14290
13754
13093
13190
13301
13775
15082
16697
16673
13197
9289
6256
4074
2385
2080
1520
-1702
-6604
-10443
-11502
-10902
-9621
-9134
-9870
-10776
-10924
-8977
-5729
-1499
1854
4131
5405
7160
9605
12605
15570
17459
18129
18239
17755
17623
17733
17423
16105
14884
13145
10831
7894
5447
3664
2555
938
-1020
-2957
-4473
-5945
-6179
-5862
-6050
-6662
-6784
-6264
-5228
-3807
-2616
-1091
542
2333
3475
4447
5354
6027
6407
6149
5678
4507
3285
1920
365
-1785
-4229
-7274
-9643
-12783
-15903
-20083
-21807
-21397
-19342
-15783
-14967
-18820
-24537
-22368
-16091
-8140
-3480
-756
-3178
-7358
-7254
445
9120
12334
11935
12055
12346
12559
12274
13685
15060
16803
15429
12760
8544
4274
1562
2179
3799
1805
-3935
-9722
-13001
-12895
-10989
-8878
-9968
-12067
-13624
-11678
-8203
-3625
-582
1035
2981
5361
8167
10460
13196
14765
16112
17047
17957
17436
15998
14905
14877
15179
14075
11874
7945
4787
3550
3054
1431
-893
-3930
-6472
-7549
-7734
-7309
-7686
-8468
-9016
-8239
-7447
-6010
-4662
-2825
-473
1399
2321
2748
3841
5102
6816
7631
7260
5758
4281
3142
1825
393
-1517
-3799
-6157
-9261
-12563
-16225
-19009
-22012
-23195
-22339
-21304
-18401
-16223
-18201
-23326
-22522
-16024
-8439
-3357
126
-110
-4741
-6765
-215
9735
14023
13026
12108
11797
11711
12148
13790
15147
15586
13266
10076
7755
5174
2415
1305
2059
451
-3619
-7766
-10143
-11005
-10669
-8875
-8570
-9468
-10527
-8797
-5131
-707
2625
4632
6453
8340
10965
13983
16844
18016
17990
17849
18514
18783
18444
17305
15634
14083
12972
11676
9002
6064
2977
1106
-6
-1201
-3442
-6017
-7800
-8601
-8450
-8518
-8973
-9822
-9277
-7745
-5302
-3314
-2553
-1694
-89
2332
3920
5431
6063
6716
6474
5845
4923
4270
3423
1763
-829
-4095
-7095
-9984
-12427
-14815
-17482
-21104
-23826
-23048
-22052
-19931
-17061
-16070
-20229
-22622
-18835
-10730
-4879
-1722
323
-838
-3772
-3133
4510
11897
14802
14029
13616
13357
13224
13522
14882
16603
15746
12457
9131
6898
4082
1950
1916
1498
-1595
-6151
-9054
-10353
-10189
-9280
-8683
-9041
-9398
-8708
-6188
-2385
1942
4039
5505
7362
9592
11685
14525
17187
18512
18672
18354
18153
17550
16967
16607
15849
13795
11698
9169
7005
4868
3082
1070
-575
-2381
-3848
-5827
-7701
-8941
-9422
-9330
-8734
-8140
-7739
-7343
-6308
-4347
-1316
1545
3438
4378
5193
6403
7437
8228
8422
8086
7633
6393
4589
2086
-527
-2719
-4687
-7236
-10263
-14812
-18676
-22064
-22036
-20035
-17759
-16257
-16602
-19829
-23143
-20745
-13982
-6514
-2129
-280
-2378
-5503
-5340
685
8179
11959
12825
12421
11916
11623
12057
13454
14693
15300
13025
9554
5909
3181
1191
821
694
-1331
-5387
-9571
-11422
-11673
-10743
-10223
-10650
-11458
-11366
-8815
-5590
-1897
962
3543
5594
7669
9766
12481
15288
16984
17976
18077
18298
17395
17160
16465
16450
14743
12612
9584
7108
4761
2779
1383
-30
-1747
-4622
-6933
-8284
-8957
-9523
-10064
-10499
-10147
-9117
-8161
-6519
-4815
-3248
-1196
1456
3738
5245
6599
7328
7996
8520
8146
6956
5970
4825
3188
1063
-1671
-4545
-7444
-10263
-12916
-15553
-19143
-22962
-24390
-22261
-20087
-18305
-17200
-17768
-21313
-21660
-16318
-7668
-1675
1440
1038
-1487
-3263
185
7432
13207
15307
14955
13485
12629
12653
13386
14262
15191
13763
10267
6722
3593
921
-405
-474
-1934
-5287
-8849
-11456
-12550
-12094
-11131
-11173
-11271
-10843
-8921
-6348
-2819
177
2279
4416
6860
9480
11856
14309
15548
16406
16824
17232
17126
16723
16131
15109
13684
11338
9710
7378
5040
2414
1095
-1026
-2795
-4669
-5935
-7039
-8837
-10063
-10109
-9534
-9388
-8374
-7303
-5663
-4060
-1828
208
3023
5025
6748
8214
9800
10006
9940
9775
9866
9126
7264
5038
2676
315
-1969
-4317
-7401
-11130
-14959
-18506
-21806
-22748
-21418
-20997
-19727
-17793
-18248
-22005
-22390
-17035
-9388
-3661
129
1741
-546
-2689
435
8680
15094
17049
16494
16126
16000
16045
16557
17694
18838
17384
13754
10477
7306
4222
2224
1855
378
-3057
-7296
-10657
-12123
-11858
-11148
-10982
-10929
-11024
-10067
-7590
-3907
-754
1477
4056
6617
9324
11771
14410
16139
17224
17292
17211
17016
16773
16367
15243
13260
10505
7792
4865
3248
1162
-1173
-3700
-5927
-8332
-9659
-11009
-11495
-11834
-12341
-12689
-11743
-10862
-9830
-7632
-5163
-2593
-788
796
2805
5199
7570
9476
10401
10464
9829
8745
8069
7475
5955
4180
1768
-773
-3688
-6504
-9906
-13038
-16011
-18654
-21519
-23942
-24767
-24790
-24815
-21800
-17639
-17121
-20688
-20184
-14138
-6819
-1344
3675
5835
3474
679
4158
12170
17495
18486
17752
17510
16921
15876
14812
15188
15527
13937
10427
7096
3367
-657
-2524
-2097
-2517
-6033
-10095
-12947
-13917
-13210
-11274
-10231
-9924
-9527
-7893
-4945
-994
2761
5214
8014
11275
14053
15457
16984
18188
19055
19967
20528
20096
18115
16337
14864
13075
10672
8604
5915
3326
851
-1525
-3589
-5530
-7092
-8282
-9072
-9743
-10202
-10868
-10514
-8918
-7130
-6402
-5344
-3825
-1339
840
3531
5367
6764
7617
8269
8483
8523
8037
7050
6140
4654
2484
-687
-3528
-6037
-8504
-11413
-14412
-17878
-21028
-23670
-26175
-27745
-27072
-26227
-23015
-18574
-17409
-21027
-21087
-15449
-7623
-934
4307
5824
3042
824
4340
12190
17814
19297
18588
17439
16220
14791
14012
14026
14042
12094
8596
4324
-410
-4336
-5756
-5502
-6597
-10044
-14714
-17831
-18912
-17770
-15974
-14695
-14412
-14466
-12871
-9568
-4793
-681
2516
5173
8189
11212
13450
15463
17243
18811
19795
20024
19480
18604
17154
15348
13610
12287
10077
7566
5171
2477
146
-1237
-2603
-3484
-4425
-5066
-5464
-5623
-6157
-5315
-3801
-2569
-1663
512
2338
4436
5833
7664
9404
10960
11574
11712
11907
11797
11363
10117
8653
6476
4006
953
-1858
-4398
-6776
-9790
-13395
-16403
-19336
-22197
-24800
-26439
-28344
-29301
-27647
-25445
-20970
-17222
-16899
-19624
-17337
-9837
-1164
5058
9226
9571
6626
5717
10884
18397
21727
21156
19070
17761
16957
15557
14378
13496
12561
10043
6339
2804
-1336
-4681
-5460
-4744
-5826
-9389
-13393
-15551
-14991
-12693
-10560
-9973
-9646
-9127
-6732
-3011
1551
4988
6803
8725
11506
14042
15709
17248
18053
18170
17538
16667
15438
14384
13048
10845
9279
7476
4301
663
-1046
-1918
-2323
-3103
-4510
-5978
-6965
-7186
-6602
-5284
-5259
-5157
-4142
-2254
-358
1754
3160
4844
6226
7760
8789
9645
9651
9871
9759
9415
8134
6013
3375
1357
-748
-3628
-6332
-9375
-11820
-14640
-17377
-19954
-21886
-24249
-26078
-27322
-27620
-26297
-23813
-19500
-15099
-12909
-14680
-14369
-9166
-1384
5537
10696
13075
11222
8949
10712
16644
20564
21183
19885
18556
16375
14071
12174
11274
10373
8879
6014
2551
-1300
-4875
-6595
-6292
-6626
-8812
-12068
-14097
-14395
-13436
-11669
-10380
-9626
-8758
-6395
-3612
-601
2444
4676
6912
9488
12082
13526
14099
14156
14497
14401
13995
13105
11811
10258
7969
5898
3380
2037
748
-746
-2434
-3608
-5114
-6316
-6678
-6032
-4977
-4877
-4635
-4394
-3493
-2486
-576
1132
3312
4956
6168
6564
7577
8641
9897
10770
11075
10457
8846
7243
5649
3716
1676
-460
-3297
-6741
-10116
-12672
-14090
-15349
-17563
-20014
-22043
-24080
-26070
-26381
-26272
-24139
-21735
-19144
-15691
-12133
-11723
-12406
-8265
-767
6076
9899
12106
11783
9898
9067
12879
17759
19304
17510
15259
13537
11428
9108
7646
7588
7776
5410
1774
-1586
-4485
-5885
-5087
-4119
-4809
-7838
-10622
-11278
-10054
-8081
-6263
-5058
-4587
-4039
-2272
240
3205
5792
8018
9887
11255
11649
11726
12075
12744
13243
12738
11373
9412
7443
5951
5245
4924
3804
2468
-132
-1531
-1910
-1466
-1843
-1576
-1341
-1294
-1364
-763
-92
722
1580
2707
3948
4478
5218
6071
7093
7985
8841
8823
8536
7859
7269
6082
4880
3032
750
-1615
-4114
-6846
-9462
-11947
-13934
-15101
-16784
-19452
-21922
-22760
-22937
-23043
-23541
-24828
-23292
-19970
-15784
-10973
-7408
-7993
-10425
-7499
340
8540
12644
14029
12124
9913
8838
12489
16514
18137
16482
14646
12717
11129
9298
7954
7911
8548
7006
3944
619
-2207
-3376
-2394
-840
-1554
-4276
-7035
-7954
-6311
-3847
-2409
-2145
-2087
-1547
0
2058
4800
6426
7902
9169
10730
11433
11584
11715
11637
11766
11275
10553
9232
8052
6689
6003
4651
3546
2359
1313
277
128
-358
-747
-958
-779
-598
-277
-552
-468
191
732
1510
2168
2564
3418
4084
4369
4589
4814
4257
3950
4040
3614
2256
332
-1471
-3219
-4794
-6795
-9161
-11810
-14326
-15886
-16552
-17661
-20044
-22137
-23612
-24205
-24440
-24574
-21750
-19009
-16033
-14285
-11801
-11679
-11050
-8009
-1253
4961
8607
8504
7150
6321
7097
10041
13135
13899
12874
11073
9704
8694
8048
7081
5980
5250
3505
961
-1550
-3538
-4795
-4804
-4687
-5070
-6736
-8668
-9296
-8624
-6847
-5825
-5183
-5252
-4050
-1922
445
2555
4196
5245
6298
8095
9840
10928
10946
10729
10648
10857
10841
10225
9238
8478
8209
7607
6889
5704
5011
4423
3966
4048
4195
3885
3388
3288
3607
3765
3919
3817
4018
4557
4570
4617
5317
5954
6188
6171
5885
5210
4607
4208
3729
2641
1207
-802
-3037
-5089
-7032
-9343
-11660
-13252
-14822
-16586
-18268
-20092
-21482
-22811
-23129
-23901
-22595
-19688
-17385
-15994
-14588
-13098
-13288
-11602
-6828
-324
2844
3517
2761
3058
3188
4927
8072
10722
11047
9045
7680
7351
7175
6683
6671
6508
5033
2620
613
-503
-1366
-1634
-1490
-1716
-3083
-4752
-5388
-5321
-4256
-3570
-3023
-2639
-2184
-925
895
2842
4143
5310
6170
7247
8658
9825
10528
10142
10044
10028
10956
11417
10791
8941
7712
6913
6808
7156
6837
5823
4596
3453
2606
3007
2971
3046
2923
2813
2695
2626
2134
2321
2906
3854
4402
4700
4706
4639
5085
5096
4658
4086
3074
2324
1860
646
-1217
-3400
-5472
-7085
-8238
-9728
-11880
-14020
-15951
-17349
-17998
-18724
-19685
-21012
-19503
-16301
-14097
-12793
-11901
-11203
-10336
-7366
-2805
1564
3587
3625
3633
4862
6170
7819
9920
11560
12224
11581
10744
10057
9426
9293
9010
9058
7735
5339
2914
1617
1158
987
634
-622
-2386
-4008
-4304
-4195
-3534
-3544
-3554
-3307
-2633
-1569
-677
544
1692
3259
4424
5502
6176
6808
7085
7495
7758
7803
7615
7035
7428
6852
5999
4958
4437
3798
3780
3343
2826
1576
332
-77
609
830
770
814
964
1033
1250
1263
1455
1821
2121
2582
3288
3407
3356
3607
3653
3359
2491
1430
270
-725
-1898
-3220
-5005
-6818
-8289
-9821
-11345
-12970
-14325
-15737
-16440
-17319
-18250
-19352
-18465
-15885
-13838
-12450
-11607
-11150
-11395
-9239
-4515
456
2315
2475
2284
3035
3388
5277
8061
9837
9970
9199
8793
8387
8166
7738
7454
7394
6555
4345
2255
773
-20
-415
-465
-1152
-2936
-4364
-4801
-4679
-4334
-4280
-4370
-4025
-3160
-2072
-1161
257
1193
2293
4014
5645
6578
6664
6902
7187
7784
8419
9566
10219
9697
7934
7201
7198
6663
6602
6380
6072
4732
3633
2796
2931
2642
2588
2721
2872
2318
1428
353
-312
358
976
1513
1426
1076
486
805
1303
1660
1446
736
-482
-1153
-1770
-2570
-3601
-4762
-6167
-7268
-8594
-10108
-11465
-12555
-13954
-14918
-15872
-17108
-18316
-18308
-16194
-14166
-12551
-11580
-11124
-11360
-9966
-6503
-2254
749
1978
1329
576
935
3129
5836
7732
8491
8447
7965
7817
7883
8070
7893
7715
7138
5904
4506
3152
2139
1928
1915
1321
-55
-1656
-2482
-2580
-1819
-1257
-1193
-1472
-1621
-576
802
2591
3883
4544
4939
5806
6877
7681
8200
8297
8304
7995
8419
8878
8733
7692
6552
6080
5693
5053
4172
3640
2872
2151
1321
1410
1251
268
-787
-653
-159
106
47
-54
-621
-651
-174
1052
1877
2266
2548
2812
3241
3361
3158
2645
2357
1658
864
-198
-1435
-3170
-4648
-5775
-6946
-8019
-9339
-10743
-11905
-12836
-14001
-15233
-15899
-15968
-14597
-13502
-11861
-10845
-10231
-10823
-9899
-6826
-2894
-267
1092
1493
835
859
2180
5404
7138
7477
6804
6757
6589
6817
6614
6423
5849
5358
4240
3137
1835
633
-56
-205
-519
-1714
-3248
-4220
-4933
-4688
-4158
-4005
-4196
-4367
-3704
-2124
-568
785
2020
3336
4280
5742
7111
8145
8528
8631
8740
9478
10394
10229
9232
8600
8324
7706
7859
7388
6751
5376
4072
3602
3662
2946
1943
1527
836
605
488
-75
-472
-589
-1031
-887
-795
-611
-502
-50
203
447
423
199
-214
-791
-1416
-2104
-2830
-3773
-4785
-5985
-7316
-8737
-9835
-10833
-11957
-13083
-14024
-14747
-15931
-16611
-16568
-15699
-14361
-12909
-11287
-10705
-10910
-10298
-7844
-5236
-2438
243
2209
2168
2197
2851
5081
6778
8190
9910
10645
9655
8318
7944
8333
8425
8345
7864
6718
5272
3741
3183
2720
2324
1309
303
-870
-1947
-2587
-2666
-2325
-2104
-1557
-1307
-1224
-661
690
2014
3556
4688
5568
6127
6419
7038
7387
8528
9203
9537
8775
8292
7583
7704
7487
7494
6732
5279
3316
2332
2398
2292
1920
777
-157
-744
-1040
-1295
-1246
-1435
-1585
-1845
-1887
-2342
-2222
-1951
-1139
-526
-362
-882
-1259
-1483
-855
-666
-1011
-2164
-3382
-4098
-4740
-5386
-6191
-7311
-8747
-9844
-10742
-11692
-12748
-13815
-14720
-15099
-15710
-15623
-14293
-12809
-11696
-11592
-11036
-10206
-7997
-5269
-1712
372
1011
1037
2055
3446
5295
7138
8630
9110
9146
8777
8411
8452
8687
8970
9022
8272
6812
5438
4525
3960
3724
3341
2289
880
-353
-1022
-1286
-1043
-1220
-1184
-1105
-952
-447
335
1867
2857
3896
4848
5895
6721
7205
8369
9355
9650
9026
8699
8300
8617
8348
8191
7492
6121
4427
3570
3385
2714
1913
621
-82
-653
-1055
-1901
-2322
-2772
-2694
-2760
-2653
-2880
-2975
-3021
-2675
-2025
-1598
-1656
-1528
-1201
-636
-274
-456
-1222
-2056
-2421
-2701
-2933
-4102
-5395
-6586
-7550
-8708
-9087
-9742
-10872
-12486
-13089
-13445
-13981
-14987
-14967
-13188
-12022
-11759
-11233
-9709
-9526
-8267
-5338
-1555
-488
-110
463
2413
3430
4858
6339
7289
7235
7355
7606
7543
7530
7390
7530
7685
7181
5697
4434
3598
3064
2531
2082
1238
-17
-1146
-1641
-1918
-1824
-1391
-1423
-1277
-961
-311
-10
1153
2526
3924
4816
6010
7510
7731
7410
7595
8948
9163
9646
9758
9608
8092
6878
6287
6704
6242
5220
4090
2468
1284
307
37
-331
-684
-1577
-2252
-2776
-3056
-3587
-3097
-2763
-2708
-2830
-2829
-2708
-2659
-2408
-1774
-1348
-1422
-1601
-2157
-2701
-2952
-3054
-3816
-4840
-6040
-7166
-8278
-9016
-9866
-10821
-12040
-13004
-13292
-13740
-14081
-14485
-14164
-13008
-11186
-10727
-10815
-9638
-7554
-5966
-4744
-1986
-478
-410
528
3521
5422
5489
5472
6664
7977
8625
8783
9098
8819
8291
8242
7977
7291
6180
4778
4016
3821
2928
1646
733
151
-691
-1002
-850
-1486
-2200
-2299
-1599
-842
-61
373
1054
2023
3144
3970
4930
5778
6598
7594
8699
9748
10251
9931
9561
10030
10336
10355
9997
9573
8910
8028
6838
5792
4652
4041
3694
3368
2834
2167
1093
521
279
78
-93
-168
-234
-400
-125
-129
-208
-219
99
164
243
-119
-633
-1323
-1795
-2196
-2899
-3899
-4786
-5826
-7017
-7921
-9211
-10396
-11105
-11523
-12162
-12681
-13335
-13876
-13799
-12859
-11261
-10307
-10690
-11166
-9683
-7669
-6074
-4388
-2800
-2100
-1835
-318
2308
3923
4231
4455
5452
6140
6773
6991
6920
6935
7223
7337
7053
6038
4905
3956
3771
4020
3334
2093
1225
856
563
733
618
288
63
417
1626
2612
2479
2499
3368
4521
5883
6820
7052
6585
6255
6552
7988
8727
8459
7895
7935
7653
7306
6748
6011
5497
4767
4116
3409
2606
1228
760
401
370
-370
-1071
-1924
-2345
-2217
-2082
-2166
-2427
-2338
-2044
-1616
-1340
-1124
-1163
-972
-797
-742
-975
-1237
-1963
-2812
-3384
-4104
-4948
-5965
-6911
-7936
-8808
-9812
-10605
-11083
-11326
-11841
-12452
-12494
-12488
-11716
-10708
-10117
-9869
-9002
-7784
-6450
-5132
-3266
-2241
-1606
-906
811
2457
3437
4033
4971
5755
5882
6198
6591
7104
6933
6770
6227
5572
4699
4266
3872
3575
3308
2705
2279
1605
1105
833
1012
1311
1832
2142
2139
2193
2585
3369
4358
5452
6140
6328
5622
5843
6793
7527
7877
8248
8476
8185
7765
7126
6680
6449
6183
5973
5258
3940
2499
1359
953
478
-141
-981
-1766
-2802
-3078
-3525
-3724
-3986
-3945
-3872
-3800
-3565
-3610
-3501
-3044
-2665
-2459
-2571
-2830
-2998
-3212
-3217
-3381
-4035
-4875
-5444
-6320
-7002
-7478
-8220
-9015
-9173
-9453
-9710
-9647
-9778
-9856
-9806
-9449
-8651
-7501
-6540
-6014
-5700
-4907
-3716
-2526
-1101
149
1252
2048
3281
4459
5370
5894
6371
7040
8054
8280
7723
7301
6962
6455
6627
6573
5799
4825
3954
3576
3314
3350
3305
2648
2179
2142
2268
2689
2624
2517
2331
2686
3035
3907
4594
5103
5286
5476
5889
6365
6778
7471
7894
8178
8102
7712
7193
6604
6327
5889
5533
4899
4100
2807
1700
1082
511
-330
-1181
-1946
-2618
-3143
-3347
-3717
-3999
-3993
-3970
-3798
-3647
-3572
-3375
-3024
-2201
-1723
-1784
-2199
-2439
-2598
-2307
-2209
-2330
-2850
-3755
-4461
-4940
-5234
-5476
-5574
-5829
-6473
-7079
-7370
-7938
-7989
-7752
-7535
-7342
-7194
-6573
-5386
-4478
-3958
-3297
-2828
-1921
-363
1760
2880
3307
3674
4519
5504
6140
7108
7863
8405
8597
8552
8134
7798
7732
7805
7921
7675
6640
5340
4495
4156
3772
3601
3341
2915
2296
2135
2249
2713
2954
3123
2727
2228
2366
3062
3747
4311
4509
4028
3606
3328
3647
4536
4685
4547
4289
3807
3036
2582
2549
2660
2759
2505
2026
1045
-197
-1125
-1065
-836
-652
-1281
-2063
-2567
-2861
-2744
-2424
-2319
-2358
-2081
-2076
-2020
-1755
-1948
-2170
-2085
-2091
-2019
-2186
-2535
-2883
-3634
-4314
-4802
-5280
-5851
-6437
-7191
-7610
-7997
-8940
-9764
-9875
-10334
-10699
-10725
-10604
-10313
-10318
-10404
-10336
-10182
-9492
-8638
-7511
-6617
-6186
-5487
-4528
-3127
-1919
-817
-17
531
1192
1876
2580
2959
3028
3075
3424
3981
4086
3614
3052
2885
3219
3254
3058
3077
2587
2225
2559
2838
2740
2609
2826
3107
3684
3973
3846
3802
3822
4024
4568
4691
4756
4966
4991
5321
5575
5874
5868
6084
6091
6208
6223
6019
5462
4957
4319
3801
3006
2360
1708
996
800
428
502
218
-168
-365
-116
171
534
739
636
712
678
604
691
679
653
566
423
-69
-574
-1095
-1642
-2066
-2449
-3032
-3680
-4414
-5116
-5808
-6369
-6891
-7206
-7587
-8017
-8595
-9002
-9416
-9686
-9500
-8985
-8484
-8098
-7909
-7351
-7014
-6313
-5773
-5253
-4578
-3754
-2908
-2232
-1571
-1062
-451
272
980
1235
1294
1606
2020
2447
2684
2678
2467
2343
2557
3041
3542
3655
3618
3789
4234
4296
4516
4567
4814
4951
5208
5227
4980
4668
4833
4942
5191
5029
4863
4596
4065
4224
4052
4186
3919
3583
3347
3196
2778
2559
2181
1644
1109
618
129
-562
-1222
-1795
-1979
-2040
-2192
-2356
-2710
-2708
-2543
-2547
-2507
-2380
-2292
-2402
-2057
-1795
-1775
-1591
-1259
-921
-910
-1151
-1550
-1767
-1617
-1343
-1365
-1547
-2163
-2915
-3393
-3376
-3435
-3788
-4153
-4562
-4575
-4526
-4418
-4489
-4551
-4438
-3811
-3355
-3207
-2984
-2784
-2250
-1793
-1041
-971
-1268
-1114
-463
183
641
1035
881
939
1128
1627
1843
1925
1962
1789
2280
2493
2247
2037
1925
2130
2277
2596
2692
2399
2168
2317
2387
2914
3005
3085
3264
3360
3548
3421
3514
3766
4048
4335
4526
4210
4203
4150
4476
4222
4185
4020
3654
3532
3179
2879
2348
1912
1441
1231
657
93
-512
-1056
-1458
-1794
-2224
-2757
-3288
-3695
-4047
-4261
-4404
-4599
-4607
-4624
-4561
-4490
-4855
-4991
-4715
-4326
-3967
-3833
-3763
-3974
-3835
-3648
-3270
-3162
-3412
-3752
-3800
-3790
-3887
-3856
-4096
-3786
-3541
-3494
-3239
-3165
-3015
-2761
-2379
-2079
-2011
-2010
-1953
-1622
-1198
-1095
-860
-469
-17
553
746
911
792
969
1079
1368
1899
2109
1874
1673
1703
1795
1636
1401
1271
1147
1032
912
770
622
744
538
744
966
814
703
710
938
1205
1282
1424
1334
1103
1255
1314
1048
904
632
386
393
280
168
144
180
261
344
313
221
-27
271
401
505
574
600
416
201
334
465
381
207
69
-144
-66
-254
-371
-179
-220
-381
-264
-144
-206
-401
-375
-367
-572
-601
-673
-847
-947
-931
-1173
-1147
-1374
-1687
-1791
-2141
-2396
-2404
-2460
-2636
-2883
-3231
-3502
-3643
-3508
-3237
-2854
-2555
-2230
-1931
-1634
-1255
-956
-656
6
536
919
1393
1673
2209
2415
2812
3240
3577
3795
4024
4092
3968
4133
4098
4107
4264
4251
4021
3791
3768
3605
3288
3173
3102
2938
2593
2329
2106
2076
2241
2030
1991
1953
1803
1723
1652
1890
2114
2220
2236
2087
2050
1921
1829
1435
1159
885
707
574
123
-146
-240
-202
-203
-172
-516
-1062
-1447
-1575
-1563
-1658
-2022
-2503
-2593
-2719
-2558
-2537
-2444
-2397
-2371
-2364
-2245
-2393
-2538
-2487
-2444
-2420
-2437
-2691
-2874
-2739
-2696
-2607
-2809
-2768
-2895
-2759
-2464
-2337
-2466
-2660
-2738
-2726
-2525
-2597
-2527
-2680
-2817
-2906
-3153
-3346
-3392
-3556
-3445
-3224
-3278
-3126
-3016
-2763
-2527
-2227
-2159
-2018
-1842
-1384
-1200
-1135
-801
-955
-802
-545
-264
-177
42
369
710
883
1021
1292
1790
2242
2432
2700
2848
2889
3162
3604
4029
4301
4551
4622
4873
5144
5322
5612
5689
6017
6034
6019
5748
5661
5442
5334
5325
5356
5301
4921
4673
4440
4373
4120
3655
2976
2156
1544
1250
786
368
106
-394
-910
-1008
-1393
-1903
-1939
-2012
-1896
-1905
-2352
-2659
-2857
-3057
-2991
-2930
-3006
-3331
-3245
-3180
-3142
-2867
-2936
-2764
-2675
-2691
-2790
-2967
-3069
-3135
-2881
-2588
-2776
-3041
-3133
-3214
-3089
-2914
-2695
-2559
-2382
-2108
-1884
-1811
-1685
-1583
-1454
-1390
-1422
-1572
-1515
-1362
-1465
-1206
-1249
-1237
-1189
-1263
-987
-594
-249
-19
160
295
397
355
324
320
188
-74
199
483
784
1032
1126
1097
1420
1556
1793
2056
2348
2830
2828
3013
3100
3138
3268
3660
4103
4300
4425
4378
4564
4771
4724
4953
4717
4492
3891
3572
3273
2867
2456
1798
1485
957
504
-61
-426
-553
-461
-417
-458
-740
-901
-895
-871
-938
-1069
-975
-719
-320
-412
-251
-285
-395
-418
-302
-83
-313
-517
-708
-1104
-1347
-1697
-1971
-2129
-2204
-2301
-2768
-2863
-2867
-2808
-2752
-2617
-2403
-2539
-2331
-2112
-1990
-1483
-1267
-749
-466
38
604
739
955
1219
1452
1849
2002
2236
2657
2786
3258
3221
3167
2936
2897
2764
2678
2664
2566
2500
2033
1878
1695
1930
2103
2248
2286
2039
1941
1779
2030
2283
2694
3014
3316
3317
3321
3107
3106
2989
2831
2737
2159
1846
1431
1279
1015
384
-170
-786
-1283
-1588
-1927
-2270
-2451
-2445
-2465
-2759
-3172
-3580
-3704
-3770
-3557
-3392
-3352
-3280
-3553
-3702
-3828
-3737
-3324
-2814
-2323
-2223
-2436
-2658
-2648
-2366
-1958
-1568
-1303
-1252
-1457
-1808
-2207
-2644
-2669
-2477
-2371
-2427
-2605
-2796
-2937
-3009
-2695
-1937
-1520
-1230
-1318
-1170
-897
-489
-185
280
748
924
1293
1451
1767
1960
2361
2846
3133
3457
3449
3259
3203
3163
3011
2953
2678
2521
2509
2133
2032
1900
1904
2023
2128
2128
2116
2022
1909
1847
1949
2125
2003
1906
2111
2068
1907
2065
1927
2238
2317
2456
2419
2177
2350
2243
2071
2078
1642
1095
1116
990
630
339
-170
-271
-438
-586
-616
-879
-1311
-1742
-2050
-2417
-2796
-3265
-3073
-3112
-3119
-2971
-3026
-2939
-2564
-2180
-2088
-1707
-1433
-1308
-1435
-1505
-1420
-1110
-815
-600
-568
-798
-1056
-1192
-1229
-1068
-1111
-989
-730
-468
-391
-372
31
450
1028
1208
1403
1525
1624
1795
1849
2059
1923
1953
1987
1852
1880
1799
1727
1687
1485
1318
1052
763
505
164
-107
-353
-465
-841
-1087
-1262
-1180
-1035
-1025
-657
-473
-359
-165
-166
118
406
712
1092
1414
1891
2304
2885
3385
4156
4833
5426
5886
6091
6310
6296
6272
6167
6010
5636
5111
4591
4291
4039
4224
4279
4090
3607
3386
3340
3084
2961
2616
2228
1546
1180
977
611
402
220
-1
-178
-460
-687
-881
-948
-1186
-1170
-1107
-1392
-1523
-1557
-1420
-1633
-1706
-1672
-1847
-2062
-2301
-2536
-2775
-2842
-3014
-3413
-3455
-3693
-3782
-3922
-4009
-3990
-4090
-4057
-3907
-3780
-3761
-3699
-3629
-3416
-3220
-2705
-2489
-1958
-1857
-1816
-1570
-1057
-411
-291
33
151
284
324
395
556
840
934
838
993
1206
1177
1450
1781
2127
2363
2388
2545
2727
3203
3306
3491
3611
4058
4410
4508
4887
5083
4957
4877
4379
3892
3513
3066
2725
2323
2097
1953
1633
1144
1047
964
682
415
282
-165
-583
-705
-922
-1296
-1661
-1560
-1795
-1913
-2177
-2346
-2314
-2515
-2410
-2365
-2158
-1695
-1638
-1479
-1066
-1064
-1024
-1224
-1055
-1000
-1251
-1344
-1444
-1561
-1844
-2191
-2519
-2743
-2835
-2849
-2925
-3021
-3087
-3261
-3228
-3235
-3168
-3230
-3115
-3173
-3156
-2899
-2685
-2638
-2427
-2171
-1968
-1491
-1492
-1472
-1310
-1261
-801
-703
-634
-587
-828
-916
-1167
-1531
-1617
-1543
-1552
-1422
-1498
-1667
-1741
-1929
-2195
-2226
-2431
-2723
-2784
-2586
-2236
-1597
-1245
-984
-722
-330
-128
85
178
260
503
1078
1375
1103
1171
1176
1101
1069
1458
1693
1664
1875
1935
1883
1568
1387
1180
949
1059
1047
858
462
195
-61
-232
-62
-13
-3
193
33
82
174
47
-131
-263
-608
-830
-952
-1000
-951
-1039
-1028
-897
-702
-564
-603
-670
-480
-90
81
361
486
765
1004
1485
1972
2200
2469
3107
3336
3390
3105
2844
2692
2414
2269
2139
2066
1758
1438
847
558
458
607
605
622
762
358
113
-380
-700
-782
-983
-1077
-1195
-1668
-2211
-2443
-2675
-2823
-2923
-2830
-2851
-2774
-2772
-2587
-2368
-1825
-1300
-829
-236
136
452
907
1236
1351
1553
1835
2049
2187
2225
2140
1964
1832
2048
2142
2066
2164
2014
1695
1509
1401
1445
1019
632
486
338
-6
-84
-22
-282
-294
-331
-317
-398
-305
-16
48
325
363
159
-93
0
-54
-164
-197
-526
-469
-541
-968
-1242
-1722
-2065
-2192
-2648
-2926
-2517
-2372
-2512
-2442
-2514
-2661
-2621
-2596
-2445
-2471
-2486
-2454
-2592
-2313
-1980
-1550
-1190
-505
-48
599
1018
1422
1712
1965
2357
2345
2555
2719
2912
3092
3219
3231
3131
2903
2852
2865
2867
2970
3038
2721
2102
1929
1765
1562
1601
1468
1209
851
545
331
-15
-308
-716
-1028
-1172
-1176
-1476
-1770
-1792
-1815
-2103
-2465
-2849
-2858
-2591
-2316
-2108
-1892
-1822
-2007
-1934
-1914
-1847
-1761
-1531
-1464
-1546
-1638
-1506
-1327
-1296
-1272
-1124
-979
-708
-253
103
649
832
1148
1263
1257
1369
1486
1534
1203
1021
902
516
281
129
-267
-334
-541
-464
-460
-780
-726
-737
-757
-889
-979
-1355
-1846
-2032
-2412
-2872
-3090
-3273
-3209
-3008
-2966
-3027
-3029
-2982
-3187
-2912
-2708
-2646
-2614
-2785
-2937
-3289
-3379
-3080
-2956
-2660
-2177
-2180
-1955
-1836
-1838
-1858
-1406
-1114
-879
-681
-575
-734
-842
-754
-815
-858
-823
-727
-657
-539
-377
-195
-28
38
49
26
486
646
934
1186
1090
1224
1236
1437
1447
1562
1707
1822
1857
1717
1528
1764
1587
1533
1409
1184
1321
1325
1626
1732
2016
2153
1995
2149
2476
2590
2423
2207
1984
2081
1846
1775
1826
1743
1632
1390
1528
1330
1497
1576
1419
1043
886
754
626
331
61
-18
-268
-421
-665
-798
-885
-1137
-1064
-834
-1102
-1091
-1041
-1020
-1035
-1041
-1226
-1225
-1275
-1438
-1556
-1604
-1684
-1633
-1688
-1537
-1720
-1608
-1265
-1359
-1171
-1217
-1312
-1457
-1095
-1059
-1077
-843
-865
-735
-555
-580
-416
-452
-445
-559
-588
-617
-598
-507
-181
-68
-101
87
365
476
321
649
939
1309
1575
1732
2144
2552
3014
3301
3527
3671
3804
3855
3806
3837
3646
3503
3359
3176
2913
2955
2743
2303
1842
1740
1730
1374
1215
1083
975
507
-72
-450
-848
-1340
-1607
-1773
-1932
-1848
-1869
-1897
-2131
-2320
-2474
-2572
-2475
-2298
-1975
-1984
-2142
-2295
-2259
-2617
-2892
-2859
-2847
-2818
-2756
-2445
-2116
-1999
-1741
-1113
-628
-96
299
638
881
1004
1049
1039
984
1042
1154
1183
1497
1889
1994
1672
1305
1428
1309
1243
1382
1359
1135
982
782
360
166
97
-178
-345
-197
-246
-397
-273
-373
-739
-858
-862
-956
-843
-726
-681
-516
-186
-200
-141
210
220
284
203
765
972
900
966
808
425
242
299
426
203
107
216
367
554
573
657
821
922
585
653
581
246
17
-380
-753
-1029
-1499
-1593
-1758
-1859
-1983
-2314
-2382
-2557
-2423
-2252
-2041
-2005
-2176
-2334
-2413
-2571
-2629
-2467
-2551
-2596
-2273
-2222
-2432
-2374
-2389
-2445
-2536
-2292
-2177
-2139
-1891
-1635
-1064
-477
-208
-41
560
690
1014
1606
1543
1742
1854
1865
1845
1777
1805
1944
2016
2017
2374
2541
2791
3007
3253
3505
3892
4216
4455
4474
4286
4200
3789
3432
2959
2648
2225
1986
1648
1460
1057
551
367
17
-154
-578
-764
-875
-1179
-1581
-1968
-1978
-2079
-2153
-2019
-2046
-2180
-2187
-2105
-2110
-1922
-1899
-1962
-1893
-1705
-1758
-1658
-1625
-1558
-1601
-1870
-1498
-1519
-1585
-1673
-1719
-1517
-1642
-1756
-1364
-1046
-892
-533
-488
-168
-17
195
507
620
713
581
655
727
709
891
1070
1424
1517
1570
1628
1579
1676
2063
2633
2992
3260
3542
4070
4238
4490
4851
5105
5013
5145
5183
5069
4985
4930
4594
4534
4552
4324
3975
3638
3525
3027
2727
2445
2279
2219
2039
1875
1642
1462
1394
1016
490
125
-198
-351
-481
-729
-933
-1309
-1514
-1613
-1778
-2257
-2487
-2529
-2866
-2923
-2858
-2706
-2644
-2689
-2682
-2532
-2284
-2072
-1875
-1715
-1444
-1146
-821
-474
-114
490
769
988
1290
1373
1240
1325
1379
1751
1665
1802
1677
1527
1499
1363
1452
1298
1223
1256
1424
1258
1266
1248
1060
894
874
945
781
486
184
-330
-642
-1030
-1022
-1094
-1237
-1470
-1641
-1815
-1787
-1584
-1652
-1530
-1539
-1673
-1705
-1760
-1308
-1317
-1562
-1520
-1512
-1387
-1329
-1087
-1017
-784
-606
-875
-850
-638
-320
-281
-392
-173
65
278
547
850
981
1106
1176
1366
1298
1602
1646
1489
1749
1639
1459
1447
1837
2183
2368
2559
2803
2852
3050
3083
3078
3411
3467
3381
3499
3294
3265
3200
3074
2794
2576
2614
2761
3031
2858
2819
2800
2561
2259
2367
2230
2304
2088
1559
1342
921
490
68
61
-83
-202
-453
-523
-468
-790
-881
-1264
-1180
-1451
-1831
-1845
-2123
-2054
-2242
-2513
-3071
-3421
-3792
-4199
-4209
-4408
-4465
-4604
-4565
-4517
-4870
-4920
-4776
-4610
-4874
-5015
-5088
-4931
-4726
-4648
-4615
-4457
-4260
-4482
-4497
-4412
-4172
-4165
-3813
-3411
-3176
-2460
-1960
-1383
-926
-600
-83
480
1241
1890
2236
2610
2963
3090
3140
3614
4097
4282
4393
4451
4858
5011
5140
5208
5295
5243
5358
5412
5088
4721
4057
3524
2937
2589
2139
1691
1451
1030
724
661
563
465
371
310
282
321
468
434
231
87
399
535
420
417
654
741
987
1010
612
399
155
58
-225
-299
-197
-258
-531
-528
-736
-838
-727
-591
-257
-370
-479
-305
-584
-803
-974
-1144
-1112
-1275
-1617
-1791
-1754
-1484
-1572
-1604
-1504
-1737
-2190
-2368
-2516
-2730
-2540
-2668
-2455
-2480
-2201
-1688
-1180
-625
-169
399
919
1261
1604
2072
2385
2457
2251
2142
1906
1699
1762
1438
1093
986
852
796
687
802
639
614
627
740
920
1005
924
851
895
681
661
324
51
-221
-599
-911
-1325
-1773
-2507
-3176
-3310
-3517
-3765
