-1865
-1836
-1588
-800
-180
189
-182
-1246
-1824
-2287
-2460
-2632
-2735
-2564
-3092
-3777
-4284
-4474
-3948
-3755
-3761
-3829
-3180
-2893
-2638
-2565
-2624
-2675
-3072
-2718
-2670
-3082
-3538
-3733
-3804
-4231
-4368
-4598
-4738
-4882
-4520
-4542
-4687
-4819
-4826
-4822
-4225
-3767
-3615
-2829
-2090
-1162
6
566
961
1346
1775
2631
2735
2873
3085
2928
2701
3151
3121
2599
1936
1362
844
576
299
243
673
879
1060
781
286
118
760
1424
1302
623
517
730
902
599
-49
-548
-1168
-1527
-2012
-2273
-2398
-2712
-3124
-3631
-3769
-3419
-3093
-2994
-3229
-3335
-4560
-5857
-5452
-4161
-1884
-678
-1142
-2381
-4224
-5749
-5803
-5003
-2600
-1227
-556
-1644
-2766
-4280
-4947
-4340
-2647
-570
822
745
-813
-1926
-2365
-1982
-1280
-47
816
901
327
-852
-1239
-1239
-1625
-696
157
262
-833
-1691
-2569
-2473
-1400
56
515
602
524
309
364
-258
-44
782
1609
1851
1887
1200
756
994
1264
1287
1294
1215
1053
563
-56
-590
-987
-724
-460
-159
325
364
-223
-952
-1197
-785
-355
-46
47
86
411
370
388
439
598
526
1331
1487
1280
1506
1754
2192
2350
1958
1815
1841
2139
2676
2993
3649
3843
4110
4239
4307
4567
4886
4872
4749
4311
3524
2750
2323
1694
1275
724
296
89
-400
-263
-222
-124
-203
-628
-730
-450
253
556
522
423
-634
-878
-349
362
962
796
294
-380
-1204
-1860
-2812
-3647
-4136
-4342
-4848
-5421
-5922
-6174
-6678
-7002
-7228
-7221
-6719
-6152
-5458
-5385
-5237
-5202
-4554
-3729
-2769
-2114
-2082
-2165
-2149
-1781
-1319
-1308
-1607
-1725
-1996
-2194
-2073
-2072
-2598
-2729
-2388
-2904
-3318
-3420
-3087
-2786
-2690
-2838
-3361
-3136
-2504
-1259
-482
-121
-97
45
457
661
1028
958
1020
1134
763
552
48
-196
-2
221
264
518
794
882
1233
1144
1159
1056
902
1032
1037
791
983
1044
1072
1186
951
960
1458
1292
1504
1643
1577
1576
2060
2593
3195
3809
4031
4113
3849
3949
3528
3464
2967
2698
3064
3248
3256
2894
2916
3003
3541
3637
3477
3023
2604
2423
2043
1622
1125
835
819
698
546
414
-397
-983
-1428
-1964
-1939
-2005
-2542
-3159
-3391
-3268
-3198
-3511
-4472
-4594
-4912
-5569
-4966
-5272
-5040
-4093
-3843
-3486
-3056
-2989
-3155
-3165
-3703
-4350
-4144
-4113
-4330
-4345
-4165
-3877
-4093
-4216
-4156
-3748
-3827
-4101
-3862
-3449
-3040
-3261
-3420
-3562
-3911
-3704
-3062
-2266
-2161
-2367
-2440
-2688
-2920
-3097
-3291
-3395
-3649
-4518
-5079
-5264
-5948
-6316
-6402
-6140
-5878
-5695
-5718
-5652
-5401
-5321
-5078
-5007
-4925
-4204
-4259
-3868
-3312
-3072
-3321
-3233
-2673
-2182
-1879
-1818
-1188
-770
-32
684
1024
1144
1216
2114
3032
3736
4357
4780
4885
4772
5117
5258
5175
5023
5283
5407
5230
5069
5136
4899
4592
3654
2815
2299
1418
854
795
731
553
804
1330
2260
3157
3074
2884
2680
2234
2174
2017
2079
1863
1371
1290
957
1038
1269
1307
958
1102
1012
1397
2216
2121
1897
1278
728
305
322
355
555
563
672
1634
2440
2794
2966
3049
3048
2902
2922
2737
2230
1261
747
-84
-828
-1301
-1623
-2095
-2824
-3496
-3378
-2817
-3041
-2906
-2779
-2515
-2518
-2161
-1896
-1766
-1966
-2700
-2335
-2249
-2163
-2275
-2876
-3566
-4491
-5191
-5297
-4671
-4888
-5285
-5487
-5238
-5049
-4352
-3795
-3802
-3785
-3595
-3543
-3196
-2684
-2293
-1363
-360
631
1499
1805
1659
2081
2717
3154
3578
3602
3400
3526
3463
3398
2716
2777
2675
2264
2655
2570
2521
2137
2170
1865
1781
1848
1922
1631
999
769
392
224
195
-281
-663
-551
143
867
1049
1007
417
117
-252
-669
-378
-190
-87
129
99
98
341
425
182
486
719
948
1155
761
397
358
619
623
664
602
973
859
997
1410
1521
1287
854
1322
1220
674
471
52
220
-22
-385
-283
-628
-996
-1473
-1956
-2710
-2885
-3816
-4480
-4427
-5193
-5251
-5150
-4907
-4360
-4141
-3662
-3632
-3206
-2311
-1856
-938
-470
-572
206
869
1511
1868
2293
2441
2815
3337
3793
4633
5176
5666
6230
6023
5720
5723
5322
4975
5059
4843
4537
4254
3690
3261
2816
2793
2555
3022
3348
3489
2953
2412
2037
2351
2966
3122
2870
2289
1702
1683
1438
656
709
706
958
1388
1730
1374
1307
1510
2277
3087
3815
4736
4968
5259
5168
5244
5729
6513
6813
6771
6561
6688
7217
7619
7499
7007
6770
6780
6638
7031
7327
7210
7107
6961
7492
7566
7208
6935
6791
6643
6665
6375
6139
5507
4665
3674
2233
1379
555
-427
-1271
-1900
-2618
-3227
-3815
-4409
-5322
-5832
-6125
-6140
-6554
-7219
-7847
-8539
-9321
-10052
-9937
-9861
-9755
-9374
-9393
-9305
-8574
-7578
-6454
-5370
-4740
-4691
-4452
-4006
-3246
-2468
-1700
-1234
-764
-292
27
487
775
1268
1386
1683
1493
1296
1491
1379
1170
879
750
652
1064
1038
558
17
-124
-170
-233
262
393
778
1262
1583
1983
1949
1960
1416
1036
865
737
1204
1479
945
680
562
271
-139
-79
185
447
1204
1414
1760
2805
3090
4081
4650
4946
5248
5530
5947
6316
6460
6178
6193
6033
6184
6381
6526
6658
7035
7137
7509
7709
7695
7235
7349
7312
7091
6967
6674
6397
5520
5106
4358
3664
2801
2344
1883
1140
685
-69
-724
-1495
-1929
-2091
-2775
-3395
-3499
-3787
-3966
-4055
-4100
-4384
-4563
-4208
-3387
-3098
-3262
-3709
-4000
-3995
-3836
-3849
-4089
-4551
-5156
-5698
-5583
-5449
-5444
-4900
-4651
-4109
-3794
-3873
-3567
-3045
-2563
-1711
-1289
-563
-373
-271
-61
33
30
-584
-1106
-1714
-2013
-1969
-2798
-3420
-4126
-4692
-4131
-4055
-3985
-4175
-4479
-4273
-3587
-3057
-2530
-1675
-1303
-171
1043
1893
2746
3225
3628
4139
4296
4484
4772
4861
4433
4105
3889
3747
3853
3875
4095
4295
4327
4036
3614
3550
3392
3184
3639
3909
3580
3088
3059
3568
3669
3823
3427
3602
3578
3390
2919
1903
1244
465
-184
-1263
-2202
-2795
-3243
-3693
-3978
-4105
-3831
-3044
-2722
-2260
-1532
-1313
-1390
-1335
-1251
-1172
-982
-767
-589
-847
-877
-1238
-1923
-2598
-2759
-2520
-2542
-2962
-3203
-2922
-2564
-2147
-1966
-1742
-1133
-528
147
685
819
1107
1400
1784
1924
1893
1593
969
384
-254
-1118
-1609
-2075
-2696
-3165
-3746
-4467
-5125
-5627
-5597
-5645
-5674
-5591
-5460
-5163
-4746
-4172
-3657
-3445
-3317
-3457
-3280
-2644
-1742
-1397
-1101
-369
138
797
1087
1688
1927
2206
2751
3438
3890
4594
5130
5374
5804
6284
6742
7383
7620
8061
8616
9323
9797
9290
8888
8740
8397
8483
8113
7942
7460
7012
6504
6101
5540
4471
3958
3458
3050
2339
1528
594
622
622
-60
19
-411
-1023
-1200
-1579
-1456
-1418
-1674
-1960
-2181
-2644
-2924
-3388
-3732
-3566
-3075
-2750
-2497
-2126
-2610
-3044
-3454
-3453
-3983
-4432
-4691
-4844
-4641
-5113
-5484
-6002
-6353
-6124
-6177
-5736
-5242
-4850
-4558
-4340
-4085
-3848
-3744
-3765
-4356
-4702
-5237
-5666
-5861
-5676
-5339
-5109
-4709
-4331
-3584
-3770
-3623
-3470
-2929
-2522
-2353
-2322
-2163
-2425
-2667
-2321
-2635
-2534
-2749
-3068
-2850
-3055
-2909
-3155
-3889
-3940
-3412
-2874
-2557
-1969
-1472
-1093
-521
-76
1093
1789
2427
2583
2385
2154
2352
2926
3514
4242
4494
4978
5300
5529
6227
6518
6589
6597
6176
5663
4953
4495
3807
3239
3105
2906
2312
2195
1832
1234
1073
1212
1551
1775
2064
2134
2142
2268
2470
2942
3004
3045
3486
3769
3963
4440
4584
4255
3996
3472
3313
3173
2745
2783
3014
3338
3602
4031
4457
4615
4181
4178
4226
3968
3683
2803
2369
2008
1503
1447
770
361
157
-143
303
833
700
319
-408
-1160
-2081
-2459
-2778
-3541
-3889
-4165
-4506
-5222
-5605
-5644
-5885
-6016
-6315
-7206
-7656
-8137
-8499
-8681
-8769
-8759
-8611
-9086
-9410
-9514
-9515
-9472
-9621
-9492
-9505
-9637
-9038
-8441
-8601
-8246
-7795
-7144
-6455
-5491
-4593
-3830
-3215
-2767
-2109
-1861
-1646
-1581
-1606
-1827
-1617
-1265
-956
-783
-1379
-1440
-1338
-1284
-1073
-935
-390
-487
-617
-527
-383
3
236
673
896
729
1594
2317
2498
2840
2631
2066
1516
811
324
61
-148
-345
-215
-537
-1064
-1398
-1747
-2055
-2085
-1978
-2037
-1694
-1669
-1286
-850
-586
-314
-389
20
531
1339
2217
2720
3149
3436
4143
3943
3949
4116
3752
3837
4397
4662
4529
4674
4373
4548
4247
4080
3601
3423
2990
2288
1836
1049
445
552
956
1077
991
709
513
223
912
1153
1111
1123
461
-199
-877
-1323
-1783
-1850
-1474
-1577
-1816
-2274
-2260
-2251
-2396
-2368
-2581
-2801
-2606
-2210
-2262
-2037
-2330
-2764
-2921
-2704
-2299
-2160
-1978
-1609
-1647
-1399
-1954
-2262
-1717
-1547
-1136
-1014
-742
-499
53
516
1168
1386
1290
865
659
512
483
503
-3
-749
-1056
-1491
-1757
-1878
-1771
-1513
-1200
-1022
-616
-242
138
741
1133
878
440
483
427
587
708
749
505
496
870
1549
1969
2415
3080
3541
3953
3956
4394
4944
5557
6117
7131
7398
7209
6802
6080
6271
6379
6209
5514
4556
4489
4560
4600
4408
3766
3146
2402
2245
2305
2256
2548
2649
2450
2053
1740
1563
1185
963
1011
751
193
-278
-581
-1107
-1474
-1950
-1681
-1512
-1764
-2412
-3067
-3198
-3678
-3571
-3316
-3081
-2864
-2716
-2329
-2026
-1866
-1428
-598
63
839
1782
2333
2682
2708
2454
2603
2741
3117
3438
3202
3373
3194
3029
2861
2134
1559
708
647
400
-543
-412
-669
-1170
-1141
-1523
-1609
-1512
-1153
-724
-513
-773
-705
-403
-913
-1043
-1622
-2434
-2603
-2772
-3016
-3001
-2972
-2909
-2565
-2484
-2491
-2236
-2132
-2057
-2310
-2376
-1882
-1387
-826
-101
380
413
431
598
574
719
955
1044
1785
2246
2439
2702
2570
3312
3784
4116
4509
4668
4213
4085
4177
3751
3708
3256
3183
2622
1799
1275
722
270
-234
-831
-1309
-1158
-1470
-1818
-2163
-2727
-3503
-4146
-4251
-4158
-4132
-5026
-5092
-5840
-5746
-5489
-5727
-5706
-5592
-5233
-4672
-4006
-3703
-3850
-4301
-4651
-4895
-5041
-5124
-5277
-5294
-5760
-6333
-6347
-6855
-6706
-6481
-6428
-5615
-4797
-4424
-4480
-4628
-4319
-3902
-3201
-2364
-1976
-1433
-843
-875
-755
-465
-201
84
297
295
90
-344
-584
-618
-437
399
873
1111
970
1308
1710
2169
2440
2540
2803
2714
2511
1805
1252
419
-279
-780
-1653
-2253
-2213
-2325
-2184
-2059
-2496
-2580
-2477
-2369
-2346
-2417
-2468
-2877
-3341
-3870
-3988
-4160
-3831
-3954
-3923
-3659
-3779
-3187
-2637
-1905
-1094
-57
125
711
1479
2051
2669
2939
3456
3693
4350
4759
5250
5997
6233
6122
6386
6701
7153
7404
7773
8071
8220
8707
9291
9747
10362
10670
10916
11062
10709
10781
10884
10983
10936
10733
9988
9156
8430
7336
6968
6352
5431
4654
4356
3500
2968
2508
1288
880
27
-891
-1599
-2277
-3115
-3647
-3851
-4439
-5283
-6158
-6688
-6876
-6843
-6666
-6794
-7219
-7540
-7901
-7766
-7740
-8114
-8761
-8951
-9107
-9135
-8863
-8643
-8154
-7879
-7751
-7556
-7382
-6360
-5133
-3648
-2329
-1864
-1416
-657
386
1960
2754
3468
3696
3602
3408
3353
3649
3955
3663
3599
3482
3185
3360
3008
3034
3191
3684
4255
4822
4958
4534
4721
4608
4859
4987
5124
5439
4844
4444
4192
3959
3621
3155
2557
2145
1847
1177
479
-375
-1012
-1058
-1238
-1103
-1124
-869
-701
-144
702
1500
2153
2671
2969
3084
3344
3330
3416
3720
3971
4461
4199
3601
3531
2607
2811
2963
3129
3389
3323
3860
3687
3638
3392
3020
2897
2801
2581
2437
2425
2987
2705
2894
2573
1351
407
-606
-1356
-2091
-3069
-4099
-5057
-5376
-5340
-6115
-6615
-7131
-7423
-6927
-6537
-5867
-5523
-4978
-4895
-4548
-4266
-3605
-2700
-1721
-1127
-792
-795
-785
-71
494
1426
1809
1857
1736
1592
1442
1161
1040
1310
1806
2414
2128
2012
2080
1463
1265
957
836
1205
1736
1569
1584
1326
799
1237
1199
1569
1698
2078
2558
2395
1838
1338
727
646
640
618
523
311
77
-707
-1068
-1394
-1316
-1270
-1241
-1078
-1215
-1278
-1445
-1936
-2147
-1965
-1977
-2024
-1434
-1291
-437
-119
-400
-194
-85
756
1264
1400
1728
1789
1638
1702
1550
1949
2245
2103
1722
1325
1209
1239
1172
1099
886
495
-16
-347
-593
-409
-266
-457
-249
457
738
1142
1244
1118
1248
1363
1697
1899
1603
993
586
-74
-539
-611
-1175
-1884
-2572
-2604
-2472
-3096
-3606
-4034
-3970
-3542
-3480
-3510
-3694
-3951
-4246
-4418
-4483
-4795
-4035
-3798
-3816
-4340
-4777
-4592
-4505
-4120
-3798
-3551
-3740
-3593
-3698
-3250
-2584
-2303
-1652
-1392
-1595
-1460
-735
-218
447
775
720
987
1229
1956
2288
2640
2864
2280
1935
1306
1255
1776
2105
2664
2870
3143
3350
4378
4939
5140
5668
5611
6037
6748
6924
6812
6925
6760
6982
7102
6587
6413
6412
6825
7385
7709
7433
7086
6897
6541
6814
6872
6839
6481
6290
6361
6238
5895
5558
5531
5239
5053
4809
4086
3613
3067
2416
1978
807
456
162
212
141
-236
-114
-623
-763
-1012
-1062
-1667
-1990
-2463
-2354
-2229
-1982
-1707
-1472
-1200
-1510
-1817
-2227
-2336
-2676
-2518
-2811
-3172
-3342
-3470
-3777
-3591
-3104
-3103
-3166
-3739
-3710
-2973
-2018
-1182
-465
-575
-888
-561
-148
611
1148
1365
1306
1335
1022
724
404
339
375
-64
-687
-934
-897
-556
-122
-95
57
-425
-830
-1285
-1506
-1776
-1699
-1875
-1843
-1602
-1588
-854
-523
-454
-91
233
179
659
1287
1527
1732
1366
735
39
-572
-799
-147
228
21
10
-449
-806
-786
-710
-1047
-1079
-1387
-1229
-1121
-745
-558
-35
356
536
719
882
979
1228
1714
1970
1965
1600
1786
1135
1289
1671
1679
1586
1665
2299
2296
2812
3255
3158
3289
3176
2992
2600
2401
2079
1544
1444
982
1126
1048
813
805
614
789
412
526
505
964
847
399
-593
-1570
-2131
-2977
-3341
-3626
-3807
-4494
-5035
-5922
-6582
-6834
-7278
-7550
-7859
-7749
-7925
-7732
-7675
-7283
-6634
-6525
-6557
-7304
-7309
-7710
-8247
-8267
-8191
-8335
-8110
-7529
-6927
-6336
-5850
-5210
-4583
-3504
-3146
-2536
-2264
-2539
-2674
-2838
-2953
-2584
-2207
-1728
-884
-118
653
1052
1676
1740
1957
2000
2468
2678
2655
2895
2987
3213
3210
3493
3687
3806
3986
3813
3709
4144
4711
4778
5039
4711
4217
4087
3870
3818
3689
3426
3087
3218
3415
3427
3055
2804
2363
1787
1316
805
711
313
-304
-549
-444
-443
-615
-549
-255
93
38
-477
-883
-1363
-1881
-2336
-2628
-3123
-3267
-3374
-3447
-3324
-3509
-3581
-3831
-4148
-4244
-4659
-4807
-4334
-4092
-3891
-3531
-3287
-2461
-1886
-1239
-457
-201
-298
-795
-1335
-1635
-1704
-1536
-2008
-2488
-2672
-2404
-1951
-1730
-1522
-1462
-1245
-1352
-1548
-1619
-1568
-1690
-1550
-1390
-1341
-1272
-874
-637
-214
-48
917
1898
2591
3413
3654
3984
3913
3384
3126
2972
2643
1979
1616
1254
1080
623
612
846
942
1224
1123
1480
1567
1657
2105
3063
3514
3188
2624
2345
2394
1805
1617
1317
934
104
-654
-826
-1152
-591
-249
-177
-911
-1205
-1206
-1276
-598
-331
57
-140
-397
-163
235
551
955
1152
1275
1188
1001
1050
875
966
1035
642
509
438
425
647
558
556
526
837
1157
1191
1366
1079
664
-8
-503
-848
-1108
-1797
-2901
-3007
-2716
-2635
-3145
-3379
-3823
-3239
-2855
-3148
-3054
-3500
-4031
-4357
-4666
-5692
-6384
-6626
-6457
-5881
-5616
-4919
-4556
-4106
-3988
-4048
-4311
-4178
-3679
-3839
-3711
-4148
-4848
-5147
-5338
-4743
-4115
-3514
-2765
-2636
-2717
-2475
-2694
-2400
-2237
-2282
-2291
-2148
-2270
-2433
-2310
-2516
-2643
-2811
-3135
-3261
-3237
-3305
-3112
-3175
-2912
-2832
-2562
-1940
-1077
-710
-777
-619
-298
178
721
1586
2253
2560
2133
1826
1637
2231
2582
3125
3265
2959
3128
3044
3621
4025
4723
5215
4986
4229
3418
2924
2613
2710
3030
2958
2760
2058
1810
1416
1632
1727
1481
1259
260
-617
-941
-907
-559
-528
-672
-996
-1408
-1149
-405
-48
-118
-466
-139
-362
-349
142
-123
125
-201
-477
-569
-767
-517
-9
453
536
4
-100
-443
-265
-236
-362
-508
-1365
-1939
-1642
-1596
-1912
-2401
-3048
-3918
-4692
-4569
-4281
-4014
-4121
-4028
-4430
-4507
-4196
-4347
-4246
-3701
-3256
-2847
-2750
-2616
-2272
-1892
-1650
-1644
-1139
-318
395
1067
1851
2763
2711
2617
2732
2379
2466
2855
2426
2085
1473
1000
841
675
765
1273
1614
1775
2339
2193
3012
3890
4201
3979
3445
3521
3222
3248
2836
3174
3643
2961
2734
2493
2684
2625
2782
3542
4016
4085
4336
4893
5217
5841
6179
6177
5415
4558
4661
4657
4362
3867
3580
3206
3073
3413
3191
2957
2769
2143
2337
1792
1245
1416
1583
1575
1238
892
479
399
451
518
327
-131
-160
-226
-441
-676
-1198
-1767
-2394
-2700
-2821
-2913
-2741
-2127
-1493
-1844
-2074
-2111
-1905
-1752
-1753
-974
-1011
-1264
-1228
-1639
-2015
-2040
-2436
-2794
-2949
-2619
-2000
-1706
-1378
-1812
-2389
-2466
-2511
-2771
-2930
-3392
-4279
-4640
-4577
-4256
-4041
-3824
-3483
-2585
-2166
-1946
-1295
-815
-578
54
267
826
1476
1564
2047
2591
2692
2803
2984
2622
2273
1811
2070
2242
2491
2249
2360
2747
2797
2759
2546
2368
2180
1990
1657
1379
1087
1087
1081
212
-141
-371
-631
-284
-280
-231
-429
-574
-610
-660
-1123
-1119
-929
-248
88
18
-181
74
-27
282
300
-419
-986
-944
-1287
-2336
-2209
-2098
-2101
-2636
-3118
-3330
-3223
-3491
-3571
-3425
-3669
-3356
-3551
-4258
-4800
-5359
-5515
-5741
-6223
-6652
-6974
-6689
-6464
-6178
-6189
-6417
-6172
-5774
-5136
-4374
-4000
-3996
-3540
-2977
-2570
-1820
-1106
-589
86
823
1228
1889
2336
2501
2543
2679
3003
3365
3355
3258
3552
3898
4260
3868
3440
2983
3322
3474
3330
3207
2687
2827
2258
2726
3276
3723
4327
4356
4274
4365
4712
5127
5059
5242
4988
3984
2902
2196
1693
980
434
-426
-1373
-1445
-916
-847
-176
80
132
601
663
1199
1792
2360
3039
2831
2427
2247
1767
1883
2084
2238
2513
2210
2037
2215
2285
2302
2578
2881
2956
2904
3125
3225
3788
4126
4387
4792
4673
5131
5409
5439
5652
5497
5732
5751
5913
6123
6475
6684
7094
7199
6950
6339
5699
5554
5628
5737
5477
5038
3877
3198
2527
2358
1840
1572
1328
760
771
226
144
-564
-799
-980
-1592
-1558
-1585
-1759
-2119
-2232
-2813
-3422
-3393
-3201
-2854
-2763
-2684
-2689
-2177
-1649
-1083
-161
486
1139
1590
1580
1591
1492
1526
2112
2877
3047
2989
2895
2501
2108
2582
2881
2932
3087
2881
2717
2704
2488
2328
2670
2899
2830
2747
2653
2446
2340
2161
1790
1411
723
138
-262
-220
-490
-992
-1551
-1801
-1564
-961
-383
-301
178
646
1151
1628
1531
1989
2553
2678
3161
3511
3497
3241
3365
3164
3598
4233
4440
4389
4321
4028
3609
3431
3253
3468
3268
3198
3164
2850
2492
2184
1972
1537
933
390
-61
-42
-539
-1189
-1733
-2308
-2842
-3155
-3591
-3733
-3862
-4244
-4512
-4419
-4164
-4077
-4111
-4230
-4269
-4719
-5229
-5715
-6003
-6579
-6677
-6571
-6173
-6213
-6057
-6387
-6895
-7089
-7080
-6803
-6682
-6341
-5902
-5501
-4754
-3551
-3051
-1992
-1579
-1056
-889
-364
392
668
1266
1812
2682
3274
3614
3826
4227
4175
4144
4127
4177
4219
3870
3384
2613
2082
1601
1390
1310
1099
908
711
178
-241
-546
-518
-750
-882
-1067
-1597
-2361
-3392
-3905
-4392
-4866
-5167
-5209
-4989
-5019
-5190
-5081
-4813
-4585
-3957
-3580
-3889
-4243
-5431
-6103
-5690
-5659
-4924
-5080
-5373
-4953
-4853
-4353
-3527
-2449
-1974
-839
334
1648
2815
3569
4324
4677
5164
5672
6146
6495
6888
7093
7215
7420
7715
7873
7938
7884
7339
7234
7377
7336
7095
6749
6489
6755
6368
5726
4946
3819
3048
2281
2194
1757
1145
161
-630
-1474
-2321
-2843
-3174
-3354
-3665
-3897
-4007
-4253
-4063
-4394
-4396
-3813
-4037
-3298
-2602
-2315
-1711
-1766
-2213
-2074
-2176
-2081
-1978
-1701
-1795
-1492
-1187
-1451
-1078
-365
-75
557
612
819
959
761
1232
920
1059
1219
1478
1874
1980
2108
1976
1631
1666
1448
1486
1558
1120
757
45
-490
-814
-1132
-868
-972
-1366
-1084
-743
-597
-452
-278
146
589
926
1370
1613
1851
2151
2058
2244
2465
2290
2371
2088
1744
1821
2113
2164
2372
2411
3106
3553
4307
4936
5357
5841
6421
7152
7159
7094
7236
7763
8124
8332
8553
8446
8050
7452
7208
6768
6206
5517
5132
4738
4415
4531
4403
4154
3818
3689
3669
3947
4016
3827
3651
3543
2925
1911
1374
990
1134
468
56
-467
-1288
-1317
-1624
-1734
-2032
-2450
-2308
-2641
-3296
-3811
-4230
-4220
-4406
-4576
-4195
-4387
-4693
-4418
-4179
-4159
-4247
-4488
-4543
-4787
-4768
-4302
-4188
-3740
-3870
-3803
-3831
-4009
-3643
-4078
-4401
-4191
-4548
-4567
-4949
-5013
-4829
-5056
-4495
-3764
-2825
-2351
-2245
-2233
-2304
-2144
-1890
-2059
-1998
-1879
-2349
-2399
-2945
-3618
-4048
-4036
-3936
-3808
-3586
-3504
-3103
-3379
-3753
-2992
-2487
-2300
-1686
-1870
-1882
-1566
-1314
-1163
-999
-1016
-769
-383
-266
-30
52
399
423
-34
231
-44
121
55
62
-47
-293
-185
-127
121
294
55
97
98
348
1004
1004
1319
1390
1820
2564
2940
2954
2960
2880
2517
2188
1533
834
550
346
370
31
-338
-1007
-1876
-2315
-3108
-3641
-3887
-4189
-4874
-5385
-5746
-6501
-6906
-7296
-7173
-7614
-8182
-8299
-8378
-8463
-8253
-8244
-8481
-8438
-8319
-8536
-8768
-8415
-8662
-8626
-8096
-7679
-7111
-6424
-6109
-6027
-5607
-5255
-5153
-4996
-5005
-5115
-5199
-4744
-4327
-4192
-3461
-2648
-1708
-841
-95
347
749
1500
1689
1563
1203
1313
1190
984
1073
1128
1450
1576
1508
1002
1050
1514
1905
1977
2274
2844
3109
3188
3227
3022
2564
2326
2138
1833
911
522
48
-207
-463
-520
-405
-537
-454
-714
-664
-409
-390
-253
-284
-152
347
1042
1717
2278
2389
2624
3037
3200
3513
4112
4160
4199
4486
4353
4719
4892
5067
5288
5052
5017
4948
4840
4693
4523
3988
3662
3543
3823
4254
4280
4302
3876
3563
3593
3482
3620
3420
3561
3326
3299
3249
2578
2331
2094
1605
1068
677
371
183
-427
-561
-232
-753
-1096
-570
-346
-331
-601
-845
-900
-765
-949
-983
-838
-1190
-1631
-2042
-2285
-2485
-2569
-2780
-2814
-2716
-2515
-2595
-2598
-2217
-1667
-1102
-594
-212
744
1615
2112
2598
2899
2985
2972
3196
3219
2963
2300
1387
735
-173
-905
-1902
-2251
-2838
-2570
-2441
-2433
-2722
-2737
-2003
-1930
-1194
-968
-713
-681
-817
-1013
-840
-470
-66
428
1061
971
1156
1319
1330
1225
1059
1272
553
645
366
-117
-228
-534
-857
-1205
-1022
-1191
-1108
-951
-498
-52
224
592
989
1453
1794
2285
2768
3293
3264
3536
3751
3799
3875
3916
3260
2272
1683
1641
1328
1078
750
337
148
148
-592
-1662
-2131
-2355
-3056
-3574
-4061
-4570
-4893
-5387
-5816
-6531
-7152
-7542
-7689
-7784
-7685
-7597
-7283
-6977
-7195
-7423
-7525
-7494
-7900
-8020
-7757
-7730
-7992
-7927
-7752
-7410
-7141
-6830
-6279
-5893
-5235
-4857
-4536
-3826
-3511
-2838
-1949
-849
-324
-23
-269
-67
151
41
129
-611
-472
-877
-1246
-1093
-1278
-1027
-925
-621
-172
181
631
833
731
349
-208
-850
-1175
-1288
-1074
-305
-95
29
428
192
488
920
1059
951
1477
2033
2192
2400
2300
2069
1739
1472
856
370
465
256
-69
-367
-164
110
440
176
594
1152
1347
1219
1505
2198
2166
2439
3041
3377
3379
3749
3632
3463
3156
2659
2388
2586
2603
2633
2551
2438
2354
2324
2213
2301
2714
2718
3227
3337
3136
2918
2901
2668
2444
2107
1089
951
478
-540
-1231
-1533
-1853
-1824
-1653
-1896
-1756
-1571
-1120
-642
-220
598
1145
1539
1742
1661
2136
2645
2947
3115
3114
2941
2939
2731
2843
2839
2902
2626
2690
3000
2628
2692
2967
2870
2409
2544
2848
2776
3187
3365
3463
2764
2770
2819
2915
3189
3228
3658
3256
3751
3810
3823
3789
3597
3599
3443
3567
3465
3301
3682
3583
3405
3697
3508
3545
3624
3804
3501
3150
2585
2050
1699
1229
1433
1018
1010
851
634
336
135
29
-524
-1060
-1895
-2157
-2507
-3137
-3761
-4077
-4335
-4655
-4366
-4141
-3607
-3001
-2994
-3167
-2936
-2668
-2263
-2319
-2093
-1718
-1674
-1488
-975
-279
-36
314
704
857
899
1010
682
118
-493
-1032
-1446
-1993
-2269
-2351
-2379
-2777
-3161
-3358
-3766
-3866
-3222
-3055
-2837
-2665
-3209
-3374
-3652
-4006
-4430
-4645
-5233
-5823
-6085
-6956
-7060
-6840
-6613
-5865
-5531
-4909
-4369
-3916
-3384
-2605
-1861
-1632
-1136
-704
11
541
936
1697
2409
2788
2900
2963
2743
3137
3303
3684
3958
4476
4569
4689
5316
5423
5858
5810
6296
6487
6726
6774
7091
7004
6807
6279
5974
6468
6135
6069
5393
4722
4065
3626
3057
2227
1942
1167
356
-422
-1573
-1548
-1510
-1211
-663
-347
166
-45
268
701
962
1356
1862
2162
2447
2650
2623
2523
2044
1853
1239
480
-325
-527
-367
-264
-117
-412
-81
176
472
650
1174
1462
1285
1910
2190
2191
2059
2203
1747
893
390
-577
-1137
-1609
-2374
-3318
-4343
-5385
-6008
-6173
-6206
-6221
-5859
-5513
-5199
-4686
-3817
-3017
-1964
-1282
-674
-683
-941
-980
-1087
-746
-900
-451
-405
-336
-241
445
1308
2001
2968
3214
3238
3112
3349
3096
3069
2965
2715
3243
3523
3966
4884
4919
5296
5664
5988
6997
7130
6990
6679
6149
5549
5049
4455
3335
2573
2154
2006
1639
1448
1185
1574
1592
2116
2581
2969
3405
2772
2703
2495
2297
1806
1073
340
30
-282
-557
-435
-319
13
-270
256
692
1219
1609
2081
2745
3070
2983
3540
4252
4829
5751
6149
7091
7749
8447
9130
9380
9596
9721
9872
10218
10190
9854
10082
10184
9805
9530
9344
8427
7965
7173
6554
6104
5393
4894
4182
2743
1214
294
-577
-1306
-2124
-2833
-3642
-4427
-5058
-5148
-5183
-5300
-5506
-5450
-5321
-5294
-5001
-4909
-5298
-5383
-5750
-5978
-5956
-5806
-6099
-6451
-5822
-5667
-5101
-4432
-3527
-2925
-2474
-1845
-1612
-909
-759
-965
-765
-763
-238
-179
-376
-236
-197
-88
-308
-380
-331
-965
-1217
-1321
-1635
-2242
-2898
-3625
-4084
-4677
-5820
-6555
-6949
-7407
-8318
-8762
-8703
-8467
-8660
-9114
-9120
-9068
-9330
-9305
-8920
-8927
-8471
-8752
-8393
-8031
-7453
-7183
-6820
-6041
-5838
-5120
-4341
-3616
-3214
-2432
-1884
-1501
-1043
-395
502
954
1429
2059
2135
2760
3107
2846
3089
2475
1807
1198
318
-140
-547
-903
-1133
-1443
-1900
-2331
-2801
-3206
-3734
-4088
-4048
-4470
-4621
-4571
-4473
-4349
-4201
-4601
-4736
-4744
-4677
-4292
-4131
-4275
-4596
-5008
-4881
-4761
-4238
-3171
-2744
-2450
-2013
-1542
-586
-467
152
690
804
1276
1255
1610
1432
1295
1517
1506
1545
2222
2395
2841
3026
3208
3541
3418
3663
4308
4677
4934
4812
4237
4158
4086
4371
4600
5043
5483
5838
6021
5661
5523
5347
5444
5322
4952
4815
4705
4444
4340
4237
4223
4371
4045
3716
3694
3700
3710
3196
3328
3299
3209
3318
3122
2586
1864
1331
1102
555
-82
-374
-920
-1407
-1969
-2025
-2232
-2699
-2896
-2589
-2477
-1844
-1668
-1293
-914
-880
-889
-1272
-1077
-961
-333
-147
-111
-214
-17
-330
-359
-271
-316
-409
-678
-1090
-1586
-2081
-2736
-2828
-2780
-2357
-2380
-1735
-1201
-296
482
1141
2254
2862
3591
4423
4586
4603
5161
5181
5015
5223
5231
4883
4521
4456
4998
5211
5294
5766
5647
5767
6188
6432
6726
6912
6832
6599
6287
5771
5197
4742
4326
3971
3649
3025
2675
2176
1804
1539
1039
73
-719
-1368
-1862
-2157
-2554
-2785
-2785
-3042
-3526
-3821
-4239
-4553
-4927
-5121
-4956
-5006
-4255
-3624
-3458
-3459
-3126
-2175
-1628
-1889
-1751
-1408
-1373
-787
-536
-146
-157
212
699
850
1270
1553
1486
1576
1910
2100
2295
2701
3045
3440
3746
3815
3746
3955
4160
3903
4186
3794
3251
2808
2454
1953
1208
906
385
358
-256
-862
-956
-1283
-1567
-1488
-1039
-1184
-1368
-1904
-2063
-2126
-2556
-3116
-3213
-3606
-3328
-3526
-3835
-3669
-3371
-2827
-2567
-2855
-2922
-2791
-2750
-2455
-2420
-2347
-2565
-2571
-2111
-1822
-1565
-1904
-2461
-2415
-2694
-2647
-2825
-3322
-3607
-3604
-3346
-3199
-2861
-2884
-2570
-2355
-2514
-2810
-2975
-3357
-3585
-3999
-4559
-4989
-5307
-5161
-5372
-5656
-5883
-6482
-6493
-6749
-7258
-7710
-8126
-8747
-9353
-9369
-9634
-10125
-10403
-10517
-10869
-10406
-9435
-8852
-8322
-7571
-6713
-6166
-5535
-4846
-4772
-4675
-4878
-4977
-4897
-4327
-4193
-4207
-4198
-3790
-3011
-2540
-1494
-1491
-840
-440
211
805
1200
1579
1728
2275
2468
2926
2774
2836
3067
2934
3074
2891
2944
2723
2586
2780
2993
2489
2312
2195
1560
1259
1668
1666
1529
1442
1259
673
569
654
662
371
48
182
-200
-158
-279
-36
305
697
530
513
993
1163
1701
1870
1958
1973
2236
2740
3309
3807
4208
4605
4872
4761
4769
5157
5482
6499
6885
7667
8088
7992
8456
8865
8647
8742
8467
7873
7539
6693
6569
5687
4853
4069
3373
2791
2122
2025
1628
1698
1703
1449
1533
1440
1814
1754
1408
1178
851
433
97
-29
-677
-1064
-1640
-1830
-2074
-2119
-1785
-1496
-980
-372
207
695
1060
1065
1317
1345
1183
1160
912
523
-265
-582
-1025
-1321
-1361
-1417
-1534
-1518
-1925
-1833
-2089
-2489
-1903
-1760
-1973
-1480
-767
223
1086
1736
2272
2587
2853
3040
3726
3988
4067
3246
2794
2553
2486
2316
2446
2641
2271
2700
2693
3059
3200
3318
3424
3422
3493
3360
2812
2778
2981
2714
2730
2668
2759
2831
3103
2888
2346
2237
2543
2432
2871
3003
2734
2414
2172
1713
1855
1943
1485
1557
1587
1864
1974
1765
1333
1174
995
1105
1071
1379
1749
1848
1950
2407
2344
2207
2006
1948
1474
1145
912
485
-57
-810
-1009
-1371
-1644
-2013
-2067
-1978
-1694
-1507
-939
-954
-1168
-925
-1023
-532
-289
-621
-903
-1192
-1387
-1853
-2208
-2268
-1927
-2267
-2671
-3115
-3393
-3035
-2894
-2826
-2901
-2944
-3507
-4248
-4883
-5304
-5716
-6015
-6348
-6878
-7139
-7396
-7564
-7448
-7470
-7640
-7666
-7499
-7124
-6618
-5937
-5401
-4581
-4131
-3884
-3193
-2772
-2566
-2082
-1785
-1519
-1187
-1186
-712
-724
-681
-798
-819
-418
-861
-1202
-938
-536
-156
179
235
437
476
421
386
244
137
-267
-695
-822
-1155
-1801
-2243
-2398
-2722
-2611
-2502
-3068
-3270
-3375
-3586
-3766
-3435
-3315
-2976
-2557
-2148
-2129
-1959
-1437
-1246
-897
-738
-425
-419
-124
163
654
1149
1207
1399
1439
1145
1513
1378
1007
1026
806
294
258
76
-287
-704
-725
-1241
-1092
-1085
-829
-204
-497
-557
-607
-262
-139
-171
-623
-786
-1664
-2296
-2293
-2379
-3233
-4021
-4202
-4484
-4614
-4767
-4634
-4511
-5058
-5200
-4800
-5112
-4779
-4727
-4764
-4227
-3638
-2972
-2724
-1788
-774
-650
-147
228
430
442
582
1091
2245
2620
2857
3369
3306
3176
3435
3524
3565
3695
3768
3873
3749
3680
3921
3793
3501
3596
3438
3082
2967
3583
3154
3110
2715
2066
2273
2492
2523
2214
2150
1829
1563
1734
1314
1068
948
550
374
291
-41
-355
-686
-1067
-1448
-1360
-732
-171
-301
-111
80
404
961
1217
1397
1753
1922
2519
2789
3304
3280
3192
3668
4284
5067
5651
6305
6633
7195
7686
8374
8589
8327
7850
7457
6802
6204
6132
5518
5004
4618
4590
4287
4616
4611
4513
4345
3728
3600
2760
2282
1307
924
98
-1007
-1821
-3321
-4266
-4848
-5656
-6301
-6286
-6741
-7162
-7382
-7831
-8281
-8771
-9484
-10079
-10781
-11403
-11566
-12011
-11781
-11555
-11168
-10567
-10187
-9178
-7997
-6604
-4945
-3367
-2497
-1099
-196
1161
1960
2549
2962
4017
4363
4274
4424
4001
4109
3983
4515
4826
5766
5025
4357
4071
4600
5368
5543
5558
4694
4205
3129
2946
2996
2584
1553
840
122
-957
-1538
-2632
-2590
-2811
-2194
-2662
-2477
-2232
-2121
-1999
-1104
-356
-62
175
214
353
650
1238
1269
1586
1494
1448
1257
1035
687
298
-468
-621
-330
-142
121
894
706
286
412
331
-173
-230
-791
-2379
-3179
-3965
-5398
-6217
-6676
-7613
-7226
-6819
-6663
-6513
-6541
-7170
-7219
-7040
-6706
-6159
-5403
-5330
-5495
-4952
-4892
-4097
-2714
-1877
-1781
-1391
-1567
-1856
-1253
-785
-760
-419
-711
-395
27
159
396
420
453
621
1595
1907
2006
1761
2585
2951
2825
3145
3035
3220
3587
3992
4645
5666
6060
6372
6807
7047
7418
7338
7372
7505
7744
7981
7864
8187
8347
8225
8347
8609
9449
10002
10185
9672
9510
8617
7633
7065
6087
4975
3299
2152
216
-1210
-2775
-4559
-5734
-6988
-8568
-9119
-9393
-9353
-9207
-10078
-10746
-11240
-10774
-10923
-9611
-8906
-9460
-10600
-10752
-10692
-8235
-4627
-1907
-1470
-3016
655
4896
4638
666
5950
11028
11538
8271
11164
14753
11321
5861
8567
17562
16925
10343
6814
8703
6788
3898
4890
5431
2304
-1681
-3284
-4234
-3906
-5248
-7216
-8904
-8526
-8141
-9397
-10185
-9636
-8904
-8009
-5687
-2138
-907
-2559
-2951
653
4536
6972
7787
8513
9864
10140
9807
13471
16480
15140
13217
13129
12905
12710
10978
8534
7651
7261
6486
4480
2699
1617
311
180
1522
1807
946
-959
-2318
-2514
-927
329
232
-900
-2317
-1888
-1290
-672
-977
-1382
-2134
-2639
-2506
-3360
-4659
-7302
-8443
-9083
-9126
-8896
-10338
-11995
-12311
-12064
-12327
-12988
-13769
-15028
-16107
-15609
-14022
-10208
-8061
-8963
-11404
-10220
-6883
-381
4217
5561
5437
5845
5313
7073
12974
18130
18787
15307
12904
14700
17736
17679
16135
15949
15183
12182
9249
8634
6780
4166
2163
1379
-177
-3187
-6223
-8528
-9049
-8234
-7255
-6687
-7663
-9276
-8631
-5301
-1458
979
1950
3112
3709
4863
7082
10463
12582
12388
12718
14145
15146
15015
13847
12074
11186
10017
8458
5654
2324
-1177
-4206
-4659
-3548
-4715
-7586
-10390
-11509
-11472
-10458
-9631
-9830
-11876
-13313
-13632
-11268
-9544
-9931
-11974
-14058
-14453
-13152
-12279
-12136
-12450
-14492
-16104
-16197
-16946
-19478
-19739
-21063
-21758
-22473
-23399
-26787
-25364
-19714
-13136
-13055
-15548
-15608
-14262
-13955
-10172
1891
9543
5194
-1955
1566
9662
13822
15638
22523
27641
23739
19783
22737
27165
25544
22533
22565
21422
17945
13986
11077
8596
7275
5469
2797
-1032
-4268
-7147
-9205
-9164
-7525
-5932
-7045
-7963
-6647
-3011
231
3353
6366
10067
12481
13424
14666
17938
20192
21684
24086
25203
26400
25385
22712
21659
23057
21660
19087
16237
13473
9940
7098
5073
2878
312
-2647
-5513
-7705
-8237
-9413
-10622
-11213
-10884
-10790
-10196
-10726
-10231
-9844
-8001
-5119
-4375
-4218
-5705
-6879
-6440
-4705
-4795
-4508
-6836
-10200
-10474
-9756
-11356
-13530
-14658
-16522
-18625
-22567
-24018
-25519
-27631
-30938
-26701
-16244
-11702
-18074
-21020
-18254
-15014
-10564
-131
11481
14476
6202
363
7478
16994
18779
20922
25316
24602
18762
17752
21866
22930
20929
20375
19618
17156
13858
9760
6629
5504
5165
4005
476
-3336
-6461
-8087
-7649
-5270
-3778
-4071
-5956
-4586
-409
3529
6344
9399
12419
14657
15901
18271
20537
23389
25000
25337
24787
28286
30216
26757
20137
18822
17882
16460
15677
11751
8432
2809
-4217
-8263
-3337
-4295
-7149
-10981
-16001
-19546
-17493
-17529
-15729
-13643
-15018
-16963
-18096
-18191
-16805
-13653
-12029
-10492
-10385
-11740
-12781
-13190
-12575
-10604
-11358
-15484
-19979
-22606
-24587
-25139
-23757
-23520
-25457
-27952
-31398
-31887
-31723
-30539
-25614
-12138
-4423
-14183
-29663
-26111
-8691
3310
10080
17961
20130
3653
-9620
617
25149
32068
21202
14912
17163
15515
11711
16303
21918
18164
9258
6369
7076
5425
943
-1950
-1717
-1545
-3085
-7838
-13697
-16804
-15475
-12331
-9509
-8835
-10999
-13595
-12676
-5425
2651
5250
3497
3328
5570
9029
13505
17968
18663
15730
14389
17969
21774
21542
19762
16631
14936
14858
15764
13515
10861
5891
3595
4010
3416
339
-2495
-5490
-7815
-6815
-6438
-6809
-8647
-11128
-11611
-7914
-5505
-4774
-5795
-6486
-5507
-3388
-1011
745
400
-1453
-1978
-1372
-670
-1374
-4648
-7385
-7156
-8717
-10323
-13208
-16915
-19222
-19544
-22228
-22849
-24192
-28896
-32602
-28118
-10065
3607
-9088
-31458
-25412
-8253
2842
5746
19359
23335
4252
-14520
-1490
26297
30650
16614
11693
17957
14164
8606
14883
22029
15967
7087
6156
8411
6357
-318
-2650
-2363
-1045
-1581
-5570
-11900
-15617
-14590
-10798
-6714
-6087
-7902
-12205
-12963
-5924
2373
5183
3004
2633
4652
7177
10571
15189
16478
13885
12611
15660
18962
19459
16725
14108
13509
14837
16554
15336
10439
5520
4319
5504
6275
5680
2103
-2795
-5579
-4656
-2194
-297
-1693
-4852
-5310
-2770
-465
551
121
-514
-544
142
1413
1563
620
-812
-1114
-1080
-874
-2898
-6032
-8770
-8893
-7730
-8232
-11891
-16100
-19097
-19357
-19051
-19544
-21947
-24150
-28137
-23716
-6256
4424
-10679
-28033
-19509
-4441
4357
7817
22081
22448
1449
-14538
4178
29931
28668
13513
12157
18115
12716
8960
16116
21533
13856
6341
6866
9399
6119
-714
-2550
-1352
814
-375
-5424
-11513
-13509
-11806
-8513
-5516
-5918
-8962
-13424
-12680
-4881
2265
2687
58
809
3414
5909
9456
13504
12977
9747
9456
13488
16163
14839
10611
8711
8875
10271
10444
7434
2632
-917
-827
615
1548
62
-4031
-8174
-8118
-5274
-2492
-2094
-4130
-6236
-4601
-1717
-362
-141
-981
-1304
-931
429
1289
416
-1202
-1443
-695
-461
-1210
-3965
-7291
-9284
-8707
-7016
-7946
-12722
-17538
-19416
-19684
-19668
-20299
-21485
-25104
-27413
-16555
-2620
-5873
-23947
-23182
-11735
-1702
507
10147
19406
10660
-10034
-8396
19188
31248
20269
11886
17903
17544
10469
11228
18341
18569
11628
7278
7874
8277
2048
-3026
-3443
361
997
-4563
-11073
-14240
-13558
-11183
-7517
-6317
-8281
-11827
-13268
-7629
-326
3105
1582
1891
4484
7004
9492
12936
13645
11728
10119
12339
14881
14732
10444
7079
6624
6713
6938
5314
2314
-1896
-3616
-3393
-1649
-1547
-3926
-6885
-7949
-7337
-5861
-4228
-4208
-5166
-4852
-2094
-780
-450
-650
25
837
2283
3554
2943
1973
806
1276
1356
2268
797
-2793
-6889
-7777
-6529
-5007
-7765
-12934
-16585
-18616
-19187
-19275
-18737
-20069
-23821
-18990
-6192
-3913
-18260
-22731
-12622
-693
3416
9105
18994
14072
-3701
-6507
17214
32542
24881
13242
15941
17860
13501
14501
21308
20675
11744
6469
7954
9993
5122
-454
-2833
-1963
-843
-3254
-9097
-13783
-14496
-12151
-8673
-7023
-8626
-12455
-14358
-9682
-2174
1960
1219
-4
1498
4654
9147
13643
14152
12027
11145
13355
16706
18026
15329
11385
9462
9298
10993
10667
7030
2543
1048
1169
1205
399
-1262
-4156
-5185
-4737
-2696
-1912
-3870
-6383
-5691
-2085
632
1133
-648
-1056
-232
1215
3392
4150
2770
503
-748
-95
614
-440
-3905
-7503
-9754
-10144
-10807
-11877
-14993
-18947
-21476
-22344
-23513
-25426
-27170
-20191
-6443
-4019
-20441
-28480
-18934
-4830
2678
9297
18869
13392
-5818
-11630
10865
30666
27348
14273
13482
15725
12629
12557
19679
22345
14909
6883
5584
7963
5276
384
-2074
-1176
-490
-4153
-9880
-13472
-13843
-12480
-9327
-6511
-7830
-12172
-14456
-9133
-654
4516
3655
1862
3009
5793
9531
14591
17699
15464
11920
12783
16547
18586
16121
12193
10053
10004
10335
9270
6254
2183
230
75
724
426
-1713
-5380
-7074
-6565
-5236
-3865
-4077
-6521
-7679
-5410
-2152
-566
-965
-1152
-246
1236
2840
3452
2871
1948
1195
824
857
-610
-2719
-5780
-7940
-8269
-9061
-12975
-16075
-17799
-19796
-21185
-21992
-23616
-26685
-27060
-16289
-5467
-11663
-26627
-25443
-13415
-3090
1155
9075
13945
2017
-12999
-4315
22562
31706
20531
11618
15189
15292
13225
16611
22089
19570
11368
6651
7747
8126
3073
-1739
-2515
228
-371
-6677
-13264
-15176
-13885
-10956
-7604
-6843
-10506
-15156
-14479
-6842
1316
3883
977
-122
2837
6937
11462
15801
15974
12649
10457
13935
18422
18706
13612
9680
9206
10133
10420
8666
5334
1604
19
-786
108
-359
-3431
-5579
-5625
-5392
-4341
-4307
-6236
-6476
-4314
-718
1025
517
-22
1378
3173
6017
7797
6691
4630
3243
3479
3968
3118
392
-2587
-6323
-7721
-8258
-10353
-14791
-17353
-18696
-20375
-22414
-24273
-26644
-29476
-25646
-13160
-5882
-17148
-30882
-25367
-10277
-541
3236
11118
11341
-3374
-13820
2884
27715
29984
15995
10158
14956
15279
13404
17102
21468
16786
8843
6535
8953
7167
661
-3152
-1930
1001
-1344
-8435
-14361
-14953
-12490
-9075
-6094
-6769
-10928
-14198
-10505
-1506
4881
4804
2258
3087
6815
10952
14822
17339
16005
13183
13462
17197
19624
18639
14633
10799
9026
10579
10610
7115
2796
249
-1143
-1095
-1960
-3558
-4796
-7253
-8314
-5846
-4243
-5159
-7024
-6512
-2912
358
1345
2078
1677
2140
4336
7398
9375
8347
5680
4627
5552
6278
5511
2000
-1079
-3393
-4417
-5352
-8087
-12759
-15596
-17469
-19194
-20007
-22149
-26080
-29725
-25500
-12283
-5715
-16423
-29703
-25041
-10591
402
4391
11759
11940
-1982
-11153
4685
28222
30258
16761
10869
15980
16516
15081
17910
20900
16101
8733
7057
9195
7237
396
-3782
-2989
-348
-2671
-9923
-15180
-15811
-14002
-11321
-8629
-9369
-13637
-16454
-11923
-3004
2064
1528
75
2263
5828
9666
13781
16365
14916
12203
12255
16042
18550
16769
12392
9571
8470
8930
8049
5038
1359
-1258
-2020
-2426
-2658
-4961
-6943
-7703
-7428
-6588
-5098
-5456
-6469
-6021
-3879
-72
1746
1615
1873
3637
6541
8980
8541
7438
7085
6757
7453
6658
5191
3041
-660
-3446
-3743
-4934
-7419
-11486
-14549
-16035
-17703
-19476
-20305
-23025
-25806
-26896
-20236
-6646
-4180
-18364
-26302
-14724
-1679
4543
7822
17464
14824
-679
-5387
14823
32062
27189
14932
15220
20187
16917
14384
17932
19891
14590
8925
7110
7548
3255
-2548
-4927
-3151
-1488
-6354
-13925
-16929
-15735
-14054
-11760
-10071
-11568
-15078
-15792
-9897
-3118
-489
-1217
-891
2143
5554
8395
11432
12298
10675
9943
12356
15466
15513
12216
7855
6134
6575
7255
5583
2021
-1332
-3553
-4618
-5719
-4939
-5336
-7031
-8696
-7818
-6411
-5883
-5409
-4213
-2082
-289
1128
1911
4140
5199
7543
9297
10260
9097
9447
8645
8174
7639
6696
4966
2104
-1567
-4641
-5672
-6906
-8857
-12426
-15934
-18697
-20192
-21204
-21402
-22107
-24418
-27431
-28486
-21038
-7271
-3867
-15799
-22776
-12400
-1618
4364
10307
21536
18077
2214
-3773
15238
31821
27639
17017
17570
20714
15038
11383
15096
19296
14394
8390
5783
5672
947
-4750
-6100
-1913
236
-5559
-13108
-14989
-13088
-11254
-8361
-4697
-5264
-9427
-11205
-5670
2285
6714
6522
5981
7609
9524
11271
14438
17260
16479
13186
12327
14275
13899
11223
8043
6677
5780
4904
1963
-763
-4324
-6668
-6235
-4974
-4846
-6858
-10359
-11800
-9868
-7743
-5665
-3894
-3843
-4633
-3662
-637
2091
3960
4642
5649
6252
6526
6435
6244
4959
4134
4045
2702
278
-3793
-8153
-9975
-8742
-8112
-11832
-17745
-21617
-22681
-23307
-21772
-22115
-24044
-25063
-19107
-11062
-11037
-18197
-18949
-9185
-904
5458
10572
15079
8696
1373
5472
22392
30580
25002
17165
17661
19777
18328
18259
19521
17371
11340
7932
7229
6453
1757
-3339
-4831
-3033
-3071
-8050
-13436
-14890
-13606
-11222
-8983
-8466
-10867
-12467
-10170
-3705
1470
3527
2664
3158
6168
10465
13438
15306
14825
13565
13049
14883
16310
14810
11601
8766
7487
6347
5484
2845
-779
-4310
-5747
-5379
-5696
-6213
-8273
-10002
-10441
-9284
-8154
-6340
-6208
-5981
-3662
-952
142
820
1575
2859
5748
6968
8786
8189
5775
3361
4065
4842
5096
2509
-1539
-5774
-8602
-9045
-9060
-11045
-14635
-18035
-20746
-21846
-21593
-21935
-23073
-26161
-26362
-23228
-14555
-7543
-8038
-15952
-17348
-6966
2866
10471
14319
18556
12404
4926
5723
20966
30023
26242
18280
17821
19071
15917
13879
15377
16542
12742
8676
5255
3192
-990
-3885
-3332
-1050
-1777
-7788
-12900
-13181
-10446
-8053
-6182
-5296
-7071
-7973
-6227
-140
4739
6881
6741
8037
10527
12981
14340
16850
17801
15926
13910
14638
15213
13648
11027
8615
7837
6048
3986
1146
-1291
-3836
-3895
-3514
-4185
-5998
-7942
-8437
-7724
-6402
-5501
-4733
-4544
-3242
-2497
-328
1307
2030
2205
4418
5653
6295
5747
3760
2872
2871
3087
2023
-561
-4407
-7689
-10151
-11365
-11895
-12840
-16562
-21087
-23679
-24407
-24871
-25596
-25789
-27076
-28666
-27002
-20917
-13064
-10272
-12901
-18526
-12710
-3432
6203
10679
15870
14074
6642
3174
12736
25084
25671
19471
15462
17502
15366
12266
11634
13912
11323
7728
4580
3131
-958
-5787
-6779
-4587
-2754
-5617
-11000
-13853
-12771
-10549
-8050
-4787
-4190
-5260
-5828
-1836
3823
7576
8903
9941
12239
14805
16613
18115
19107
18537
17875
17729
19100
18237
15240
10650
8754
7853
8214
6301
3015
-943
-3393
-4209
-3516
-2917
-3934
-5529
-7885
-7104
-5975
-4222
-3340
-2717
-2498
-206
904
831
1863
3431
5467
6653
6870
5154
3337
1625
2430
3283
1745
-2241
-7053
-10732
-11712
-10714
-11285
-14465
-19112
-23405
-24715
-24268
-23088
-23713
-24899
-28580
-28253
-24499
-15958
-8511
-7247
-14938
-18081
-8207
2272
10555
13732
18009
12078
5283
4805
18791
27187
23870
16104
15973
17079
13055
10231
11091
11992
8829
6259
2785
-818
-6226
-8269
-7721
-5238
-5053
-9463
-15018
-16799
-14006
-10918
-7737
-5912
-6905
-8444
-7232
-1619
2905
6011
6852
8786
10953
13153
14572
16889
16761
16243
16483
17953
16987
14637
11817
9368
8632
8317
7692
3958
-365
-3114
-2729
-2546
-3001
-4039
-4481
-6170
-7084
-6137
-4692
-3962
-2754
-1107
10
701
641
2131
4576
6549
7565
7127
5842
4674
4820
4900
4562
2540
-378
-3620
-7048
-9681
-10854
-10493
-12448
-17213
-21560
-23998
-24278
-24639
-24082
-25844
-26389
-26883
-21154
-13424
-8823
-14279
-18929
-11698
-1669
7936
11525
16416
12962
7008
4161
16316
27896
27533
19194
16024
18295
17087
14984
14225
14289
10588
7459
5153
3608
-1058
-5810
-7453
-5687
-3686
-7154
-12864
-16241
-14884
-12412
-9257
-7333
-8312
-9405
-8537
-3398
1539
4894
5234
6557
9183
12553
14385
16324
16271
15486
15021
16692
18002
16255
12358
8992
8443
7872
8463
6317
2366
-2465
-3442
-2685
-1456
-2064
-4397
-4709
-4802
-5492
-4315
-1915
-2116
-1231
-327
2216
3514
3962
3462
5417
7319
8848
8809
7416
6065
4333
4188
3494
1828
-1165
-5274
-8803
-10940
-12087
-13518
-16416
-21623
-24545
-25288
-24794
-26664
-27908
-26365
-20108
-13016
-12095
-18104
-23805
-15365
-4619
7021
11108
14269
8129
253
194
15948
30088
29357
19643
14338
15883
16011
16905
18777
18718
12454
6742
4096
3902
455
-3180
-5223
-5540
-5534
-8586
-13472
-16657
-16003
-13024
-9809
-8534
-10460
-11896
-10641
-4291
1687
5101
4697
5088
7455
12574
16227
18438
17519
16290
15481
17140
19062
18219
15441
11455
9269
7513
8372
6377
2182
-2264
-2250
-2499
-3517
-5388
-7476
-7955
-8385
-7650
-5812
-4041
-5375
-5686
-4882
-875
1622
3429
3784
4166
4376
6236
8089
8985
8750
6271
4491
3129
2691
370
-2542
-5120
-7448
-11059
-13809
-17466
-21291
-23567
-24657
-25758
-28913
-29093
-26127
-16944
-12847
-15386
-25195
-22306
-12590
-1791
5751
12642
13090
1478
-5381
3906
24265
30107
24684
17504
18243
16772
15726
18209
22455
20134
13750
9073
6781
3747
-1144
-2781
-2253
-1148
-3869
-10598
-16140
-17271
-13744
-10053
-6781
-8083
-11359
-13404
-8747
-938
4667
6080
4959
5409
8640
12999
16366
18030
17010
16180
15760
17990
18398
17340
13015
10088
7950
8711
7804
3334
-2578
-5589
-4905
-4570
-5555
-8802
-10136
-11958
-13400
-12753
-8913
-7313
-7903
-9648
-7920
-3740
-1058
-382
891
3304
4325
4680
4683
5752
5142
4181
3348
3166
1308
-2588
-6697
-8604
-9944
-11611
-15221
-19127
-24017
-26785
-28593
-28249
-27160
-20836
-14431
-16495
-26436
-30307
-19373
-8197
-48
3552
9256
3633
-5597
-5606
12660
26744
25448
18376
17803
20023
17736
17477
21110
23976
19895
14237
10304
8417
4820
1410
531
1632
310
-6295
-12638
-14439
-12513
-11015
-9967
-9282
-10252
-11749
-10651
-4247
1419
3981
3637
5469
8604
12346
15047
17571
17449
16683
16805
18978
20487
19687
17217
14343
12404
11077
11439
8993
4984
1558
696
-725
-2412
-5143
-6881
-6716
-8055
-8938
-7849
-7006
-8065
-7884
-6782
-3559
-1439
268
1749
3688
4496
5720
7396
9152
9800
8340
6846
5146
4007
2867
862
-2570
-5783
-8322
-10747
-14101
-17765
-21140
-24265
-26870
-29065
-29074
-25262
-15662
-12954
-22057
-32123
-24319
-11451
-3353
-583
7166
7470
-4882
-11362
3217
23205
24096
15143
12507
18050
16464
13624
15930
21509
19695
14138
10776
9931
5661
676
-676
1494
2894
-2249
-10299
-14637
-14121
-11782
-9131
-6812
-8228
-11910
-13331
-7545
-167
4294
4035
4215
6862
11106
14104
16738
17947
17438
15959
17063
20410
20495
17754
13552
11097
10179
10871
9795
5761
372
-1658
-1757
-3283
-4844
-6013
-7756
-9157
-10761
-9942
-7949
-6927
-7368
-7323
-5815
-3649
-2394
403
3133
4693
5258
5959
6452
7406
7356
7221
6849
5101
3314
751
-1534
-4316
-6540
-8909
-11844
-16217
-19507
-22800
-24708
-27825
-28880
-27791
-20114
-13424
-15737
-27513
-29950
-17458
-6561
23
4657
10683
2083
-8764
-5628
15449
26473
22207
14465
16511
18451
15273
14494
18827
21005
16791
12385
10299
8114
2002
-1564
-1074
2083
1192
-5762
-12672
-15342
-14245
-11803
-8305
-6707
-9005
-12140
-10877
-4306
1665
5054
5843
7826
10708
13459
15202
17512
17785
18025
17466
19565
19549
17824
13819
10689
8974
9524
8686
5296
1556
-2325
-4184
-5088
-5105
-6296
-7469
-10591
-10751
-11766
-11060
-9982
-7738
-7647
-7320
-6213
-3196
-1064
-372
2049
5213
7799
7675
7331
7226
7396
7255
7667
6694
4540
177
-3857
-4878
-4669
-6881
-12359
-17691
-21739
-23254
-24926
-25300
-28971
-31630
-31886
-23065
-13425
-13402
-26003
-29792
-18013
-6100
2111
6739
12791
3708
-7695
-6763
15590
28541
23866
13120
14526
17184
13674
12677
16799
18503
13721
9280
6412
3947
-1530
-5030
-5070
-1421
-962
-8160
-16012
-18674
-16316
-12054
-7103
-5748
-8528
-11173
-8914
-2135
4310
8135
8137
9488
12509
15430
16524
18202
18427
18560
18729
20662
19733
16326
11633
9633
9900
10513
9241
4419
-772
-4721
-4167
-3691
-3663
-6341
-9113
-10598
-10947
-10197
-8138
-6175
-5944
-5171
-4216
-725
1874
3504
4796
8082
9810
10299
9914
10567
10755
10505
10502
9263
6819
3624
105
-3177
-4635
-5069
-8185
-12983
-18695
-21330
-24002
-24018
-27072
-27938
-27434
-22151
-15770
-13756
-21331
-29095
-20637
-8278
4615
7435
10232
3333
-4153
-5879
10721
27135
28937
17258
10400
13249
14801
15108
16213
18010
13533
7518
3749
3457
212
-3742
-5776
-4555
-2833
-7279
-14578
-18943
-16863
-12819
-8177
-6319
-7927
-11352
-10727
-4075
3609
9055
9141
8701
10449
14909
17523
20142
20454
20382
18716
19317
19547
18472
14600
10222
8939
9039
8191
3549
-286
-3406
-4172
-4970
-5300
-6081
-6976
-7907
-8995
-7942
-6361
-5219
-5618
-3924
-2677
279
2121
3709
4587
7165
8015
9337
10424
11656
11300
10012
9079
7845
6974
4618
2118
-1231
-3948
-7101
-9818
-13021
-15670
-18405
-20644
-24105
-26374
-28325
-29075
-31719
-30059
-26317
-17424
-10332
-11133
-23495
-22256
-7500
5454
10235
12955
16812
9808
1504
4475
23247
31049
23905
13354
16538
18486
13659
9995
12222
12681
9284
4719
1454
-1832
-6495
-9127
-8403
-4070
-4011
-10883
-16277
-15564
-12247
-9350
-5558
-3828
-4500
-5961
-2537
2801
7629
9733
10302
12736
16294
17941
18418
19274
18737
17832
16799
17621
16937
14158
8708
5147
4698
5027
2396
-985
-4027
-6991
-7687
-7071
-6412
-5701
-7289
-8810
-8365
-6860
-5117
-2751
-1504
120
1341
2881
4943
6263
6661
8644
10326
10263
9302
8659
8431
7631
5974
3307
877
-1933
-5419
-8638
-10816
-11854
-14939
-19524
-24100
-26268
-27985
-29290
-29643
-30441
-29190
-28239
-24297
-16726
-10827
-17563
-21819
-13518
-246
8367
9002
13023
12527
6289
1199
13315
27249
27048
15076
11149
14647
13578
10056
8894
9912
7381
2985
-532
-1359
-4425
-8343
-11324
-9044
-5766
-7510
-12461
-15429
-13992
-10449
-6304
-3862
-2136
-2107
-1140
1422
5977
10455
11884
13619
16459
18588
18592
18442
17184
16982
16690
17990
17123
13780
8125
4444
3668
3414
2495
-483
-4003
-7451
-8656
-9888
-8635
-7885
-8267
-8210
-9662
-9451
-7282
-5835
-4412
-1141
47
2022
2644
2559
4147
7331
8291
9052
9509
9854
8158
5899
4717
3118
1907
-248
-3894
-8364
-11760
-13600
-14003
-14615
-17926
-22529
-25939
-25455
-24979
-25169
-25143
-26347
-24417
-21016
-12682
-3387
-1607
-13231
-14084
-1417
14045
18468
18599
20986
16356
7363
7331
23281
32137
25273
12444
13072
15696
12096
6886
7455
9395
6678
1644
-1531
-4120
-8154
-10595
-9491
-4711
-4125
-10445
-16078
-14776
-9505
-5628
-3150
-1956
-2192
-3247
-398
4968
10734
13075
12747
13353
15871
16807
16813
17406
17968
16844
14770
14873
13772
10987
7504
6054
5827
5051
2354
-175
-2946
-5261
-5301
-3751
-3032
-3014
-5484
-5966
-4920
-3239
-1910
285
1558
2877
3257
4568
6090
7116
7103
8062
8510
7597
5991
4491
3596
2056
433
-1542
-3871
-8148
-11928
-15154
-16222
-15748
-16727
-20777
-25748
-27801
-27750
-26931
-25990
-25915
-24118
-23412
-20846
-13650
-4242
-7856
-14664
-11050
2042
13052
13861
15076
16393
11891
4188
10178
24170
28337
17726
10675
13430
14105
10076
6867
7716
7221
3654
113
-869
-3560
-7076
-9763
-7614
-3145
-3673
-8818
-13183
-11920
-7866
-4064
-2263
-980
-942
-255
2445
7025
11402
12099
11610
13425
16604
18197
17318
15507
15212
14543
14962
14844
13883
10179
6734
4955
4675
4078
3519
1143
-3451
-5389
-4313
-2373
-1019
-1903
-3931
-4612
-3665
-1914
-174
1611
2272
3373
4648
5268
5412
5871
6328
7650
8568
8342
6891
3973
563
-358
-481
-1071
-4441
-9441
-14607
-17586
-18090
-17020
-17980
-21215
-26236
-29269
-28975
-26923
-26077
-27522
-25628
-22722
-16153
-9493
-6059
-14823
-16962
-8398
5900
14586
15295
14897
10394
4094
2568
15559
26373
24307
12467
9619
11233
9896
7325
6725
7064
5510
2220
-621
-2872
-6422
-8962
-9420
-4665
-1478
-5355
-12010
-14191
-10897
-6163
-2523
-1325
-1505
-2771
-1004
2380
7028
9917
10448
11541
14304
15593
15039
14364
14544
15456
15244
15276
13623
10931
6636
4666
5124
6129
3495
-615
-3389
-5098
-4655
-3857
-2763
-4069
-4721
-6617
-5877
-2781
-1377
-1826
-202
1188
2516
3682
4432
6062
6105
6168
7374
8153
7231
5571
2850
2089
1345
-441
-2948
-5968
-9282
-12362
-14614
-15573
-16142
-17729
-20495
-23717
-25055
-25541
-25184
-25555
-26090
-23955
-20969
-16779
-9064
-3232
-9909
-14547
-8067
6545
15072
16079
17576
16987
9498
3455
13455
27940
28400
16425
12481
15079
13487
9100
7368
9138
8563
4709
925
-602
-3277
-7090
-9296
-5100
-331
-2863
-9920
-13755
-11221
-6524
-2805
-1168
-855
-2007
-1967
483
5876
10547
10947
10212
11882
15194
16464
15361
14539
14516
14164
14061
13605
12681
9572
5780
3625
3770
4011
2210
-1167
-3406
-3546
-3606
-3286
-3306
-3216
-3947
-5051
-2419
432
-74
-235
1269
3830
5507
5931
6358
7083
7140
7631
8292
8663
7499
4005
1804
1609
708
-1127
-5331
-9524
-12996
-14648
-14649
-14398
-15882
-20875
-26038
-27407
-25427
-24464
-24007
-26853
-26811
-24256
-19778
-11358
-3482
-8076
-17196
-12440
1675
14451
15300
17444
17075
10922
2785
10024
25343
28451
17580
11425
15121
13866
9057
5528
7885
8787
6356
2449
173
-3297
-7602
-10363
-6545
-578
-1858
-9224
-14406
-13029
-8788
-5053
-2491
-789
-976
-2228
-1707
2828
8643
9985
9994
12227
15602
15656
13981
12972
13426
13344
14233
14679
13362
9238
4318
1707
1782
2851
1373
-975
-4724
-5847
-6129
-4325
-5254
-5738
-5999
-4787
-3199
-2311
-2433
-2038
230
2369
4628
5413
6352
4899
5374
6937
9149
8488
7372
3702
1885
720
580
-1187
-4142
-8246
-11622
-13891
-14465
-14166
-15604
-19413
-23517
-25050
-25415
-25469
-25389
-26763
-25040
-22265
-16542
-8874
-4086
-13364
-17688
-8030
7669
16434
16421
18427
15309
7490
2326
16570
30617
29203
14995
11924
14839
13167
9044
8815
10300
8682
4162
885
-935
-4733
-8759
-9930
-5154
-989
-4567
-12435
-16155
-13090
-8235
-3818
-1894
-1066
-2616
-2936
-772
5244
10675
11982
12099
14169
16361
16108
15370
15488
16459
16317
16553
15299
12859
8702
5780
4691
4739
3634
1897
-2212
-6076
-6263
-4755
-4878
-5478
-7104
-7134
-6239
-5493
-5108
-3072
-1359
-428
811
2741
4076
3641
3108
4612
7252
7538
6290
4444
2046
24
-451
-1606
-2550
-6011
-11208
-15460
-16359
-16501
-16335
-18216
-21938
-25479
-27521
-27490
-26580
-25313
-26072
-24533
-21968
-16210
-8112
-3559
-9187
-14290
-3033
10707
17012
12688
17614
19151
13922
6832
16990
29630
25645
12567
11038
19738
17041
8866
4838
8297
7081
3379
205
-870
-4216
-8667
-10973
-6967
-2343
-4963
-11823
-13803
-9571
-6472
-5101
-3512
-933
-201
-197
1659
6230
10267
10538
11877
15802
18908
17276
15590
15820
17194
16788
16713
15691
14033
9397
5370
4378
4858
3533
-310
-2883
-4116
-4139
-5811
-5464
-4844
-4802
-4976
-4349
-2244
-1009
-1926
-2318
2040
4859
5141
4922
6192
5881
6973
7750
8382
7599
5863
2777
1193
523
-1187
-3954
-7249
-10294
-14133
-16870
-18278
-18423
-19861
-23092
-25880
-27154
-27924
-29205
-28977
-27336
-26404
-24766
-22022
-18477
-10915
-3558
-5721
-11190
-5771
6561
14981
15363
18013
19480
13323
5936
11294
24971
27307
17062
10261
13661
12951
7822
4643
6679
6804
2836
-869
-2623
-5372
-9440
-11728
-8760
-3697
-3733
-9296
-13375
-12443
-8646
-5184
-1106
1666
1395
-884
130
5375
11658
13704
13834
14520
16123
16227
15573
15561
15296
14087
13261
13044
10894
7289
2957
380
354
827
-427
-3887
-5092
-5823
-7542
-8767
-6373
-5563
-3473
-4134
-3825
-2144
-2239
-2171
2691
6541
7747
7061
5293
6744
8354
9413
8893
8810
6693
4055
192
-900
-2796
-4448
-7605
-10783
-14049
-17449
-18831
-18675
-19036
-21356
-23124
-24634
-24383
-24595
-23807
-22364
-23329
-23887
-19939
-15635
-11120
-1521
4653
-2489
-10424
-2500
13229
22340
20259
20591
20553
13364
3684
11305
26831
27446
15053
9402
12265
9064
3101
1632
5999
7089
3333
-2578
-5744
-7655
-9548
-9552
-4428
740
-2020
-9337
-12250
-8684
-3645
1039
3824
4380
2737
2048
4445
10137
15674
16092
14428
15295
17122
16667
15374
14296
14207
13758
12701
11540
9649
5137
731
-225
618
603
-2034
-4784
-6477
-7118
-7624
-5667
-3511
-2757
-3409
-3900
-1487
621
1792
3543
6161
5807
5393
5830
7365
8358
8704
7386
5839
4225
3662
1995
86
-2482
-5118
-8372
-10859
-12450
-14159
-16159
-17542
-18713
-20219
-20893
-21476
-21930
-22194
-22058
-22102
-21082
-21678
-22046
-19499
-13829
-10228
-2905
4826
3676
-5708
-5151
8110
21149
23249
19590
19691
14563
5700
4867
19657
26269
17560
6237
6859
7561
4113
1096
3181
5131
2111
-2246
-4332
-5371
-7685
-9039
-6254
-1120
-228
-4578
-7856
-8282
-5722
-1458
3253
4698
3766
2580
3667
6598
10299
11959
12890
14029
14734
13888
12536
11399
10365
9980
10190
9911
7760
4231
277
-2241
-1624
-735
-915
-3704
-4812
-5949
-5052
-3346
-1762
-2938
-904
467
1096
3270
2868
3262
4773
5113
4414
6951
6468
4882
3090
3646
3428
2380
595
-916
-3213
-5430
-8448
-10437
-11945
-13621
-15578
-17382
-18822
-19931
-21112
-21204
-21162
-21277
-21015
-20892
-21476
-21436
-20435
-19896
-16986
-11395
-7546
-4788
1850
5211
177
-3031
5114
17023
22060
17856
17327
16363
10337
3881
11102
21102
19723
9208
6113
7946
5690
1107
177
3333
4295
1170
-2250
-4506
-6510
-8217
-7308
-2706
798
-1593
-6865
-9291
-6773
-2381
426
2193
2880
2834
1865
3205
7150
10148
9676
10112
11497
12539
11412
9156
8162
8004
7997
8312
8293
5633
1503
-1367
-1606
-1176
-539
-690
-720
-2114
-3754
-4048
-2330
-1775
651
2014
1914
2055
1168
980
2951
4679
3968
4420
3989
2971
1667
2384
1640
-102
-1142
-1010
-2766
-5456
-8242
-10095
-11362
-12091
-12887
-14391
-15909
-17094
-17288
-17339
-16790
-16619
-16818
-17183
-16491
-16334
-15367
-14441
-14776
-12463
-8579
-6421
-4834
4134
8224
3888
-4216
1661
12297
19057
16379
17648
17699
9712
810
6716
20361
21422
13282
7414
8203
6626
4561
4599
8316
9326
5658
998
-429
-197
-1823
-2534
310
3617
1855
-3080
-5807
-4294
-853
1662
3546
4564
4022
1436
1993
6221
10534
10790
10328
10395
11091
10286
9198
9376
10308
10062
8641
7830
6185
3249
826
1780
3124
3237
1914
1939
1034
-569
-851
1149
1677
2601
2908
2371
2228
613
170
1480
2164
653
1015
1276
498
-866
-1196
-1815
-2512
-2861
-3247
-4400
-6537
-9737
-11525
-11473
-10671
-11398
-13578
-15785
-16530
-15899
-15166
-14615
-14447
-14510
-16000
-16175
-15610
-14425
-14647
-14641
-12435
-7811
-6618
-4572
2733
4625
-2962
-6763
3909
15233
16984
12077
14557
14090
5950
-760
10734
22473
18437
7100
6523
10576
8453
3883
4720
8853
8029
3782
277
55
-1116
-3544
-3932
183
3119
-672
-6426
-8201
-4893
-1870
155
954
1639
145
-1354
447
5306
8605
7669
7047
8541
10620
9449
8208
8386
9476
9059
7818
6393
5606
3800
1999
1795
2905
3041
1589
-219
-1208
-600
-305
-1071
-1035
-193
115
-600
-1758
-2413
-1152
-456
-312
-1089
-715
-1008
-1890
-1968
-628
-1246
-2417
-3155
-3327
-4223
-6156
-7644
-8418
-8399
-9120
-10610
-12878
-13498
-13444
-12953
-13009
-13670
-14602
-15416
-16246
-15764
-14546
-14114
-15710
-16668
-15703
-12331
-10158
-6262
2054
4009
-4021
-9953
-565
11147
16657
13534
16203
13507
5264
-1809
8597
20614
19196
9010
7105
9677
6401
2317
2826
7018
6862
3244
-671
-2411
-4055
-6276
-6310
-1615
2047
-1829
-8384
-10386
-7053
-3419
-857
758
1124
-462
-1785
687
6145
9601
8734
8527
10451
12503
11174
9871
9646
10662
10630
10469
10085
8383
5188
2275
2818
4331
4622
2733
2332
-136
-1987
-2406
-1041
-1223
-445
-1820
-2287
-2175
-2958
-3598
-2569
-1507
-1146
-703
-793
161
-296
-868
-1436
-661
39
-75
-1725
-3764
-6220
-6991
-7317
-7439
-9080
-11170
-12761
-12592
-12268
-12860
-14314
-15124
-15284
-15801
-15660
-15070
-15163
-17150
-17422
-12818
-7718
-3461
3746
5590
-2976
-8826
275
14322
20767
18121
18504
16668
8610
1398
11354
25366
24101
11865
9416
13200
10445
4548
4144
9018
9630
5177
21
-2231
-4109
-6606
-6928
-1992
2109
-1813
-9524
-12251
-8358
-4226
-2196
-889
499
-147
-2073
-1019
5189
10250
10099
9650
12179
14478
12940
11261
11321
13015
13557
13574
11876
9706
6898
4555
4125
5817
6607
3770
629
-1611
-1727
-925
174
-1235
-2131
-2637
-2751
-2898
-1355
-724
-108
593
549
905
2009
2161
1854
2429
2653
2596
2169
1463
-177
-2183
-3377
-4282
-5391
-7343
-9712
-11665
-12665
-12373
-12783
-14347
-15852
-15932
-16465
-17282
-18708
-18508
-18415
-19281
-17465
-12633
-9648
-4771
1809
4
-7589
-6655
4718
15466
18023
16737
17109
12689
4801
3514
16544
24352
18512
8791
9428
9712
5978
1897
4056
6746
5168
160
-3565
-5471
-7612
-10255
-8221
-2760
-1310
-6975
-12695
-13123
-9328
-5883
-2926
-840
-227
-1617
-2125
1035
7081
9870
9836
11101
13749
14116
11762
10391
10988
12342
12599
12177
10408
7016
2268
270
1129
2812
3574
1979
-596
-3817
-5221
-4421
-1537
-530
-3
-1045
-2333
-3938
-4229
-2299
1281
2128
1331
1190
1757
1417
869
1646
3121
3532
2624
1165
-1027
-3378
-5312
-6163
-6776
-8502
-11204
-13783
-14863
-14475
-14592
-15919
-17383
-18286
-19192
-19727
-19491
-18727
-19148
-18477
-14822
-11651
-2856
4734
2594
-9307
-7214
5329
17938
18638
19329
20927
14862
4314
4210
20385
27115
19692
9993
13392
13303
7609
2197
4709
8148
6674
2040
-1756
-3955
-8167
-11605
-8982
-858
1121
-5663
-13080
-13271
-8837
-4691
-1227
825
1183
-1436
-2256
1215
8140
9823
8893
10155
14295
14924
11619
9587
9471
10860
11592
12741
10818
7316
1780
-980
-204
2887
3165
282
-3564
-5486
-4826
-4166
-2948
-1590
-1220
-3141
-2913
-2693
-1997
-1250
1007
2480
2776
1587
1142
1962
3010
3966
3925
3763
2349
781
-628
-1659
-2594
-4111
-6365
-8225
-10385
-12959
-13954
-13253
-13640
-15366
-16779
-17818
-18886
-19178
-18419
-17765
-19127
-18861
-14842
-11156
-5096
4323
5997
-4096
-7956
2840
16864
22297
20598
21104
17090
8803
4030
16461
28013
24116
11813
11019
13587
9290
3100
2876
6875
6847
3506
-1207
-4690
-8147
-11168
-10246
-3631
978
-3583
-11862
-14363
-10061
-5648
-2037
478
1409
-286
-1396
979
7332
11313
10885
10715
13472
16223
14449
11950
10577
11532
12094
12500
11165
8367
3927
-563
-1316
350
2753
1610
-895
-5043
-6120
-5535
-3602
-1909
-637
-1352
-2386
-2687
-4349
-3952
-1031
2017
1663
2452
1765
1098
285
1045
1272
2390
2225
692
-2284
-4598
-6074
-7176
-7874
-9264
-12094
-15102
-15603
-15056
-15280
-17149
-19278
-20695
-20756
-20920
-20406
-19910
-20159
-18903
-15947
-8721
2182
5353
-4113
-10192
-1906
12498
20602
21387
23633
20025
9294
1931
13006
27095
26809
16008
12973
14705
11452
5625
3822
7285
7752
4910
848
-2124
-6547
-11571
-12739
-6618
-372
-2574
-10700
-15969
-13909
-9941
-5967
-2501
-291
-2095
-4740
-3508
2586
7565
8090
7912
9382
11675
11282
10152
8941
8818
8792
9783
9562
8127
4187
353
-977
221
826
-788
-1856
-3301
-5071
-5682
-3685
-2860
-1517
-2154
-2214
-924
-263
-1914
-777
1640
2606
2383
2545
2866
3070
2902
1558
1248
1736
1020
-988
-2754
-4412
-6281
-8132
-10077
-12182
-14486
-15771
-15362
-14375
-15265
-18379
-20628
-20819
-20214
-19776
-18759
-18518
-18924
-17866
-15934
-12816
-2506
5540
1897
-6858
-2274
9126
17902
17987
20627
22641
17109
6242
7719
21691
26539
18024
11638
15188
14136
7358
2483
5748
8057
5312
1377
-593
-2439
-6869
-10377
-8231
-2076
-775
-5788
-10798
-10573
-7776
-5435
-2749
244
1215
-985
-1920
2103
8508
10143
9018
9366
12235
12736
11547
10221
9791
9698
9196
8689
7987
6068
1712
-1330
-1248
-280
-116
-1840
-2611
-2287
-2399
-4169
-3522
-1828
-539
560
644
1281
658
-132
664
3515
4246
4530
4047
3847
3661
3817
2286
1194
1378
1437
-740
-2824
-4926
-7364
-9289
-10344
-11580
-13808
-14099
-13785
-15114
-17252
-18041
-18229
-18829
-18070
-16586
-15671
-18394
-20598
-17285
-11779
-6213
3054
8483
-21
-10171
-3987
12278
22510
20652
19846
18849
12071
2288
8026
22484
25128
14932
10292
13484
11244
4178
783
4872
7955
6469
2019
-1483
-4772
-9101
-10684
-5544
1238
225
-7447
-12354
-10548
-6869
-3372
-709
826
-50
-1718
-1127
3721
8104
7378
6287
9026
13124
12213
9113
6665
6722
7578
9269
9664
7401
3302
-1120
-2524
-1201
963
221
-1774
-3931
-3704
-3626
-2830
-2135
-1080
-507
1024
1639
1181
1581
2672
3664
3911
4275
4307
4364
3666
3241
2928
1983
275
-1143
-1699
-2660
-4017
-6344
-8777
-10920
-12663
-14279
-14756
-14223
-14710
-16730
-18579
-19164
-19272
-18993
-18342
-17998
-17573
-18943
-20183
-18040
-13158
-9362
-1451
5409
2333
-6721
-5032
6836
17441
19187
18522
19720
14702
4664
3009
16197
23169
17275
9611
10872
10236
5048
210
2024
5188
4706
1501
-1854
-4389
-8671
-11650
-8745
-2167
-297
-5534
-10876
-11402
-8444
-5218
-1984
-334
378
-629
-619
1864
6163
7111
6457
8531
12534
12708
10033
8035
7403
8048
9546
11144
9642
5925
1239
-661
689
3101
3286
2286
822
-1446
-2277
-282
1389
792
1034
3287
4158
3130
1565
2272
3919
5289
5074
5434
5433
3978
1691
1696
2431
1826
-5
-1286
-2249
-4152
-6788
-9321
-10670
-11149
-11674
-12834
-13594
-15063
-16625
-17399
-16831
-16624
-16930
-16954
-16745
-16603
-16954
-17298
-14874
-11618
-6835
2173
8315
2148
-6596
-3227
8452
18467
20015
21765
20354
12882
2080
5799
19641
24489
16084
10545
12992
10956
4582
602
4324
7108
6342
2962
77
-3690
-8848
-10518
-5613
1468
1495
-4702
-10082
-9468
-6201
-2741
154
2412
2479
825
149
2929
6962
7259
6941
9216
12675
11473
8779
6599
6476
6689
8754
10348
9279
4819
-319
-1307
902
2935
3542
3615
1511
-1106
-1724
368
2877
3402
3005
4235
5022
3502
1849
3333
5186
5959
5575
5689
5416
4028
2084
1994
2667
1894
640
85
-1800
-5000
-7480
-8725
-9862
-10489
-10982
-12592
-14263
-15047
-15926
-16648
-16100
-15511
-15935
-16221
-16152
-16555
-17731
-18629
-15523
-11175
-5892
1767
6127
-23
-8326
-5204
6356
17977
20404
20469
16973
9940
447
3986
17125
22867
16054
10074
10869
7579
2122
-464
3680
6371
6168
2715
-1314
-5732
-10216
-10424
-5235
1385
1422
-4084
-9933
-10602
-7902
-3737
-368
2031
1874
-189
-1637
781
4984
6048
6748
9116
12359
10660
8067
6071
6610
7670
9277
10000
8572
5078
-1038
-2847
-858
2877
3258
2034
-1316
-3450
-3304
-2118
128
1881
2297
773
519
-1345
-1938
-917
1327
935
1275
1038
338
-1887
-3082
-2997
-1849
-1347
-2294
-3889
-6619
-8888
-10362
-10386
-11067
-11093
-12451
-13945
-15170
-14966
-14986
-14963
-14628
-14254
-14010
-14325
-14986
-15911
-16203
-16013
-11670
-7813
-2205
4107
6614
-1918
-6965
-1017
11334
20120
21351
20651
15399
7656
164
7322
19316
23082
14619
9836
8971
5792
1831
919
4861
6137
4663
394
-2915
-7388
-11011
-10813
-5178
573
-84
-5892
-11386
-11286
-8325
-3698
-98
1900
387
-1793
-2392
1250
4638
5631
6107
8533
10796
9367
7427
5748
6166
6656
8694
9667
8913
4338
-1022
-1727
1397
4364
4316
3831
1567
-264
-965
760
3464
4685
4187
3887
3866
1771
932
2037
4022
4650
5052
4170
3109
1172
380
728
2346
2171
812
-1305
-4016
-6347
-8058
-8155
-8812
-9037
-10716
-12352
-13864
-14025
-14247
-13976
-13459
-13403
-13928
-14399
-14690
-15520
-15880
-14804
-10465
-7655
-1456
5186
6212
-3479
-6777
492
13410
20164
20155
19271
13839
5825
-150
9769
20424
21562
12126
9441
8702
5813
1761
1536
4967
5754
4564
506
-2487
-7489
-11046
-10047
-2997
2716
1020
-5897
-10725
-9719
-5908
-682
2925
3917
1286
-498
-381
4359
7430
8243
8556
11294
12817
11188
9186
7020
7376
7606
10199
10320
8983
3524
-1161
-1493
2317
5705
5412
3761
475
-899
-1440
1480
4086
5153
3442
2972
1824
424
13
1188
2521
3479
3393
2022
1009
-716
-1523
-1173
875
555
-637
-3227
-5517
-7609
-8433
-8682
-9287
-10410
-12064
-13369
-14225
-14089
-14558
-14641
-14545
-13972
-14398
-14908
-15521
-15697
-17075
-14437
-10240
-4924
2543
5984
-219
-8128
-4067
5506
16657
19344
20419
15340
8725
-117
3302
15075
20661
14677
8927
8844
5887
1946
-779
1696
3510
4204
1798
-1445
-5620
-10732
-12808
-8305
90
2366
-2555
-9632
-11276
-9289
-4266
504
3343
1967
-940
-2035
599
5112
6863
6637
7463
10784
11067
9858
7239
6107
5615
7400
9596
9890
7231
1609
-1756
-1354
2900
5424
5360
2005
-940
-2787
-1358
1734
3285
2881
2473
1453
-288
-1272
-951
245
1114
2200
2237
1811
-215
-2250
-3415
-2018
-397
-497
-2523
-5693
-8442
-10470
-10670
-10595
-11322
-12993
-14452
-15529
-15640
-16108
-17006
-17584
-16704
-16051
-15547
-16252
-16979
-19099
-16744
-12767
-2642
6076
6412
-5189
-9947
-3251
8253
16806
21096
23051
15258
4490
-2061
8800
19283
20905
13679
12906
11355
6479
1342
996
3856
5010
5762
3549
173
-6702
-11793
-12228
-5257
1966
2315
-3654
-9637
-10565
-8338
-3232
1355
3859
1275
-1305
-1573
1830
4577
5805
6662
8963
11350
11078
9685
6783
6161
6543
9744
11340
10918
6577
1929
-95
1390
5461
8396
7294
2175
53
43
1779
3749
5870
5844
4751
2239
303
683
2141
2541
2970
3954
3994
2433
-296
-1531
-1639
-665
-218
-147
-2428
-5668
-8621
-9577
-9893
-10243
-11755
-13853
-14993
-14646
-13863
-14955
-16966
-17959
-16783
-15527
-15614
-15112
-16803
-17456
-16377
-8907
1826
6644
-698
-9327
-6401
1985
11947
17357
22742
18521
9583
-690
4026
15165
20963
16151
12956
13500
10114
5022
1408
3957
5276
6499
5044
3522
-1169
-7237
-10341
-6604
462
2712
-448
-6012
-7806
-7452
-4259
-655
3342
3629
1452
-205
1831
4584
5119
5855
8095
11293
11005
10048
7611
6123
5087
7209
9448
9746
7290
2765
-268
-734
2120
3633
3508
824
-547
-1216
-159
325
1184
2573
3115
1757
741
970
1067
1368
2139
3769
3755
2802
731
224
188
835
-128
-1102
-2689
-4353
-6576
-8364
-9252
-10124
-11848
-14225
-15229
-15322
-14456
-14695
-15940
-17147
-17648
-17850
-17324
-16160
-15814
-16455
-15085
-13119
-5947
489
1841
-5589
-6560
-1993
6559
12108
17395
19073
13755
4951
391
8873
16821
18059
12417
11957
9661
6372
2551
2910
4772
5767
5481
3254
882
-3938
-7165
-7637
-2757
1236
1100
-4055
-7983
-8000
-5815
-3039
-31
2362
1404
-400
-997
2718
5572
6724
6403
8799
10786
10493
9121
7825
7674
6992
7695
7831
7902
5292
2055
-31
1013
3746
4435
2100
-603
-322
34
1160
2595
3398
3019
2737
1689
1193
2734
4033
4397
4908
4876
4015
2968
1838
1602
1995
2008
401
-1402
-3786
-5406
-7095
-7664
-8662
-9902
-11971
-14355
-15479
-14747
-13601
-14187
-15614
-16483
-17635
-18243
-17588
-15397
-15865
-16123
-15321
-11200
-3769
1268
-1674
-8351
-6619
-725
8094
12977
18953
17184
10576
853
2080
11328
17983
15645
11932
11971
8495
4571
1755
4261
5371
6358
4569
2826
-837
-5374
-8006
-6266
-1157
1157
-370
-5796
-8713
-8906
-5508
-1903
1382
2052
603
-1037
-445
3205
6003
7493
7196
8268
8914
9246
7910
6988
6078
6066
6814
7605
7482
4909
2199
616
3019
4656
4097
1312
282
749
2912
3571
3563
3511
2554
534
1079
3472
4847
4787
4065
3780
3629
3241
1872
1873
2393
2745
1524
-507
-3096
-5342
-7273
-7731
-7677
-9251
-12107
-14740
-16154
-16203
-14919
-14760
-16715
-18329
-19034
-19254
-19401
-18543
-18683
-16549
-14501
-8170
-1992
-487
-7952
-10507
-5098
4147
11490
15216
17983
13482
6165
-16
7481
15713
18539
13153
12119
10804
7588
3500
2397
4220
5566
6461
4487
2347
-2627
-6571
-7733
-3185
1045
1463
-2642
-6964
-8122
-7110
-4162
-1133
1943
1776
1045
30
1385
2850
4740
6897
9332
10833
9893
8543
6764
7128
7223
8717
9277
9603
6985
3777
1712
3201
5127
3796
1940
868
752
463
876
1778
3977
3475
1327
517
1209
1102
2104
3293
4540
5016
3783
855
-654
-82
363
784
4
-2149
-5691
-8516
-10545
-11353
-12016
-13142
-15277
-17731
-19261
-19611
-19317
-18968
-19155
-19550
-19910
-19832
-20142
-19812
-20348
-18274
-15286
-8020
-1434
-300
-6967
-10142
-5086
3070
10758
15379
19650
15715
7801
522
7197
16060
19907
15914
14995
13841
9641
5250
4964
7921
8987
9439
8316
6791
1558
-3295
-4730
-385
3933
4287
867
-3885
-5987
-5564
-2674
-187
2165
2334
1958
1047
2267
3407
4370
6164
8880
10734
9671
7938
5200
4018
4289
6971
8246
7856
4683
1321
-538
182
1541
2316
2124
753
-777
-1473
-1112
-226
1278
2701
3520
2512
1375
639
1775
3155
5521
6641
6771
5137
2953
1968
2719
4023
3662
2328
173
-2072
-4714
-7104
-8440
-8926
-10021
-11974
-14176
-15340
-16021
-16033
-16677
-16601
-16623
-16700
-17908
-17962
-17824
-17173
-14969
-10783
-3190
953
-1243
-8331
-6886
-2059
6105
11035
17069
16961
11206
1960
1012
8909
15343
16127
13849
13724
9474
4981
1664
4018
5962
7406
6795
5528
2065
-2958
-5604
-4101
1163
3804
2844
-1659
-4653
-6194
-4541
-1475
1949
2991
2155
1311
1386
2603
3728
5529
7364
9941
10185
8839
6517
5259
4566
5116
6394
6806
5345
1917
-1179
-2177
222
1914
1460
-855
-1346
-1848
-1869
-1393
1398
2790
2974
2184
2185
1983
2374
3390
5260
7329
7725
6740
5009
4184
3721
3926
3523
2865
1083
-1238
-3937
-5945
-7477
-8526
-10200
-12087
-13210
-14117
-14520
-14721
-15079
-15384
-14907
-14904
-15043
-15248
-15530
-16150
-16758
-14649
-11460
-3944
1129
211
-7906
-9514
-4547
3526
10143
15488
17439
11263
1888
-2932
5430
13352
15712
12568
12620
9221
3571
-459
1533
5162
6840
6735
4384
1042
-3786
-5878
-4953
-49
3064
2351
-1813
-5066
-6735
-6310
-3515
-131
1804
720
-257
-933
701
1874
3724
5811
8300
8543
6589
5121
3641
3623
3628
5413
5902
5014
1920
-442
-994
-252
230
586
976
116
-1135
-2111
-1540
536
2039
2068
2452
2191
928
930
3249
5424
6482
6106
5294
4273
3686
3565
3531
3180
1924
430
-1219
-2979
-5070
-7052
-8890
-10079
-11118
-12096
-13127
-13763
-14760
-15611
-16270
-15366
-14866
-15287
-16100
-16069
-16274
-15847
-14247
-8461
-584
3632
-432
-7746
-8667
-2197
7122
14147
19043
16667
8415
-2053
-2080
6053
14777
15447
13007
9799
5975
769
-1901
344
4242
6965
6505
4310
-418
-4954
-7060
-3880
1469
4946
3490
-1219
-5094
-6097
-3928
137
4023
4881
4064
2891
3100
4241
6541
8246
9994
11541
11735
10065
7266
5529
5301
6933
8355
8924
6962
3855
556
-753
419
2598
2992
1215
-1244
-2872
-2374
-983
541
2190
3050
1754
490
624
1906
3209
4538
4869
4672
3957
2755
1649
1473
1572
969
-195
-1699
-3535
-6108
-8037
-8990
-9550
-10490
-11844
-12794
-12710
-12369
-13268
-14122
-13563
-12729
-12231
-12170
-11682
-12435
-11912
-10230
-3403
2620
3026
-2818
-4629
-934
4098
9000
13272
16394
12313
6089
1542
6153
10587
11882
9664
10696
9766
5750
1495
182
1109
1799
3917
4272
2820
-2128
-5876
-6502
-2417
1365
1996
-592
-3629
-5063
-4939
-2684
-473
1393
1109
1660
2288
3674
4212
4672
5530
7877
10330
10745
9521
6612
5079
4928
7122
8506
8764
6381
2723
-648
141
2980
4107
2889
804
-1240
-1848
-1011
402
2297
3074
2101
700
690
853
1817
2610
3948
4529
4243
2352
801
91
144
225
-394
-1682
-4077
-7175
-9892
-10916
-10867
-11461
-13281
-15436
-17346
-17656
-17122
-16033
-16151
-16280
-16758
-16309
-15740
-14526
-13957
-13686
-12768
-9041
-1557
2236
206
-5046
-4164
-12
6299
10676
15185
15005
9832
3183
2870
8586
12425
12273
10532
10516
7932
4685
1575
2152
3337
5284
5734
4648
1565
-2692
-4706
-3123
910
2535
1432
-2036
-4055
-4789
-3261
-972
864
1057
467
313
1456
3169
3829
4170
5269
7144
8192
8175
6934
5586
4505
4545
5611
5958
5234
2941
849
-89
865
1039
939
-265
-1897
-2717
-2095
-616
710
1078
296
144
177
773
1768
3198
3572
3606
2958
2496
1645
1093
378
-308
-1130
-2306
-4189
-6749
-9092
-10766
-11544
-11889
-12669
-14524
-16720
-17979
-17987
-17165
-16196
-16098
-16570
-18046
-18062
-17535
-15658
-14443
-9838
-3765
-769
-3969
-6679
-4195
-252
4436
8320
14033
14360
10578
3538
4308
9137
12962
12160
12389
12708
9509
5520
3670
5121
5240
5932
5687
6102
3767
256
-2969
-2333
1506
4131
3904
1373
-614
-2028
-1130
780
3499
4504
4659
3723
4600
6065
6957
7465
8735
10638
11058
10662
9494
8412
6837
6396
6587
7181
6504
4175
1409
116
561
352
44
-141
-809
-2785
-3680
-3457
-2041
-761
-112
-848
-1064
-1280
-784
91
1749
3017
3401
3001
1843
1005
772
1156
1059
524
-810
-2743
-5164
-6599
-7289
-7680
-8629
-10281
-11912
-13254
-13795
-14269
-14568
-14559
-14511
-14485
-14354
-14168
-13761
-12867
-10603
-4367
879
912
-3881
-3699
-265
4240
7300
12033
14632
12574
6396
3668
8033
11458
11362
9758
11650
10639
7623
4383
4796
5117
5436
5694
6034
5369
2749
-444
-2026
607
3087
4374
2872
1085
-654
-571
846
3011
4195
3801
3116
3063
4341
5067
5801
6118
7265
8192
9217
8558
6453
4906
4448
5518
6332
6445
4612
2075
-127
-1027
-726
164
205
-708
-1848
-2280
-2173
-2194
-1937
-571
284
442
204
232
51
-7
808
2120
2641
1880
771
-489
-1146
-1578
-1661
-2417
-3865
-5909
-7504
-8974
-10007
-11029
-12597
-14496
-15775
-15485
-16051
-16844
-17654
-17610
-18190
-17443
-16510
-15249
-15050
-14299
-8768
-2736
-1625
-6420
-5838
-2553
2487
4434
8203
10718
10810
5455
2615
6822
11439
11086
7898
9255
9112
7512
4527
5057
4623
4978
4407
4372
4248
3284
1286
-292
1777
3323
3991
2276
2030
1010
1558
2427
3803
4533
4804
4876
4939
6216
6886
7726
7738
8774
9464
9918
9176
8132
7128
6223
6115
5548
5423
4438
3078
864
342
-19
-502
-1134
-1352
-2018
-2653
-2540
-2706
-2856
-2494
-2159
-2233
-1975
-1569
-1300
-1359
-688
51
658
488
244
-210
-256
-294
-858
-2014
-3346
-4503
-5988
-7097
-7995
-8778
-10337
-12055
-13917
-14331
-14136
-13945
-14396
-15146
-15518
-15560
-14182
-13318
-12234
-12889
-8807
-2807
784
-2593
-4849
-3100
770
4492
7290
11565
11890
8864
2526
4360
8649
11029
7874
7920
8094
6506
3350
2110
2806
2397
3124
2562
2749
947
-765
-2864
-1155
668
1764
581
-492
-853
-759
734
1681
3219
3101
3530
3434
5317
5774
6079
6325
8085
9783
10481
10005
8318
7652
7361
8504
8275
7625
5684
3909
2050
2563
3116
2929
1770
984
261
-231
509
937
1105
505
490
176
440
37
412
704
1683
1850
2235
1716
1143
540
613
1247
1006
20
-1911
-3327
-4535
-4984
-5541
-5822
-7153
-8839
-11155
-12438
-12955
-12620
-12242
-12366
-12826
-14210
-14176
-13420
-11903
-11741
-10256
-5022
15
228
-3946
-3757
-756
3711
6009
10007
12462
11995
6244
3239
7250
11984
11896
8958
9154
8127
5753
3122
3711
3430
3469
2884
2583
1751
223
-2181
-3105
-707
1313
1725
-335
-1630
-2279
-756
814
2520
2667
2442
1638
2044
3891
4896
5083
4827
6006
6324
6751
5932
5261
4732
5342
5592
5598
4575
2408
361
-74
510
1227
1378
-52
-1289
-2429
-2198
-1571
-219
89
96
-955
-1210
-1026
106
1001
1575
1954
2015
2087
1931
1824
1419
1438
1240
1098
64
-1016
-2640
-3848
-5063
-4971
-5164
-6799
-9372
-11396
-12117
-12035
-11718
-11854
-12151
-12780
-13209
-13279
-12599
-11588
-10872
-7358
-2204
84
-3160
-5068
-3532
-55
3419
7051
10146
10043
6634
2179
3712
8125
10432
8135
7451
7185
5395
2489
1838
2186
2281
2400
2077
1870
408
-1589
-3580
-2163
393
1770
498
-1086
-2342
-1735
274
2151
3331
2993
2275
1706
3218
5105
6492
5833
4922
4658
5227
5957
5827
5017
4247
3977
3555
3060
1947
782
-173
97
754
809
-128
-896
-2081
-2065
-923
742
1562
1329
586
-289
247
1310
2446
2722
2842
2455
2143
1379
1371
1483
1735
1268
752
-666
-1649
-2370
-3150
-4133
-5061
-5791
-7190
-8893
-10653
-11089
-11162
-11416
-12539
-12750
-12780
-13267
-13675
-13093
-12233
-11598
-9909
-5595
-1435
-1414
-4282
-4221
-1161
2961
5654
8453
9902
9057
4989
3318
6199
9686
9117
7002
6699
6156
4000
1914
2165
2348
2403
1815
1540
927
-24
-1812
-2466
-851
900
906
-434
-1389
-1672
-339
1419
3089
3361
3413
3140
4286
5806
6747
6503
6210
6422
7505
8551
8589
7554
6015
4941
4313
4903
5112
4425
2599
1134
495
524
434
-63
-496
-1052
-1028
-729
-273
-570
-1109
-1677
-1596
-1102
-520
-211
-356
-545
-715
-720
-828
-1106
-1443
-1735
-2231
-2731
-3419
-4369
-5606
-6776
-8159
-8523
-8858
-9897
-11687
-12916
-13142
-13156
-13347
-13445
-13463
-13814
-14101
-14145
-12817
-11502
-8766
-4945
-2052
-3606
-5111
-3918
-879
2466
4835
7295
8176
7247
3584
3507
6189
9189
8045
7066
6963
5933
3233
1912
2299
2303
2586
1819
1236
203
-516
-2004
-1571
-73
1690
1190
204
-447
-180
1499
3104
4893
5739
6347
5870
6371
7302
8374
8385
9112
9590
9498
8895
8146
6613
5389
5392
5550
5215
4061
2470
213
-733
-308
78
-661
-1067
-1844
-2957
-3091
-2309
-2110
-2247
-2148
-2417
-2875
-3508
-3122
-2737
-1933
-1385
-1017
-1573
-2259
-3070
-3039
-2608
-2039
-2288
-2804
-4285
-5967
-6904
-7377
-7324
-7471
-7657
-8712
-10006
-10782
-10691
-10543
-9825
-9297
-9512
-9902
-9596
-8943
-8632
-7380
-3685
-636
-618
-2940
-3014
-1135
1874
3939
6107
7688
7821
5204
3135
4967
7463
8225
7133
7758
7408
5691
3456
3215
3584
4293
4346
4092
3479
2383
1016
415
2087
3384
3817
2750
2217
1559
2484
4126
5499
6054
6478
6296
6065
7086
8031
8529
8682
8750
7969
7505
7342
6779
5459
5239
5081
4471
3162
1893
676
218
-62
-158
-485
-1109
-1815
-2534
-2568
-1884
-1356
-1228
-959
-1502
-1889
-2477
-2431
-2165
-1375
-1199
-1470
-2179
-2977
-3239
-3183
-2699
-2710
-3564
-4852
-6056
-6892
-7565
-8280
-8564
-8682
-9060
-10700
-12022
-12540
-12277
-11970
-11205
-10096
-9634
-9846
-10017
-9294
-8227
-7213
-4823
-1667
-203
-1705
-2793
-1955
474
2762
4754
6343
7052
6043
3439
3800
6222
7636
6676
6491
6868
6357
4768
3628
3401
3967
4381
4100
3826
3270
1806
522
1683
3067
3835
3222
3066
2859
3038
3540
4411
5278
6155
6309
5625
6048
6775
6715
6077
6909
7589
7474
6662
6178
5435
5271
5073
4679
4298
3885
2878
1884
1633
1850
1619
1090
1000
424
-82
-435
10
233
657
503
147
-333
-523
-435
-432
-305
-449
-493
-995
-1657
-2369
-2665
-3121
-3832
-4684
-5534
-6440
-7507
-8791
-9682
-9987
-10457
-11257
-12013
-12196
-12042
-11653
-11764
-11634
-10950
-10515
-10340
-10017
-9100
-8432
-7997
-7969
-6826
-4400
-2046
-1995
-2541
-2477
-1610
-318
987
2752
3719
4239
2932
1930
2303
3985
4177
4177
4598
4324
3406
2581
2750
2652
3084
3397
3448
2770
2645
2994
3085
2942
2953
3045
3054
3205
3204
3509
4306
4411
3459
3453
4173
4489
4282
4809
4867
4515
4290
3926
3367
2919
2977
2702
2197
1930
1495
844
791
900
577
246
83
-607
-916
-859
-391
-46
280
344
-352
-790
-355
71
361
655
481
268
-170
-386
-661
-796
-822
-1139
-1644
-1968
-2625
-3599
-4096
-4422
-5023
-5461
-5787
-6753
-7726
-7589
-7044
-6771
-6613
-6742
-6644
-6381
-5822
-5301
-4768
-4205
-4176
-4445
-4180
-3329
-2687
-2184
-1507
-822
-143
492
1073
1478
2142
2965
3506
4112
4617
4646
4505
4652
4517
4813
5142
5350
4829
4694
4950
4914
4593
4543
4958
5123
5171
5156
4846
4421
4504
4651
4975
5037
4577
3538
2912
3060
3167
2918
2564
2203
1740
1674
1761
1942
1420
1073
1007
1087
908
485
52
-578
-644
-486
-344
-563
-1100
-1455
-1592
-1177
-587
-345
-364
-923
-1494
-1523
-1218
-715
-663
-960
-1353
-1643
-1790
-1906
-2075
-2153
-2343
-2594
-2966
-3326
-3757
-4128
-4376
-4574
-4446
-4803
-5663
-6685
-6725
-6378
-5586
-5157
-4785
-4866
-5035
-5005
-4428
-3802
-3027
-2439
-1865
-1283
-1412
-1571
-1671
-929
-306
324
365
817
994
861
836
1069
1526
1608
1649
1632
1546
1167
640
740
1168
1328
1014
1048
1239
1108
1251
1316
1561
1736
1916
1840
1570
1808
2349
3034
3731
4105
3910
3695
4012
5009
5610
5867
5682
5291
4870
4757
5189
4939
4613
4416
3881
3368
3164
2981
2731
2490
2397
2586
2527
1888
1003
438
579
973
950
673
17
-883
-1161
-827
-252
-344
-881
-1342
-1805
-1973
-1977
-2121
-1978
-2196
-2598
-2998
-3452
-4153
-4486
-4408
-3895
-3861
-4359
-5220
-6028
-5709
-4934
-4312
-4517
-4580
-4373
-3991
-3926
-3544
-2914
-2687
-2518
-2461
-1749
-1112
-1125
-1693
-1559
-1043
-244
152
410
366
317
459
592
999
1314
1257
1078
1166
1191
986
607
766
987
894
642
742
574
601
847
913
1094
1027
1066
1122
895
899
1203
1522
1644
1562
1122
1000
1353
1489
1557
1711
1788
1406
1277
1413
1469
1393
1307
1125
679
399
85
-220
-471
-616
-705
-792
-930
-1260
-1419
-1342
-898
-479
-616
-1026
-1567
-1463
-1012
-773
-588
-852
-1628
-2105
-2575
-2596
-2404
-2535
-2820
-2936
-3351
-4065
-4683
-4873
-4523
-4181
-3993
-4350
-5049
-6031
-6341
-5773
-5101
-4503
-4267
-4134
-4271
-4245
-3540
-2536
-1630
-912
-670
-407
51
739
1321
1819
2304
2953
3315
3640
3979
4344
4626
4892
5457
5933
6211
6382
6369
6395
6451
6395
6617
6751
6500
6605
6613
6316
5781
5620
5664
5387
5003
4602
4058
3380
2847
2305
2006
2092
2089
1692
1089
955
764
532
585
445
231
88
-133
-278
-431
-252
-481
-1064
-1353
-1488
-1521
-1803
-1611
-1587
-1377
-1413
-1572
-1716
-1613
-1235
-763
-302
-288
-663
-1245
-1149
-678
-226
-71
-53
-36
-383
-710
-790
-759
-293
81
-4
-576
-1453
-2225
-2703
-2520
-2306
-2352
-2760
-3664
-4571
-4687
-4289
-4157
-4051
-3842
-3997
-4234
-4060
-3957
-3348
-2678
-2160
-2060
-2136
-2048
-1963
-1463
-816
-443
-324
-233
-376
-294
-206
40
383
846
1617
1652
1579
1551
1451
1509
1873
2618
3043
2977
2719
2686
2708
2739
2898
3265
3430
3363
3339
3161
2904
2879
3189
3430
3401
3040
2502
2505
2322
2027
2070
1914
1876
1465
1252
943
774
997
1236
1438
1543
1743
1803
1551
1449
1550
1722
1925
1727
1337
906
735
726
1011
1301
1280
1070
1142
1214
1264
1180
1274
1683
2065
2180
1778
1675
1701
1655
1866
1861
1279
453
-328
-584
-438
-452
-700
-1247
-1907
-2381
-2446
-2327
-2125
-2409
-2935
-3425
-3509
-3572
-3704
-3390
-3299
-3264
-3272
-3230
-3245
-3019
-2775
-2301
-1801
-1497
-1267
-1471
-1270
-1364
-1188
-590
-220
172
304
851
1418
1343
1219
1167
1384
1564
1931
2114
2019
1993
1948
1811
2150
2674
3022
3116
3046
3129
2909
3064
2940
2610
2229
2021
1964
2114
2058
1740
1485
1369
1328
1213
801
243
-32
-222
24
159
64
-265
-666
-1268
-1585
-1588
-1730
-1963
-2557
-2738
-2465
-2352
-2149
-2207
-2079
-1624
-1316
-902
-471
-322
-68
266
533
638
714
720
931
1196
1208
855
394
115
0
112
302
201
-397
-946
-1492
-1593
-1537
-1564
-1584
-1610
-1701
-1774
-1668
-1484
-1432
-1512
-1579
-1249
-1171
-1588
-1606
-1716
-1768
-1650
-1564
-1684
-1729
-1606
-1452
-1310
-1199
-1033
-1219
-1235
-1082
-656
-593
-777
-844
-868
-970
-979
-593
-239
203
445
969
1187
1419
1880
2272
2505
2869
3330
3599
4018
4002
3855
3955
3980
4186
4526
4620
4394
3972
3842
4008
4049
3926
3785
3186
2663
2254
1921
1846
1259
836
341
347
508
267
-220
-1193
-1506
-1393
-1037
-743
-1025
-1307
-1394
-1080
-839
-166
177
476
538
388
290
101
198
389
273
152
-125
-471
-693
-690
-435
-375
-654
-931
-1216
-1220
-1045
-888
-704
-1181
-1485
-1826
-1865
-1903
-1742
-1758
-1908
-1991
-2089
-2036
-1886
-1606
-1678
-1625
-1560
-1486
-1497
-1287
-1132
-959
-1239
-1379
-1336
-1593
-1518
-1607
-1606
-1794
-1963
-2077
-2521
-2932
-2762
-2336
-1863
-1522
-1307
-1032
-771
-293
-177
-53
154
200
323
653
1073
1208
1345
1462
1610
1948
2221
2076
1820
1807
2008
1929
1745
1510
1401
1163
1028
822
626
613
376
30
-146
-201
-479
-484
-760
-678
-429
-436
-198
-292
-344
-286
-150
378
694
1072
1423
1655
1596
1526
1374
1360
1349
1460
1594
966
321
-57
25
268
176
-12
-191
-355
-217
15
122
255
386
494
533
692
653
753
824
733
593
517
542
481
854
1282
1666
2037
2077
2164
2147
2258
2257
2336
2414
1960
1484
1313
1106
826
379
17
-158
-242
-233
-481
-708
-980
-1094
-1106
-860
-933
-1148
-1345
-1624
-1334
-971
-666
-488
-434
-507
-504
-481
-451
-116
22
160
88
-9
-191
-642
-596
-456
-448
-654
-1048
-1377
-1757
-1845
-1759
-1674
-1624
-1748
-1847
-1853
-1959
-2119
-2011
-1800
-1559
-1486
-1838
-2064
-2064
-1936
-1766
-1341
-868
-674
-695
-1149
-854
-618
-397
-102
-147
-313
-519
-584
-492
-640
-786
-717
-750
-915
-1185
-1013
-1364
-1513
-1656
-1729
-1608
-1837
-1740
-1594
-1523
-1409
-1435
-1066
-1050
-1314
-1219
-1161
-1143
-1155
-1240
-1051
-1099
-1007
-916
-979
-827
-492
-184
157
842
1072
1342
1633
1991
2479
2856
3114
3118
3472
3539
3612
3985
4384
4449
4408
4658
4770
5010
5223
5035
4677
4404
4251
4149
4472
4488
4442
4353
4033
3579
3085
2984
2821
2505
2321
2070
1346
685
183
-151
-633
-1356
-1805
-2206
-2651
-3100
-3710
-4348
-4439
-4470
-4481
-4737
-4913
-5332
-5710
-5668
-5762
-5662
-5387
-5401
-5550
-5817
-6043
-6215
-6220
-6362
-6518
-6581
-6776
-6566
-6372
-6035
-5786
-5843
-5710
-5496
-5218
-4883
-4444
-3907
-3512
-3175
-2916
-2512
-2023
-1351
-665
-41
768
1523
1870
2150
2366
2416
2389
2661
2817
2886
2962
2981
3026
3039
3019
2848
2895
2910
2637
2466
2440
2265
2237
1948
1672
1342
1210
1192
1242
1372
1358
1568
1834
2103
2240
2000
2099
2247
2128
1929
1924
2012
1811
1476
1230
1429
1401
1237
1184
1366
1408
1530
1656
1676
1671
1458
1202
853
537
397
182
-158
-360
-425
-506
-647
-807
-922
-870
-798
-896
-828
-1016
-1292
-1454
-1577
-1520
-1634
-1533
-1727
-1580
-1250
-1176
-1213
-1106
-1128
-971
-1033
-1128
-1257
-1448
-1654
-1658
-1779
-2116
-2104
-2045
-2028
-1964
-1770
-1905
-1818
-1681
-1495
-1145
-846
-1001
-1050
-1221
-1312
-1303
-1070
-629
-395
-363
-271
188
440
656
726
709
757
816
818
615
544
508
115
100
-69
3
97
32
-11
-5
131
566
826
972
1471
1710
2051
2355
2571
3146
3195
3258
3442
3441
3698
3431
3299
3213
3195
3155
2717
2298
2168
2126
1894
1748
1777
1847
1630
1631
1605
1542
1321
1089
731
585
497
198
154
165
27
311
590
821
1136
1454
2022
2208
2215
2463
2806
2580
2582
2849
2977
3105
2803
2856
3080
3214
3166
2995
2897
2792
2417
2302
1958
1685
1520
923
545
50
-375
-813
-1454
-1819
-2000
-2092
-1999
-2085
-2389
-2660
-2845
-2797
-2508
-2371
-2056
-1971
-2109
-2352
-2522
-2628
-2809
-2689
-2777
-3079
-3133
-3152
-3254
-3219
-3172
-3385
-3007
-2523
-2171
-2164
-2137
-2174
-2084
-1733
-1423
-1186
-844
-480
-330
-186
341
923
1141
1423
1831
2134
2419
2644
2682
2706
2813
2908
2843
2995
3048
3272
3586
3781
4004
3983
4049
4140
4141
4023
3799
3279
3078
3048
2850
2721
2451
2194
2038
2050
2103
2069
1941
1838
1773
1773
1813
1364
1299
954
721
365
-383
-1037
-1405
-1913
-2515
-3108
-3545
-3810
-4227
-4456
-4845
-4909
-4978
-4836
-4584
-4444
-4262
-4044
-4100
-4344
-4181
-4223
-4128
-3923
-3787
-3561
-3533
-3499
-3464
-3254
-2844
-2733
-2571
-2487
-2321
-2212
-2206
-2206
-2406
-2755
-2918
-2723
-2500
-2220
-1947
-1776
-1434
-1128
-549
-178
-103
-133
-46
57
-95
122
205
396
673
714
646
721
970
995
884
948
940
801
863
989
1198
1469
1668
1468
1397
1295
1043
856
705
561
142
-185
-642
-940
-984
-1004
-1047
-1164
-988
-837
-664
-599
-443
-91
129
689
900
1010
1275
1326
1079
1031
1232
1119
929
865
875
1030
1108
1138
1440
1616
1832
1866
1887
1774
1772
1750
1670
1332
885
718
543
472
262
164
125
72
172
490
679
668
572
595
665
761
739
705
573
367
403
332
373
579
742
1081
1258
1328
1526
1512
1544
1812
1911
2115
1922
1648
1645
1370
1133
1055
890
924
734
556
500
569
631
677
678
914
1180
1126
828
672
519
395
144
-318
-329
-708
-927
-1080
-1436
-1610
-1725
-1878
-2050
-2124
-2141
-2357
-2581
-2618
-2626
-2978
-2985
-2953
-2793
-2857
-3007
-3049
-3026
-2830
-2896
-2961
-2926
-2694
-2486
-2479
-2670
-2402
-1955
-1872
-1754
-1677
-1593
-1349
-1248
-1001
-942
-866
-793
-731
-585
-483
-413
-444
-291
-170
-52
34
-23
250
528
858
1078
1141
1408
1400
1469
1517
1667
1920
1626
1310
1403
1472
1416
1551
1871
1913
1922
2144
1985
2075
1967
1620
1396
969
752
643
508
548
529
608
698
685
640
861
1153
1288
1492
1581
1887
1913
2196
2424
2647
2594
2417
2230
2336
2566
2348
2279
2452
2685
2732
2514
1968
1752
1563
1133
916
680
437
-17
-434
-688
-766
-870
-1060
-1479
-1767
-1733
-1827
-1831
-1777
-1914
-2051
-2647
-3051
-3304
-3663
-3815
-4043
-4534
-4988
-5352
-5605
-5824
-5618
-5423
-5357
-5348
-5104
-4570
-4016
-3583
-3232
-2839
-2454
-2264
-2179
-2031
-1739
-1672
-1649
-1630
-1550
-1334
-1314
-1176
-980
-527
-19
283
432
986
1349
1705
2106
2381
2422
2467
2447
2374
2174
2190
2067
1665
1415
1138
1070
589
411
293
-12
-177
-373
-321
-538
-593
-598
-603
-514
-513
-258
43
56
81
224
308
528
885
1177
1689
1941
1926
2228
2391
2380
2124
2278
2398
2316
2508
2538
2438
2418
2324
2300
2247
2198
2296
2317
2178
2292
2220
2238
2058
1925
1774
1436
1284
1004
738
355
188
54
-214
-373
-533
-867
-1109
-1150
-1044
-1264
-1448
-1727
-1919
-1747
-1665
-1493
-1304
-1146
-1245
-1238
-1163
-763
-687
-585
-426
-428
-597
-571
-322
-475
-337
-118
470
916
1614
2271
2655
3092
3182
3263
2991
2662
2331
2140
1610
1319
748
419
-5
-503
-379
-326
-126
-290
-456
-639
-1128
-1299
-1525
-1548
-1283
-1210
-1296
-1656
-1996
-2468
-2600
-2798
-2910
-2940
-3313
-3497
-3510
-3414
-3359
-3101
-2634
-2199
-1457
-1188
-760
-311
-12
668
817
1337
1547
2193
2870
2842
3097
3118
3388
3722
4147
4489
4700
4979
4857
5072
5459
5695
5915
5896
5878
5887
5965
5861
5493
5152
4748
4120
3467
2629
2020
1447
1004
1151
1297
1143
892
524
-35
-389
-943
-1380
-1815
-2605
-3091
-3641
-4524
-5208
-5661
-6042
-5952
-5886
-5631
-5416
-5550
-5397
-5122
-4856
-4587
-4435
-4221
-4190
-4335
-4283
-4156
-4378
-4275
-4256
-4201
-3904
-3548
-3318
-3483
-2776
-2390
-1840
-1404
-1064
-707
-314
17
271
511
819
1196
1287
1357
1529
1436
1378
1583
1421
1724
1892
2031
2181
2248
2270
2466
2526
2676
2655
2534
2261
2105
2029
1796
1401
1462
1302
1160
1320
995
975
919
847
1042
955
1006
1010
1191
1375
1230
1196
1267
1650
1603
1559
1431
1258
1233
913
536
284
82
84
85
343
721
903
1138
1161
1128
1184
1241
1212
1256
1618
1871
2041
2103
2303
2322
2069
1806
1381
1038
891
841
755
870
1090
890
918
813
753
1091
1117
1488
1763
2015
1730
1401
1686
1720
1625
1386
876
451
46
-366
-525
-601
-507
-583
-630
-881
-914
-1243
-1789
-1929
-2389
-2653
-2747
-2956
-3379
-3597
-3569
-3861
-3948
-3732
-3528
-3372
-3459
-3377
-3064
-2867
-2575
-2126
-1882
-1925
-2026
-2154
-2112
-1956
-1626
-1410
-1291
-1015
-697
-528
-258
-82
225
672
967
1252
1423
1836
2027
1894
2030
2138
2176
1823
1546
1488
1525
1644
1629
1481
1338
1235
1031
919
930
708
412
552
701
731
769
683
878
587
595
904
1113
1298
1228
1054
1215
1394
1284
1412
1277
1249
1449
1371
1198
1118
1050
859
900
959
1296
1737
1396
1345
1375
1347
1424
1577
1326
1112
998
981
907
852
934
937
1104
1066
1211
1110
1127
1120
750
582
277
-254
-471
-704
-762
-807
-696
-466
-583
-781
-1233
-1160
-1215
-1235
-1387
-1844
-2053
-2764
-3409
-3789
-4410
-4775
-5258
-5756
-5849
-6123
-6468
-6642
-6677
-6476
-6059
-5491
-5061
-4628
-4601
-4654
-4764
-4922
-4692
-4474
-4203
-4151
-3963
-4051
-4132
-3925
-4092
-4145
-3950
-3920
-3619
-3218
-3107
-2874
-2668
-2706
-2425
-2607
-2723
-2553
-2477
-2150
-2284
-1988
-2070
-1703
-1397
-1113
-990
-793
-332
-176
176
134
737
974
1481
1750
2119
2590
2853
3056
2863
3252
3451
3866
4240
4531
4296
4126
4197
4140
4296
4585
4694
5122
5217
5088
5038
4992
5185
5285
5516
5662
5441
5163
4880
4820
4384
4114
3655
2972
2703
2287
2292
1642
1239
716
495
-78
-862
-1152
-1552
-1782
-1982
-2342
-2598
-2671
-3000
-3202
-3499
-3725
-4236
-4594
-4822
-4941
-4911
-4965
-5043
-5259
-5459
-5997
-6038
-5801
-5554
-5131
-4924
-4255
-4005
-3663
-3318
-3326
-2886
-2317
-1544
-1012
-458
-110
562
1263
1217
1692
1921
2328
2731
2787
2923
3149
3205
3029
2820
2611
2982
3168
3432
3585
3517
3920
4027
4621
4775
4862
4913
4567
4258
3774
3704
3653
3743
3390
3215
3128
2995
2763
2653
2566
2559
2730
2629
2204
1955
1435
1209
1020
865
738
420
203
-176
-417
46
216
-215
-147
-157
-574
-584
-610
-562
-585
-1134
-1162
-1258
-753
-509
-610
-772
-1240
-1231
-1255
-1041
-452
-45
462
407
107
47
-48
-52
197
372
596
408
-237
-330
-623
-766
-890
-971
-1096
-1065
-708
-476
-235
-175
-157
-227
-294
-405
-523
-543
-673
-734
-877
-1150
-1003
-795
-462
-236
110
356
548
761
1321
1609
2025
2036
1341
1023
935
934
550
832
980
1189
1503
1280
1086
798
864
711
611
558
432
666
534
301
196
446
778
1179
954
1371
1834
2158
2395
2247
1823
1623
1668
1681
1523
1000
911
323
-249
-250
-160
333
411
298
476
927
883
698
727
756
720
416
78
-174
-265
-416
-243
-330
-122
-124
203
757
1339
2193
3043
3293
3142
3201
3218
3196
3573
3199
2834
2311
1702
1297
1017
1157
1093
1058
816
375
211
-51
-420
-543
-602
-924
-1088
-1321
-1627
-1710
-2048
-2606
-3276
-4023
-4432
-4783
-4655
-4672
-5063
-5280
-5484
-5384
-5233
-5051
-4724
-4685
-4080
-4069
-4327
-4437
-4592
-4580
-4719
-4885
-5064
-5184
-5229
-4849
-4717
-4407
-3716
-3296
-3238
-3019
-3232
-3319
-2893
-2236
-1640
-1451
-1279
-1361
-1646
-2209
-2138
-1880
-1399
-1024
-763
-564
-572
-579
-569
-279
-216
65
302
395
349
525
767
905
1293
1487
1748
1785
1919
2347
2832
3023
2831
3075
3530
3893
3964
3795
3642
3441
3494
3777
4444
5229
5273
5342
5211
5019
4953
5021
5269
5215
5143
4688
4487
4197
3708
3094
3114
2744
2619
2712
3081
3568
3709
4133
4012
3662
3212
3096
3088
2718
2251
1407
646
585
665
860
1042
1013
1017
1154
1449
1731
1780
1498
943
433
387
209
-587
-910
-1161
-1670
-1583
-1417
-1273
-1325
-1655
-2254
-2248
-1992
-1719
-1484
-1284
-1527
-1605
-1114
-1404
-1181
-1509
-1589
-1641
-1850
-2167
-2048
-1800
-2593
-2958
-3313
-2750
-1950
-1790
-1863
-2350
-2545
-2319
-2522
-2103
-1741
-1425
-1346
-1857
-2183
-1874
-1735
-1427
-1066
-951
-860
-683
-816
-1013
-1111
-1277
-1171
-1264
-745
-531
-200
320
734
990
1245
1008
1413
1843
1988
1978
1776
1731
1284
881
613
578
291
228
-22
15
-369
-686
-613
-195
-210
-307
-452
-306
33
23
45
-46
248
71
220
506
564
422
799
1291
2006
2132
2054
2119
1724
1847
2152
2510
2762
2764
2992
3118
3015
2986
2966
3025
2671
2768
3016
3316
3567
3765
3603
3283
3118
3063
2790
2714
2863
2875
2360
2337
2327
2223
1917
1193
907
-22
-500
-812
-1295
-1743
-1812
-1561
-1476
-1625
-1925
-1922
-2089
-2190
-1793
-1952
-2416
-2437
-2302
-2715
-2627
-2886
-2926
-2708
-3046
-3185
-3359
-2978
-2557
-2210
-1863
-1840
-2047
-1928
-1727
-1465
-1597
-1522
-1876
-2186
-1941
-1286
-789
-409
-3
54
59
-124
-210
-64
-146
-46
88
-52
-108
-320
-589
-381
2
32
-397
-1196
-1052
-1006
-964
-389
-235
-669
-1033
-1167
-1319
-1306
-877
-1576
-2463
-2892
-3056
-3003
-2790
-2799
-2534
-3314
-4284
-4653
-4965
-4306
-3715
-3660
-3705
-3612
-3979
-3835
-3435
-2666
-1932
-1560
-1161
-802
-27
634
1067
1008
945
884
1134
1905
2035
2422
2632
2559
2416
2890
3487
3698
3546
3089
3361
3453
3310
2720
2268
2260
1879
1369
1178
819
1285
1413
1365
1643
1894
1739
1691
918
-67
-551
-1218
-1921
-2244
-2286
-2873
-3734
-4855
-5376
-5757
-6130
-6030
-5549
-5097
-4625
-4098
-3701
-3663
-3861
-3635
-3583
-3286
-3334
-3091
-3155
-2743
-2291
-2527
-2684
-2695
-2426
-1945
-1073
-555
128
436
712
804
777
920
1070
1547
1726
1861
2304
2614
2541
2210
2335
2463
2258
1703
1560
1675
1889
2371
2830
3076
3390
3712
3396
3008
2329
2094
2201
2447
2562
2555
2939
2468
2422
2198
1923
1996
1945
2310
2708
2871
2792
2832
2227
1970
1704
1885
1984
1900
1749
1159
622
195
151
12
-432
-691
-471
-427
-230
-598
-1085
-1185
-769
-313
-363
-344
-162
397
499
821
1500
1916
1899
1644
1101
722
295
-312
-354
-377
-502
-457
-948
-1629
-1913
-1930
-1859
-1702
-1750
-2055
-1826
-1652
-1393
-689
-531
-674
-822
-976
-626
-565
-1474
-2341
-2753
-2776
-2414
-2236
-2256
-2560
-2919
-2618
-2400
-2323
-2239
-2115
-1990
-1905
-2391
-1822
-1628
-1548
-1394
-1837
-1824
-1656
