-859
-724
-718
-736
-639
-135
-59
-192
27
-240
-319
4
8
-411
-655
-492
-459
-729
-324
-465
-326
-96
-508
-852
-830
-971
-1229
-1253
-1103
-1209
-1073
-892
-708
-547
-448
60
123
140
-11
174
135
-151
-108
-492
-774
-888
-778
-462
-125
-37
-2
189
235
209
385
-24
16
710
1024
1149
1268
1897
1944
1985
2322
2182
1967
1869
1242
1213
1157
1192
1068
1164
1062
822
900
338
610
784
785
847
1040
1020
1270
1035
1072
988
859
1256
1313
1836
2075
2022
2021
1933
1536
1802
1657
1603
1953
2025
2208
1982
1774
1730
1372
1234
1133
1060
1353
1447
1640
1504
1435
1445
1204
1311
1140
1637
1629
1641
1526
2155
2005
2333
2368
1894
1802
1259
953
401
622
610
640
551
210
436
650
639
1328
1528
1650
2110
1680
1986
2305
2232
2453
2809
3120
2897
3149
3383
3336
2796
2044
1731
1659
1806
2015
1829
1756
1587
1539
1253
1192
1099
1213
916
627
990
559
562
156
-95
33
-262
30
-118
-304
-219
-13
-262
-224
-165
-475
-593
-750
-986
-1099
-1084
-1185
-886
-974
-790
-937
-1032
-657
-566
-151
-102
-179
-33
94
182
303
407
449
629
416
-18
-200
69
-189
29
-20
-267
161
223
78
188
-32
-58
81
-67
-100
-135
-240
-85
60
255
607
807
713
484
342
483
463
104
82
14
310
254
254
26
294
272
381
705
406
671
604
760
524
273
221
308
432
358
427
131
-19
-303
-297
-422
-632
-766
-920
-906
-618
-279
-386
-1083
-1513
-1301
-1666
-1447
-1103
-1012
-1104
-939
-475
-424
-471
-909
-872
-935
-1329
-1318
-1629
-1755
-1636
-1020
-1237
-1488
-1250
-1396
-1069
-702
-127
-498
-681
-851
-505
-614
-665
-589
-938
-596
-903
-1062
-537
-619
-767
-490
-1000
-1060
-605
-250
-37
359
261
-62
-220
-68
-183
-327
-986
-1017
-952
-819
-908
-1243
-1405
-1321
-1147
-1386
-1389
-1793
-1624
-1889
-1729
-1630
-1669
-1386
-1110
-1318
-1716
-1876
-1901
-2356
-2131
-1798
-2080
-2133
-2257
-2179
-2419
-2174
-2193
-1786
-1500
-1254
-857
-567
-445
-571
-376
124
-237
-565
-528
-306
-9
-518
-664
-1125
-850
-522
-211
22
528
825
763
906
533
637
696
877
799
721
936
1120
812
636
716
1047
1166
912
1100
1364
1608
1275
1304
1405
1362
1221
1300
1405
1066
1118
1593
1479
1371
1578
1163
1182
937
745
723
1122
1197
1372
1770
1390
1332
1148
1022
890
1018
1078
683
588
200
-94
-50
111
-216
-353
-225
-760
-745
-405
-591
-524
-444
-308
-621
-34
438
286
652
606
692
834
747
334
282
495
365
348
213
-279
-228
378
510
362
636
1041
1107
1152
1196
980
1252
1227
1316
1351
1611
1454
1639
1928
1544
1745
2019
1823
1766
2081
1871
1960
1820
1550
1550
1791
2003
2121
1865
1197
1254
1127
755
615
842
1033
1191
1180
601
569
839
994
568
364
744
435
560
649
750
-30
-690
-443
-883
-753
-973
-1370
-1229
-1466
-1724
-1757
-1965
-2407
-2531
-1998
-1617
-1623
-1309
-1356
-1289
-1719
-1927
-2096
-1668
-1546
-1968
-1774
-1767
-1591
-1663
-2031
-1465
-1304
-802
-495
24
665
491
615
509
790
681
640
622
1018
1337
1304
1426
1522
1745
1778
1596
1489
1482
1317
1272
1337
1506
1579
1824
2005
1854
1743
1658
1579
1128
950
702
271
355
236
332
557
-228
-266
-36
9
-297
-583
-477
-1045
-854
-890
-1128
-1337
-1786
-1908
-1883
-1805
-1884
-1926
-1761
-2066
-1858
-1557
-2096
-1668
-1641
-1812
-1740
-1956
-1781
-1688
-1787
-2276
-2322
-2263
-1909
-1976
-1627
-1272
-1594
-1021
-749
-792
-498
110
3
176
881
1237
1075
1372
1550
1532
1673
1492
1366
1524
1417
1253
1087
905
886
819
623
591
996
1224
955
745
1174
848
492
448
252
-26
175
386
174
237
219
149
474
38
-253
-302
-648
-778
-784
-802
-941
-1020
-1227
-1779
-1440
-1244
-1574
-1481
-1801
-2058
-1801
-1101
-1205
-1225
-734
-321
-478
-394
-5
80
468
-10
-476
156
229
-251
-332
79
-238
258
-75
-105
-262
-365
-613
-556
222
35
40
-33
-420
-789
-226
-118
-338
-294
-520
-326
-55
-195
-447
-521
-438
-821
-277
-246
-231
72
-54
-352
-223
348
474
437
572
546
444
970
1026
838
1084
760
603
581
752
508
153
304
304
385
322
166
458
618
413
869
320
-8
3
-91
-262
-552
-152
-202
-411
-652
-636
-326
-80
-341
-521
-167
-400
-373
-102
-94
-148
-375
-181
-129
51
-36
-286
-121
41
-386
-729
-261
-356
-237
325
302
-94
201
-98
-460
-222
-715
-983
-936
-984
-813
-586
-308
-506
-189
-182
-476
-306
-322
-807
-542
-454
-1230
-1185
-795
-567
-821
-768
-999
-1193
-979
-1015
-1245
-1301
-1413
-1242
-981
-1041
-1444
-1089
-866
-896
-933
-1222
-1510
-1447
-849
-1356
-1683
-1772
-2175
-2239
-1725
-1459
-1665
-1345
-992
-1092
-947
-673
-1147
-482
-605
-785
-61
446
73
360
242
33
28
-200
263
-129
383
302
382
581
458
279
443
541
349
366
395
363
97
63
-260
117
136
-79
-44
68
155
114
277
530
860
1231
1297
1087
926
807
621
752
787
830
779
959
769
1333
1547
1680
2015
1528
1777
1932
1709
1572
2182
2189
2011
2237
1933
2039
2122
2578
2506
2854
3089
2179
2052
1948
1573
1666
1572
1337
1638
2037
1759
1410
2264
1960
1798
1728
2064
2011
1923
2088
1844
2203
1941
1957
2370
2470
1953
2005
1933
1775
1820
1704
1372
1339
1767
1405
1243
1309
1097
896
1225
1188
728
1128
1392
1247
1257
1547
1351
1358
1535
1212
1319
1589
1504
1474
1854
1684
1728
1746
1185
997
1369
1085
958
1670
1801
1547
1772
1830
1399
1615
2088
1613
1397
1345
1211
1004
1171
1227
1000
966
990
820
979
679
633
860
554
365
628
926
594
878
1214
1036
1127
1549
1604
1712
1891
1984
2137
1905
2076
1756
1896
1659
1306
1155
804
891
847
394
70
132
-471
-609
-454
-71
-57
172
-176
-524
-247
-261
-200
-316
-49
-636
-505
-759
-1517
-1370
-879
-769
-627
-314
-637
-655
-671
-1091
-1235
-1207
-1722
-1696
-988
-1045
-1473
-1562
-1724
-1704
-1598
-1978
-1969
-1460
-1261
-1477
-1360
-1054
-1173
-1386
-1576
-1783
-2159
-2017
-2108
-2413
-1833
-2006
-2144
-1708
-1488
-1441
-860
-1210
-1502
-1206
-1409
-1633
-1277
-707
-1051
-1149
-1119
-1140
-869
-432
-488
-745
-815
-951
-905
-1177
-1216
-1817
-1639
-1646
-2265
-1733
-1305
-1506
-1445
-1232
-1512
-1586
-1775
-1971
-1520
-1771
-2337
-2272
-2005
-1682
-1840
-1825
-1650
-1781
-2110
-2250
-2521
-2650
-2732
-3205
-3454
-3310
-3172
-3371
-3286
-3361
-3229
-3195
-3341
-3356
-3224
-2812
-2644
-2409
-2028
-1821
-2069
-1747
-1806
-1576
-1340
-1817
-1500
-1557
-1505
-1477
-1594
-1502
-1620
-1771
-1765
-1392
-1317
-1070
-903
-859
-829
-545
-567
-418
-544
-582
-627
-445
-614
-707
-500
-456
-888
-1242
-1027
-1185
-676
-858
-625
-45
149
-164
-180
65
-88
-40
329
-31
17
171
222
8
388
346
584
1281
1138
1256
1417
1704
1755
1884
2178
2123
1982
2080
1896
2079
2291
2231
2300
2129
2294
2138
2541
2666
2435
2468
2157
2123
2236
2278
2489
2446
2214
2173
2302
2675
3106
3457
3510
3416
3334
3251
2679
1975
2224
1916
1546
1542
1147
1556
1854
1757
1834
2221
2329
2134
2354
2110
2285
2188
1797
1861
1977
2064
1508
1696
2279
2321
2392
1893
1813
1770
1633
1189
1187
2028
1682
1312
1084
1217
1478
1399
1265
1143
1404
1229
1064
909
842
394
770
855
636
791
889
811
872
1052
565
625
825
345
323
619
810
1068
1258
1344
1568
2127
2452
2664
3012
2605
2514
2835
2846
2591
2514
2665
2625
2768
2588
2505
2734
2799
2590
2830
2295
2318
2093
2347
2345
1919
1926
1429
1589
1424
1345
654
712
640
135
479
222
-160
74
673
363
231
451
329
-159
49
-463
-1435
-1280
-1549
-1827
-1714
-1695
-1772
-1294
-1873
-1546
-1300
-1317
-1723
-1750
-1490
-1781
-1768
-1570
-1287
-1568
-1518
-1364
-1657
-1723
-1638
-2447
-2223
-2272
-2389
-2347
-2577
-2461
-2384
-2042
-2038
-1717
-1773
-1950
-1896
-1933
-1614
-1630
-1754
-1754
-2037
-2334
-2267
-2503
-2814
-3403
-3199
-3292
-3626
-3575
-3683
-3925
-3824
-3617
-3511
-4315
-3948
-3657
-3377
-3026
-3155
-3343
-3549
-3009
-2762
-2773
-2927
-2823
-1977
-2274
-2817
-2614
-2306
-2793
-3283
-2855
-2972
-3355
-3775
-3671
-3350
-3140
-3524
-3212
-2953
-2793
-2625
-2741
-2695
-2600
-2238
-2233
-2333
-2028
-1687
-1649
-1169
-825
-946
-1067
-1095
-1384
-1558
-1858
-2039
-2034
-2121
-2233
-2387
-1979
-1928
-2117
-1785
-1692
-2097
-1519
-1735
-2229
-1865
-1657
-1765
-1427
-1272
-1693
-1700
-1757
-1962
-1927
-1929
-1938
-1636
-1792
-2037
-2459
-1872
-1772
-2128
-1597
-1476
-1424
-1154
-1163
-1158
-982
-478
-561
138
641
367
397
493
623
456
296
200
-77
-155
-144
-310
154
-127
-201
-49
-98
180
409
632
304
225
-208
-94
142
311
590
855
948
1190
1636
1618
2114
2029
2302
1661
1577
1717
1521
1512
1698
1949
1769
1691
1534
1141
1412
1206
813
1026
1066
1165
1030
949
831
1097
1411
1109
1270
1186
661
1077
1453
1318
1548
1949
1597
1002
1278
1283
664
703
1014
881
897
360
745
1239
1838
1727
1785
2570
2776
2917
2368
2831
2944
3227
3416
3092
3145
3338
3221
2669
2689
3066
2568
2151
2022
2129
2528
2165
1973
1745
1652
1725
1699
1745
1708
1621
1699
1957
2444
2435
2260
2276
2186
2019
1456
1385
1436
1493
1342
974
1353
1495
1276
817
896
618
930
867
409
758
1091
1051
777
597
666
484
334
243
407
447
595
777
703
564
211
177
39
-263
-243
-871
-801
-497
-350
-140
-661
-697
-492
-271
-266
-26
288
480
430
364
603
560
515
867
735
870
1148
953
724
657
644
488
410
436
692
648
896
989
915
1071
758
578
1389
1624
1485
1381
1436
1571
1516
1158
702
706
858
247
-388
-302
-721
-877
-1254
-1527
-1197
-1506
-1976
-1964
-1817
-1805
-1926
-1509
-1268
-1507
-1484
-2065
-2115
-1828
-2064
-1855
-2367
-2170
-1902
-2185
-2156
-2712
-2943
-2782
-2881
-2735
-2632
-3188
-3330
-2881
-2706
-2657
-2566
-2928
-2931
-2314
-2126
-2236
-2124
-2118
-2596
-2683
-2844
-2998
-2661
-3215
-3064
-2465
-2393
-2768
-2772
-2526
-2965
-3008
-2619
-2442
-2603
-2681
-2587
-2337
-1659
-1225
-1501
-1603
-1619
-1196
-1033
-1330
-1123
-1174
-953
-1349
-1311
-1278
-1727
-1544
-1191
-1212
-1517
-1672
-2055
-2432
-2288
-2006
-2107
-2010
-1968
-1650
-1549
-1805
-2082
-1757
-1174
-1583
-1471
-1157
-827
-474
-459
-546
-781
-557
-983
-756
-704
-888
-871
-861
-585
-450
-480
-585
-416
-916
-1035
-919
-960
-673
-562
-426
-378
-315
-136
157
548
1066
1167
1120
1024
993
1258
1379
1269
1186
1225
1694
1922
1969
2234
1960
1721
1756
1682
1937
2249
1923
1713
2157
2592
2631
2661
2768
3202
3338
2951
2498
2321
2268
1960
2301
2279
1823
1760
2016
1850
1709
1590
1393
1337
1404
1821
1777
2049
2093
1887
2324
1962
1537
1424
891
655
928
997
952
960
978
1153
1385
1251
743
583
619
442
25
59
85
490
605
226
648
639
569
411
705
446
605
1063
1076
1331
1489
1441
1232
1406
1483
1265
1430
1598
1499
1915
1915
1853
1818
1706
1555
1692
1831
1815
1644
1613
1759
1726
1831
1571
979
862
1014
1271
1199
582
-127
-30
128
111
136
263
341
225
703
648
846
752
181
194
801
675
545
554
526
445
-163
-231
-289
-230
-429
-632
-667
-804
-700
-627
-703
-935
-884
-745
-657
-813
-977
-1051
-1173
-844
-941
-1059
-1153
-1141
-1047
-852
-1044
-1063
-1363
-1272
-1001
-1092
-1063
-1073
-677
-679
-1156
-997
-879
-1269
-1107
-1480
-1275
-1422
-1448
-1533
-1478
-992
-1279
-1284
-1275
-1178
-670
-427
-741
-408
-42
-161
-356
107
213
465
561
550
815
1065
974
475
873
930
1004
638
840
697
868
1432
1174
988
1483
1543
1578
1848
1594
1131
710
193
-22
458
245
237
52
-352
-726
-1347
-1580
-1532
-1724
-1358
-1652
-2015
-1825
-1772
-1689
-1736
-1917
-1639
-1582
-1465
-1530
-1247
-1075
-989
-1201
-1306
-1102
-1628
-1186
-486
-264
-282
-581
-918
-1071
-761
-679
-837
-1016
-1048
-666
-373
-324
-543
-148
-62
-520
-242
349
455
508
578
574
798
666
648
965
1154
1064
1118
1145
1247
674
535
149
-614
-558
-746
-949
-725
-441
-527
-433
-117
79
-382
-70
164
267
637
724
728
675
909
481
266
450
354
443
644
646
732
964
944
985
950
652
108
522
705
1001
980
856
879
838
1389
1642
1656
1624
1819
1862
1818
1669
1576
1982
2300
2512
2598
2418
2530
2757
2884
3034
2989
2474
2821
2581
2645
2878
2696
3092
2891
3089
3312
3295
3335
2867
2575
2154
1998
2573
2845
2784
2676
2475
2680
2263
2066
1792
1209
1212
791
595
508
345
-265
-36
29
15
-255
-225
-330
-368
-194
-327
-366
-582
-34
172
402
857
648
360
159
101
-197
-319
-511
-981
-860
-1332
-1190
-1221
-949
-993
-803
-551
-597
-256
-327
-371
-28
426
438
281
145
58
-241
-193
-38
-107
-249
-409
-381
-218
-143
-349
-185
-138
-245
-217
-220
255
336
186
552
1004
265
164
124
228
545
789
656
277
343
-32
-279
-697
-370
-873
-1093
-798
-848
-666
-640
-736
-1007
-924
-1199
-1094
-1174
-1519
-1505
-1489
-1749
-2016
-1932
-1878
-2176
-2413
-2358
-2126
-2159
-2312
-2711
-2508
-2356
-2502
-2227
-2318
-2193
-2100
-2091
-1934
-2085
-2262
-2608
-2756
-2820
-2611
-2245
-2774
-2604
-2612
-2630
-2572
-2782
-2433
-2428
-2251
-2069
-1716
-1477
-1484
-1654
-1421
-1363
-1187
-1204
-1450
-917
-543
-227
-43
10
-181
-47
30
94
-271
-292
-35
118
332
178
478
752
404
233
221
-23
207
407
200
108
574
515
-38
51
-393
-816
-217
170
546
762
886
575
803
1045
1181
1600
1486
1201
1075
839
444
599
412
240
309
791
507
99
192
-122
29
-125
-754
-1036
-517
55
91
279
129
-374
-313
-159
52
431
691
991
1144
1175
1557
1178
1517
1414
1178
827
981
988
1134
1859
1656
1411
1331
1662
1921
1958
1975
2147
2116
2129
2332
2178
2851
3180
3139
3233
3102
3255
3171
3210
3114
3223
3241
2928
2931
2527
2165
2108
1857
1904
2105
1712
1635
1713
1711
1649
1342
1347
1596
1800
1717
1519
1394
1674
1259
1473
1592
1708
1670
1541
1278
1281
1081
731
497
687
836
378
379
230
118
229
179
-89
5
288
113
187
647
1239
1867
2344
2315
2358
2847
2778
2725
2832
2821
2604
2239
2137
2354
2015
1770
1594
1254
1459
1277
1509
1565
1317
1042
578
892
1224
1043
851
961
974
1227
1044
697
411
361
386
362
83
-158
-176
-384
-320
-778
-646
-46
-521
-626
-541
-484
-659
-774
-793
-1001
-998
-968
-868
-771
-563
-1074
-1656
-1954
-1844
-1566
-1571
-2045
-2204
-1957
-1758
-1678
-1584
-2053
-2184
-2311
-2124
-1876
-1903
-1831
-2024
-2399
-2066
-1741
-2150
-2356
-2431
-2408
-2402
-2296
-2366
-2418
-2221
-2225
-2491
-2580
-2680
-2807
-2727
-3146
-3431
-3253
-3064
-3134
-3761
-3835
-4082
-3995
-3515
-3634
-3723
-3245
-3091
-2321
-2369
-2757
-2570
-2532
-2134
-2199
-2166
-2170
-1713
-1317
-1532
-1382
-1573
-1045
-1577
-1079
-698
-845
-435
-793
-857
-1284
-1269
-1327
-1416
-1797
-1766
-1956
-2261
-2302
-2339
-2017
-2044
-2297
-2752
-3064
-3441
-3685
-3642
-3504
-3520
-3320
-3446
-3194
-3262
-3172
-2704
-2819
-2876
-3135
-3098
-2984
-3132
-2949
-2914
-3018
-2909
-2399
-2089
-2508
-2317
-2785
-2686
-2809
-2867
-2538
-2497
-2410
-2256
-2000
-1968
-2204
-2236
-1917
-1681
-1229
-936
-748
-1020
-363
-213
-220
-105
134
589
555
524
314
840
501
203
217
-136
-130
-244
-208
-10
153
146
101
1185
1794
1592
1421
1595
1796
1698
2072
2209
2351
2509
2169
1964
2046
1925
1455
1107
618
844
696
568
760
926
1016
834
1093
1420
1454
1484
1294
1643
1947
1794
2056
2124
2055
2184
2647
2734
2341
2640
2355
1728
2052
2282
2049
1696
2143
2158
1814
1709
2066
1775
2124
2381
2380
2736
3219
3665
3387
3193
3217
3057
3120
2867
3295
3538
3553
3803
3842
3673
3476
3418
3287
3113
3036
3075
3019
3043
3152
3178
2986
2923
2431
2401
2266
2205
1887
2537
2707
2620
2323
2061
1906
1646
1634
1779
1746
981
1022
1175
1850
1877
1512
1314
1353
1778
1662
935
518
855
633
827
546
345
537
491
396
598
797
730
297
439
359
116
228
-96
-500
-850
-790
-336
-459
-987
-1154
-1277
-1276
-969
-649
-660
-709
-867
-667
-454
-434
-646
-1038
-1048
-801
-269
253
426
296
278
313
262
168
143
-112
-437
-231
-659
-633
-884
-1377
-1649
-2001
-2003
-2050
-2129
-1878
-2014
-1655
-1435
-1322
-1619
-1823
-1860
-2353
-2180
-2156
-2026
-2018
-2560
-3043
-3235
-2949
-2703
-2543
-2809
-3317
-3011
-3456
-3643
-3889
-4035
-3575
-3587
-3824
-3548
-3500
-3461
-2929
-2915
-2762
-2618
-2790
-2946
-2685
-2573
-2523
-2544
-3109
-2633
-2643
-2700
-2235
-2092
-2228
-2396
-2131
-2032
-2038
-2463
-2720
-1942
-1806
-1808
-1749
-1909
-1329
-1464
-1104
-1331
-1741
-1327
-1668
-1748
-1859
-1760
-1384
-885
-1097
-1106
-1221
-1433
-1603
-1771
-1802
-1903
-1851
-1505
-957
-805
-756
-898
-1400
-1561
-1937
-2164
-2226
-2578
-2203
-2214
-2423
-2337
-2099
-2225
-2296
-2415
-2459
-2384
-2464
-2542
-2223
-2315
-2717
-2905
-2629
-2502
-2607
-2454
-2651
-2416
-2424
-2087
-1983
-2065
-2087
-2244
-2292
-2240
-1411
-1046
-919
-692
-365
-222
-172
118
354
859
1213
1338
1276
1504
1740
2264
2196
2482
2587
2550
2635
2792
3006
3211
2997
2560
3149
3219
3352
3115
2978
2843
2641
2365
1966
1526
1537
1508
1431
1146
1534
1945
1884
2374
2471
2469
2194
2226
2195
2169
2199
2023
1999
1718
1803
1701
1360
999
812
798
392
508
708
293
135
142
455
745
1061
1477
1650
2343
2725
2296
2396
2277
2167
2168
2115
2323
2455
2590
2552
2280
2398
2696
2850
3131
2883
2631
2539
2354
2447
2258
2553
2574
2564
2664
2560
2522
2567
2779
2830
2630
2394
2743
2861
2965
3510
3683
3475
3422
3053
2871
2454
2407
2248
1767
1828
1965
2479
2905
2708
2771
2800
2662
2888
2751
2416
2437
2446
2825
3022
3114
2889
2624
2544
2261
2282
1469
973
1010
949
835
321
-86
198
408
-136
-436
-598
-924
-1020
-898
-762
-751
-912
-1094
-1221
-952
-312
-554
-560
-271
-276
-640
-609
-369
-556
-752
-659
-522
-642
-341
-484
-940
-981
-1399
-1318
-1160
-1489
-1081
-1039
-1150
-1048
-959
-297
-138
-8
-155
-74
112
-69
-207
-160
283
411
204
146
105
14
109
-212
-192
-167
-106
-375
-683
-814
-1236
-1012
-1405
-1648
-1676
-1727
-1732
-2200
-2332
-2497
-2619
-2907
-2987
-2872
-2929
-2917
-2668
-2756
-3122
-3201
-3432
-3271
-3006
-2876
-3279
-3245
-2729
-2653
-2619
-2736
-3273
-3319
-3203
-3296
-3190
-3113
-2951
-2932
-2540
-2136
-1882
-2013
-1965
-1731
-1880
-1952
-2088
-1774
-1406
-1229
-1257
-952
-391
-426
-180
-182
-342
-228
120
88
188
174
133
270
-11
192
-273
-610
-821
-691
-252
-3
-346
-192
-113
-251
-532
-484
-1008
-977
-575
-770
-381
-374
-181
-623
-991
-1057
-1307
-1247
-1338
-1520
-1501
-1573
-1530
-1586
-1824
-1274
-1288
-1040
-648
-746
-474
-358
-510
-825
-618
-220
23
-124
61
521
1299
1419
1307
1260
1413
1206
1019
1348
1080
707
582
974
695
303
174
219
-41
250
705
652
675
790
1119
1246
1119
1271
1357
1555
1622
1788
2258
2429
2408
2197
2259
2124
1988
1838
2183
1507
1337
1367
1755
1873
1200
1243
1371
1628
1610
1220
1387
1062
947
1047
1334
1372
798
868
829
885
977
945
766
764
979
1120
929
363
284
215
-173
-20
371
440
483
544
333
442
693
504
455
331
642
739
1100
1139
1082
1103
796
874
817
802
1119
901
745
991
1006
766
599
615
685
1053
970
1320
1176
1444
1352
1317
1605
1802
1888
1836
1730
2084
2200
2176
1976
1838
1952
1711
2442
2752
2658
2249
2057
1621
1377
739
30
176
119
248
513
96
-64
-21
3
-80
-488
-419
-194
-74
434
395
240
148
-158
-684
-842
-369
-596
-968
-908
-917
-933
-1158
-948
-1257
-1229
-1198
-1634
-1766
-2339
-2384
-2112
-1987
-2077
-2010
-2527
-2648
-2458
-2103
-1652
-1718
-1660
-1626
-1238
-951
-573
-863
-794
-649
-1012
-1138
-824
-897
-878
-1214
-1175
-961
-982
-887
-955
-816
-717
-602
-789
-703
-1087
-733
-442
34
-107
-595
-418
-391
-228
-234
-492
-432
-945
-1069
-796
-1092
-875
-1112
-798
-1228
-1353
-860
-459
-465
-37
443
136
68
79
235
249
-242
21
340
749
1135
1277
1303
1183
1011
865
594
168
-30
252
420
-2
-32
-610
-910
-1406
-2029
-1981
-2123
-2274
-2518
-2618
-2626
-2371
-2136
-2202
-2049
-1942
-1850
-1370
-845
-272
-155
114
410
97
113
471
717
1245
1624
1841
2116
2192
2401
2510
3231
3522
3574
3763
3809
3819
4307
4583
4807
5128
4518
4037
4130
4159
4018
4301
3991
3709
3188
3163
3076
3240
3308
3200
3193
3319
3683
3316
3339
3077
3439
3211
3169
3168
3009
2655
2318
2508
2212
2310
1929
1549
1191
1140
914
552
485
440
-128
-700
-1317
-1711
-2398
-2796
-3608
-4302
-4776
-5481
-5439
-5263
-5283
-5644
-5549
-5696
-5711
-5262
-4974
-4712
-4634
-3989
-3117
-2992
-2529
-1595
-1063
-922
-615
-315
-47
660
797
1137
1690
2180
3084
3073
3625
4009
3563
3628
3649
3675
3646
3594
3253
3167
3105
3325
3236
3277
3704
3104
2925
3186
3394
3586
3551
4058
4133
4302
4084
3709
3928
4030
4122
3939
4108
3770
3001
2178
1725
1392
944
831
32
-633
-774
-1049
-1327
-1814
-2144
-2349
-2646
-2988
-2823
-2551
-2824
-3224
-3216
-3398
-3269
-3312
-3673
-3530
-3207
-3188
-3323
-3455
-3695
-3361
-3504
-3597
-3184
-2857
-2813
-2548
-2405
-2378
-1820
-1205
-1158
-1018
-808
-740
-383
-275
-379
-128
175
280
874
1289
1287
1370
1566
1940
2386
2235
2476
2716
2461
2343
2503
2727
2882
3081
2755
2583
2218
1479
1179
905
716
259
-103
-292
-133
-421
-431
-403
-949
-1614
-2130
-2289
-2147
-2540
-2798
-2842
-2818
-3077
-3503
-3827
-4106
-4570
-4502
-4798
-5113
-5153
-5884
-5785
-5887
-5876
-5548
-5332
-5339
-5241
-4679
-4045
-4193
-4369
-4317
-4323
-4071
-3551
-2932
-2856
-2517
-2622
-2471
-2193
-2182
-1727
-1469
-1125
-721
-404
-272
-111
-22
398
333
559
724
940
1298
1497
1431
1530
1776
1916
1976
2362
2477
2295
2567
2920
2998
3019
3160
3027
2954
2897
2722
2859
2639
2712
2587
2127
1774
1923
1823
1131
563
-407
-901
-1570
-2026
-2683
-3119
-3453
-3713
-4905
-5353
-6031
-6718
-6956
-7348
-7207
-7545
-7161
-7174
-7575
-7555
-7461
-7563
-7140
-6948
-6895
-6235
-5683
-4845
-4340
-3702
-2328
-1327
-518
580
1605
2125
2955
3983
4720
5463
5950
6376
7134
7278
8027
7697
7146
7443
8179
7646
7735
7680
7541
7513
7319
7070
6827
6703
6580
6530
6350
6390
6337
6177
6316
6224
6048
6082
5465
5180
4991
5612
6072
5950
5974
6073
5977
5186
4376
3743
3127
2666
1709
753
454
105
-429
-1147
-2043
-2597
-3395
-4092
-4243
-4762
-5750
-6625
-7000
-7667
-7986
-8245
-8637
-8814
-9203
-9554
-9526
-9309
-9056
-8807
-8510
-8382
-7770
-6530
-5283
-3637
-2460
-1272
-179
1061
2536
3585
4681
5173
6046
6553
7183
7509
7701
8045
8209
8319
8270
8661
8763
9193
9317
9452
8918
8044
7168
6827
6748
5954
5013
4422
3386
2816
2685
2508
2651
2703
2655
2221
2069
2042
2355
2731
2958
2859
2838
2879
2127
1712
1875
1610
751
-272
-1199
-1797
-2481
-3927
-4564
-5436
-6086
-6924
-7217
-7081
-7206
-7333
-7505
-7694
-8313
-8288
-8635
-8354
-8039
-8053
-7388
-7332
-7384
-6839
-6135
-5487
-4814
-4041
-3424
-2598
-1659
-662
192
1003
1534
1896
2684
3649
4412
4606
4957
4674
5045
5123
4973
5049
5144
5340
5262
5592
5626
6423
6498
6526
6753
6825
6703
5883
5409
4408
3712
2948
1913
1049
472
-579
-1405
-1880
-2723
-3202
-3874
-4687
-5583
-6281
-6955
-8195
-8935
-10090
-11369
-12290
-13195
-14150
-14956
-15732
-16157
-16599
-16626
-16156
-15248
-13652
-12118
-10186
-7901
-5847
-3885
-1502
906
2694
4291
5448
6508
7618
7944
8177
8491
8567
7788
7655
7675
7268
6843
6420
6216
5536
4611
3817
3117
2188
1398
156
-945
-2195
-3566
-4294
-4928
-5513
-5531
-5043
-4428
-3826
-2896
-1206
66
1080
2510
4264
6081
6997
7565
8068
8528
8073
7232
6555
5463
4310
3349
1936
655
-261
-1535
-2354
-3371
-4045
-4283
-4749
-5111
-5445
-5292
-5508
-5758
-5745
-6261
-6767
-7124
-7309
-7202
-7263
-7585
-6941
-5984
-5102
-4655
-3234
-2117
-814
322
1309
2604
3489
3910
4402
4973
4788
4590
4583
4662
4178
3844
3544
3647
3163
3566
3521
3744
3820
4348
4708
4854
4719
5064
5684
5866
5356
4971
5598
5707
5076
4912
5549
4924
4706
4761
5232
5634
5290
5230
5422
4270
3368
3080
3461
2366
1571
1360
648
-450
-1231
-1171
-2016
-3670
-4055
-4324
-4483
-4990
-5021
-4492
-4189
-4818
-4683
-4309
-4107
-3844
-3860
-3484
-3513
-3494
-2846
-2242
-2431
-2028
-1492
-466
-343
-243
580
812
1045
822
1022
1174
388
210
-39
242
264
424
479
878
888
1302
1696
2198
2338
2706
3024
3317
3502
3943
3914
4262
4269
3959
3890
3890
4151
4855
5395
5592
6153
6063
6390
6843
7207
7428
7687
8085
8894
8811
8357
8391
8254
7488
6438
5891
5333
4273
3324
2817
1950
1094
500
-228
-1056
-2579
-3618
-3633
-4586
-5935
-6521
-7042
-8444
-9707
-10018
-10227
-10850
-11732
-11799
-11678
-11844
-12372
-12322
-12288
-13135
-13255
-13493
-13564
-14532
-15390
-15803
-15177
-14499
-13540
-13435
-11802
-10349
-8621
-6152
-3322
-810
1349
3132
4882
7196
8328
9672
10922
12038
12123
12439
12500
13174
12856
12655
12294
11912
11053
9966
9518
8669
7088
6035
4914
3504
1022
-761
-2336
-3892
-5694
-7632
-8842
-10077
-10975
-10961
-9573
-8545
-7569
-6293
-3762
-1469
357
2126
3958
5161
6127
6845
7637
7838
7424
7213
7291
6360
6495
6394
6514
6329
6304
6219
6140
6010
6002
5396
5468
4489
3687
2517
1770
753
-593
-1420
-1915
-3003
-3462
-3832
-4023
-3604
-3847
-4011
-3400
-2623
-2608
-2299
-1802
-1185
-1441
-1997
-2038
-2529
-4129
-5003
-5916
-7066
-8436
-9664
-10538
-11809
-13610
-14410
-15639
-16800
-17882
-19326
-20372
-21509
-23295
-24153
-25735
-24914
-23872
-22961
-24218
-20843
-17987
-15949
-14130
-9188
-4223
-1928
-413
3912
10404
10976
11584
13358
17955
16390
15781
17834
20411
16892
16026
18078
18732
14988
13598
14604
14341
9729
7738
8204
6873
1237
-1555
-1383
-3139
-8680
-10438
-8990
-10138
-12894
-11905
-8067
-7449
-6877
-3893
1317
3103
4433
7410
12291
13290
14076
16048
18231
18740
18529
19851
20399
20011
18343
18905
19303
18061
17190
16775
16428
15189
14274
12649
12400
9259
7014
4382
3072
-104
-3023
-5946
-6654
-8242
-11239
-12490
-12724
-12560
-14081
-14572
-13140
-13312
-14470
-14490
-12479
-12707
-13717
-14315
-12842
-13239
-15629
-16664
-15755
-17371
-19845
-19877
-19395
-21193
-23245
-23412
-21281
-19810
-19090
-17888
-13889
-10354
-8446
-4987
890
5025
7027
9222
13240
17155
18694
19303
21244
23345
22258
22074
23175
23883
21459
20780
22054
22481
20509
18566
18885
17825
14303
11227
9790
7374
2735
-1089
-2184
-4281
-8937
-11845
-11399
-11433
-13352
-12561
-9155
-7117
-5980
-2587
2430
5114
7140
10186
14831
17112
18193
20122
22239
22535
21696
21764
22035
20856
18447
18284
17866
16247
14871
14434
13727
11975
9962
8375
7164
4285
1693
-428
-2094
-5082
-7850
-10152
-11558
-13426
-15150
-15761
-16181
-15816
-15838
-14811
-13034
-11901
-11338
-10268
-8761
-8253
-8588
-9377
-8793
-9795
-11551
-13269
-13989
-15298
-17822
-19114
-19943
-21063
-23125
-23669
-24323
-25376
-27366
-27972
-28663
-27653
-25428
-24490
-24928
-21782
-16251
-14764
-11538
-6931
-1041
676
1893
5688
13271
13793
12674
14771
19079
18704
17110
19735
22047
19261
17319
20118
22034
18093
14286
15500
15501
9866
5920
6516
4719
-1838
-5597
-4069
-5439
-11063
-12782
-8785
-8247
-10281
-8345
-2575
-937
-127
3265
9003
10489
11614
15567
19869
21114
20956
23463
25114
24386
22707
23956
23786
22747
20887
21289
20590
19614
17420
16001
13886
11757
9125
6563
3897
891
-2273
-5906
-8253
-10929
-14238
-17018
-18966
-19993
-22245
-24004
-24836
-24905
-26513
-26983
-25887
-24647
-25455
-26543
-24700
-23892
-25512
-26398
-25336
-25888
-27111
-27203
-26283
-27268
-30962
-32446
-31181
-29311
-30191
-29088
-25488
-19805
-17892
-13787
-7090
631
3603
7129
12940
19556
21300
22133
25554
28739
28240
26946
29055
30891
28983
27483
29925
30262
28191
25412
25792
24508
20102
16073
14602
10937
3832
-2214
-5245
-9336
-15834
-20464
-21037
-22486
-24570
-24752
-20838
-17889
-16107
-11543
-4399
678
4207
9206
14694
18834
20473
22564
24951
26233
25560
25504
26362
26333
25229
24099
24812
24374
23474
21880
21732
20045
18426
14493
11936
9020
4502
-542
-3664
-7210
-11947
-16038
-17624
-18829
-21095
-22670
-21858
-20572
-20486
-20293
-17623
-15389
-15366
-14967
-12422
-11425
-12344
-12723
-10893
-10519
-12470
-14056
-12800
-13836
-16495
-18044
-18093
-19657
-22416
-24605
-24451
-25422
-25726
-25476
-24723
-24290
-21854
-18560
-15076
-10979
-6119
282
4074
7466
13006
18670
20224
22267
23916
27177
26768
26632
27325
27954
26132
25524
25675
25129
21911
19340
18159
15849
11555
7806
5074
702
-5180
-8984
-12096
-16355
-21388
-23405
-23644
-24182
-24379
-21990
-18200
-14488
-10005
-4556
2133
7635
12513
17954
23052
26060
28182
30101
31447
31944
31909
32015
31800
30632
29507
28796
27781
26185
25095
22395
20987
18807
15687
12484
9683
5663
1898
-2732
-6026
-8829
-12692
-15461
-16921
-18368
-20440
-21760
-21234
-20360
-20861
-19962
-18323
-17348
-16934
-16238
-14623
-14263
-14551
-14615
-13573
-14589
-16011
-17126
-16892
-18593
-21099
-22783
-23983
-26323
-28949
-30673
-31893
-31655
-31990
-30777
-29036
-26856
-23126
-19273
-14847
-9513
-3172
1369
5552
10183
16092
19639
21278
23998
26621
27248
27621
28990
30292
29841
28455
29560
30069
28028
25931
25185
23473
19343
14926
12179
7374
905
-4641
-7857
-11885
-17493
-20977
-21440
-21967
-22798
-21173
-16967
-13335
-10090
-4572
2081
7350
11043
15580
20403
22933
23994
25144
26921
26251
25791
26011
26280
24905
24368
24357
24417
23464
22114
21621
20537
17161
14724
11707
7570
3651
-1020
-4340
-8116
-12278
-14932
-16595
-17855
-18330
-19110
-18842
-18507
-18235
-17442
-16643
-16650
-16180
-16176
-15728
-15274
-15055
-15120
-15027
-14291
-14281
-14806
-15170
-14993
-16165
-17842
-18900
-20028
-22619
-25430
-27145
-28724
-31466
-32254
-30383
-29128
-29269
-25707
-20866
-15761
-12159
-5260
2693
8398
11150
17136
23872
26378
26826
28628
32192
31096
29643
30611
32114
29157
27270
27709
28702
25048
21824
21035
19211
13826
8891
5804
1412
-6061
-11952
-14892
-18874
-24882
-27761
-27883
-28108
-29198
-26993
-22192
-18143
-14457
-8518
-1821
3675
8084
13269
18813
22048
23996
25765
28262
28821
28742
29644
29877
29231
28895
28820
28143
27313
25358
24148
21770
19023
15824
12883
8375
4941
408
-3587
-6680
-10368
-13572
-15494
-17574
-18555
-19318
-20175
-19613
-19193
-18800
-17818
-17178
-15753
-14868
-13502
-12276
-11950
-11870
-11290
-11021
-10999
-11880
-12819
-13013
-14394
-16075
-17608
-18773
-21717
-24541
-26928
-28648
-30250
-30359
-29748
-28942
-27213
-24015
-19542
-15919
-10878
-5391
471
4326
8880
14151
19157
20835
22572
24891
26361
25843
26051
27111
27348
25999
25970
26517
25857
23350
22037
20672
17461
12867
8875
4938
-769
-7186
-11398
-15071
-20144
-24196
-25711
-25991
-26338
-25214
-21878
-17201
-12649
-7462
-1455
4505
9526
13820
18672
22489
24788
26154
27965
29041
29144
28919
29691
30257
29673
29259
29479
29976
28613
27309
26563
24866
20564
16651
13057
9178
3352
-1644
-5142
-9212
-13837
-17351
-18859
-20194
-22111
-22997
-21617
-21482
-21795
-21430
-20131
-19620
-19949
-19428
-18127
-17911
-18756
-18504
-17455
-17578
-18241
-18306
-17600
-17851
-19186
-19633
-19409
-21035
-23123
-24416
-26009
-28261
-28673
-27228
-25700
-26626
-23259
-18683
-14467
-11549
-4721
2945
7855
9231
15798
23620
26282
26726
28492
32353
31410
29312
30464
32440
28640
26112
26795
27810
23645
19820
19512
17980
12614
7270
4360
92
-7071
-12757
-15483
-19494
-25524
-28797
-28561
-28062
-28620
-26316
-21443
-16906
-12665
-6550
613
6529
11115
15685
21217
24467
26477
27317
29237
29432
29194
27659
28735
28420
26974
26496
27313
27992
25983
24501
23589
23040
17600
14344
10680
7592
745
-3465
-6651
-9174
-14441
-17185
-17537
-18091
-20174
-20301
-17759
-16760
-17266
-16158
-13549
-12926
-14194
-13754
-12530
-12883
-15206
-15067
-14463
-15337
-17556
-17856
-17780
-18310
-20808
-21298
-21533
-23362
-26608
-27937
-28921
-31229
-31286
-29285
-27292
-26965
-22658
-17251
-12250
-9046
-1445
6206
10880
12523
18981
25309
27751
26787
29100
32197
30622
28592
29573
30539
27146
24641
25360
26050
21418
18086
17287
14912
8612
3587
579
-4283
-11843
-17049
-19138
-22505
-27452
-29294
-28043
-26924
-26369
-22741
-17035
-11546
-6477
336
7649
13540
17990
22143
26352
29383
30895
31038
31628
31983
31877
30522
29779
30008
29282
27979
27774
28616
26600
24018
21678
20323
16853
11216
6572
3798
-1847
-7436
-10949
-13889
-17321
-21193
-21587
-20807
-21805
-22416
-20236
-18177
-18079
-18476
-16510
-14844
-16057
-16782
-15976
-15880
-18383
-19808
-18730
-18996
-21111
-22174
-21177
-21682
-23225
-23707
-23409
-24246
-27254
-28502
-30022
-31741
-31887
-29777
-28654
-27918
-23831
-18850
-14188
-9284
-236
8157
12330
14910
22138
27409
28321
27750
30651
32417
30015
27922
29228
28964
24999
22281
23166
22720
17660
14781
14537
12017
6387
2491
938
-3939
-10799
-14880
-16122
-20203
-25016
-26476
-25544
-25534
-25929
-22213
-16839
-12527
-7929
-1325
5310
10686
14554
19684
24107
26346
27523
28532
29406
28631
27652
26580
25927
24618
23228
22189
22111
21122
19591
17832
15834
14008
10766
6797
3607
-329
-5231
-9765
-12717
-15777
-18719
-21568
-21381
-21627
-21712
-21200
-18680
-16876
-15934
-14641
-12176
-11181
-11058
-10797
-9822
-9874
-11253
-11914
-11434
-12503
-14125
-14370
-14350
-15419
-17113
-17721
-18102
-19488
-21053
-22231
-23463
-25664
-26321
-24853
-23332
-23766
-21400
-16929
-13246
-10452
-4338
3679
8331
10241
15520
22673
25578
25602
27421
30840
30284
27403
27934
29184
26245
22425
22037
22388
18753
14299
13360
11891
6673
1502
-828
-3887
-10082
-15075
-16635
-18734
-23061
-25582
-24259
-23034
-23146
-21034
-16293
-11251
-7214
-1687
4880
10372
14463
18720
23091
26284
28023
28849
30251
31094
30567
29670
29373
29410
28113
26504
26247
25815
24161
21081
19099
17116
13739
8459
5388
1537
-2663
-8184
-10493
-12812
-15794
-18790
-18706
-18702
-19444
-19797
-18041
-16356
-16515
-16349
-14604
-13778
-14513
-14926
-14053
-14179
-15747
-16758
-15682
-16267
-17108
-17913
-17123
-17784
-18749
-19229
-19163
-20515
-22327
-23456
-24668
-26821
-28186
-26262
-24470
-24327
-21851
-16601
-11762
-8308
-2914
5488
12213
14590
18490
25314
29651
29352
29208
31974
32022
28905
27850
28988
27504
24095
22510
23476
21613
17143
15326
14488
11229
5742
2329
-408
-5732
-12324
-15304
-17600
-21087
-24392
-24718
-23017
-22007
-20424
-16226
-10670
-5776
-829
5220
11458
16347
19598
23556
27053
28797
29072
29800
30436
30019
28922
28232
27628
26751
25538
24163
23813
22329
20043
17217
14732
11343
7426
2550
-1267
-5919
-10519
-14396
-17258
-20186
-22833
-24100
-23663
-23480
-23421
-22227
-20431
-19289
-18607
-17406
-15715
-15283
-15474
-15042
-14229
-14775
-15210
-15104
-14444
-14478
-15078
-14899
-14545
-15065
-15544
-15881
-15948
-17874
-19558
-20956
-22410
-23510
-22800
-21781
-21335
-19021
-15139
-10508
-6730
-666
6412
12394
15302
19617
25043
28851
28920
29498
31363
31258
28931
27855
28036
26487
23419
21775
22077
19880
16648
14460
13152
9718
5025
1280
-2077
-7569
-13268
-16782
-19752
-23733
-27007
-27688
-26547
-25744
-23729
-19366
-14314
-9380
-3980
2329
8386
13182
17472
21782
25170
26803
27719
28462
28841
28393
27003
27086
26541
25135
23731
23963
23272
22297
19989
18421
16208
12546
8146
4716
-75
-4854
-9902
-13574
-16588
-20357
-22947
-23443
-23795
-23788
-23207
-21409
-19516
-18979
-17382
-15561
-14254
-14346
-14042
-13524
-13486
-14679
-15251
-15117
-15692
-16432
-16743
-16370
-15838
-16349
-16230
-16521
-17268
-18512
-19790
-21212
-23200
-24609
-24256
-22931
-23169
-21293
-18001
-12836
-9806
-4616
2612
9243
11838
15827
21496
25662
26362
26608
28843
29342
27231
25965
26956
25760
22652
20831
21567
20493
17027
14856
14259
11522
7075
3324
707
-3848
-9649
-13707
-16005
-19751
-23055
-24359
-23413
-22577
-20914
-17855
-12708
-7525
-2040
3867
10025
15292
19357
23360
26936
29521
30063
30638
30916
30753
29665
28946
28689
27742
26374
25664
25025
23716
21537
19286
17098
13846
9646
5713
1141
-3646
-8481
-12524
-16338
-19409
-22497
-23352
-24073
-24688
-24392
-23180
-21950
-20873
-19619
-18257
-16806
-16583
-16186
-15846
-15624
-15646
-15864
-15579
-15252
-15079
-15240
-14644
-14528
-14455
-14971
-14679
-15342
-16057
-17641
-18690
-21256
-22005
-21377
-19277
-19981
-18590
-14230
-9704
-6664
-2067
6251
12683
14402
17522
24625
28751
29190
28531
31945
32236
28809
27220
29018
27365
23356
21389
23540
21876
17620
15526
15734
12326
7007
3746
1349
-4426
-11108
-14573
-16569
-21049
-25119
-25945
-24827
-24012
-22468
-18602
-13116
-8225
-3289
2964
9525
14338
18214
22656
26468
28661
29199
29747
30304
30377
29150
28365
28121
27303
25342
24775
23959
23210
20482
17857
15962
12987
8167
4561
558
-4237
-9715
-14007
-16992
-19915
-22908
-24328
-23783
-24017
-23964
-22539
-20376
-19307
-18220
-16538
-14764
-14417
-14746
-13958
-13516
-14465
-15459
-15141
-15366
-16011
-16876
-16477
-16273
-17310
-17535
-17296
-17562
-19248
-20795
-22960
-23418
-23364
-21648
-21019
-20702
-16469
-12294
-8797
-4580
2960
10254
13465
15765
23055
28731
29567
28774
31027
32767
30174
28069
29017
28540
24912
22172
23019
21968
17776
14933
14432
11148
6000
1653
-793
-5827
-12634
-16829
-19205
-22842
-27321
-28498
-27776
-26454
-25220
-21508
-16559
-11290
-5485
1061
7623
13594
18241
22132
26302
29261
30308
30224
30950
31293
29867
28300
27734
27007
25017
23573
23211
22322
19656
17282
15271
12674
7887
3344
-552
-5102
-10625
-15378
-17931
-20923
-24843
-26663
-26072
-25631
-26049
-24817
-22049
-20386
-19531
-17810
-15998
-15267
-15504
-14907
-14279
-15175
-16374
-16748
-16377
-17569
-18883
-19292
-18998
-19826
-20932
-21086
-21325
-22447
-25049
-27169
-26153
-24410
-23385
-24742
-21012
-15463
-12345
-9939
-3164
5720
10075
11106
17442
25939
27917
27020
28285
32593
31663
28177
28901
30424
27104
23443
23783
25186
21135
16057
15629
14175
8964
3608
918
-2507
-9568
-15876
-17944
-20621
-25486
-28654
-28247
-26722
-25824
-23674
-18839
-13227
-8058
-2205
4190
10639
15383
19248
23616
27402
29482
29426
29586
30437
29946
28571
27561
27076
26852
24906
23710
23898
22552
19675
17531
15260
12771
7721
3516
39
-4691
-10097
-13227
-16116
-19093
-21753
-22426
-21890
-22013
-21451
-19530
-17246
-15777
-14690
-13167
-12118
-12320
-12305
-11922
-12379
-14182
-15825
-15809
-16474
-17976
-19233
-19049
-19317
-20356
-20986
-20303
-21229
-23083
-25288
-24694
-22748
-21314
-23147
-21700
-15473
-12039
-9813
-4802
5326
11320
11780
16211
25270
27986
26827
26549
31204
32030
27996
27357
29562
27886
23025
21718
24012
21562
15533
14210
14242
10054
3950
549
-1699
-7347
-13837
-16527
-18361
-22647
-26540
-26988
-25383
-24612
-23577
-19651
-14342
-9357
-4232
1321
7408
12619
16237
20088
23515
25777
26122
26197
27251
27196
25679
24709
24358
23530
22256
21129
21224
20531
18173
16013
14475
12046
8162
4065
741
-2493
-7398
-10464
-13148
-15264
-17933
-18990
-18584
-17999
-17828
-16680
-14653
-12994
-11923
-11386
-10270
-10456
-11159
-11329
-11949
-13590
-15449
-16408
-16877
-18137
-19903
-19881
-20451
-21234
-22182
-21338
-21933
-23173
-25381
-24332
-21961
-20437
-21914
-19999
-13541
-11016
-8447
-3832
5997
9833
10654
14981
24549
26508
25675
25763
31368
31061
27380
27577
30085
27174
22806
22709
25160
21063
15835
15259
14832
9998
4438
1448
-1487
-7972
-14024
-16114
-18971
-23356
-26740
-26178
-24593
-24131
-22600
-18045
-13177
-8251
-3111
2566
8060
12745
16174
19764
22766
24987
24717
24320
24947
24851
23112
21669
20910
20488
19056
17759
17590
17001
14705
12699
11057
9057
5463
1396
-1205
-4037
-7897
-10808
-12437
-14508
-16140
-16716
-15611
-14984
-14220
-12740
-10862
-9718
-8607
-8070
-7516
-7841
-8593
-9176
-10784
-12840
-14672
-15564
-16919
-18469
-19954
-20369
-21132
-22057
-22450
-22455
-23469
-25111
-26415
-27208
-24896
-23263
-22630
-24048
-16707
-13076
-9140
-6302
3691
10568
12545
14243
24244
28259
27299
25394
28866
31654
27225
25295
27509
26323
21320
19631
22114
20997
14608
12863
13277
10179
4433
525
-1822
-6891
-13882
-16750
-18789
-22926
-27165
-27807
-26333
-24958
-24100
-20214
-15456
-10181
-4883
473
5727
10883
14343
17563
20398
22649
23040
22038
22260
22516
21254
19472
18746
18886
17983
16587
16946
17322
15574
13448
12743
11580
8433
4527
2187
-353
-4168
-7418
-8834
-10808
-12441
-13290
-12200
-11360
-10831
-9980
-7927
-6942
-6117
-5524
-5398
-5876
-7250
-7705
-9244
-11192
-13404
-14640
-16193
-17382
-18857
-19522
-19791
-20487
-21072
-21629
-22285
-23391
-25296
-25975
-23018
-21188
-22345
-22435
-14793
-11244
-8466
-5353
5006
9928
10874
13827
24189
26927
25709
24701
29914
30850
26155
25686
28330
26036
21131
20647
23109
20451
14201
13657
13925
9788
4209
1344
-776
-6547
-12896
-15022
-17392
-21707
-25669
-26056
-24420
-23328
-22595
-18573
-13764
-8860
-4118
1224
6684
11247
14007
17357
20450
22302
21977
20994
21802
21526
20011
18510
18318
17610
16429
15592
16254
15673
13717
12252
11809
10219
6762
3779
1525
-1062
-4958
-7271
-8401
-10633
-12051
-11955
-10804
-10526
-10191
-8733
-6809
-6599
-5690
-4884
-5286
-6220
-7567
-8232
-9990
-12345
-14788
-15622
-17179
-18987
-21050
-21397
-21784
-22899
-23612
-23320
-23904
-25261
-26685
-27164
-24531
-22908
-22669
-23198
-16071
-12330
-9203
-6057
3569
9636
11589
13711
23480
27542
26868
26011
29798
31984
27942
26496
28703
27037
22466
21095
23144
21520
15590
14287
14508
10981
5799
2384
-69
-4976
-11453
-14160
-16603
-20470
-24370
-25466
-24347
-23278
-22920
-19575
-15390
-10622
-5886
-767
4371
9084
12470
15630
18373
20539
21005
20245
20496
20305
18989
17556
16909
16353
15571
14825
14662
14559
13149
11646
10739
9455
6781
4016
1378
-832
-3771
-6302
-7879
-9449
-10570
-10827
-10053
-9366
-8317
-7233
-5787
-5055
-4365
-3730
-4021
-4847
-6039
-6712
-8462
-10588
-12604
-13665
-15171
-16938
-18387
-18989
-19348
-20745
-21186
-21480
-21957
-23549
-24344
-25898
-24043
-22676
-20972
-22355
-16971
-12244
-9236
-6731
832
8669
11337
12259
19658
26353
26743
25569
27714
31911
28312
25198
26994
27082
22272
19592
21166
21537
15536
12581
13238
10931
5520
1684
-883
-4839
-11773
-15374
-17434
-20730
-25165
-26937
-26178
-24740
-24135
-21140
-16912
-12081
-6660
-1696
3347
8346
12282
15207
18094
20193
21292
20219
19955
20262
19492
17840
16803
16258
15647
14907
14325
14334
13504
11830
10566
9547
7274
4283
1724
-280
-2869
-5336
-6778
-8283
-9215
-9437
-8777
-8076
-7487
-6427
-4884
-4610
-3835
-3098
-3508
-4141
-5392
-5921
-7626
-10081
-12112
-13496
-15130
-16921
-18509
-19786
-20417
-21630
-21909
-22689
-23044
-24782
-25390
-27053
-26436
-24908
-22322
-23112
-21044
-14962
-11109
-7668
-3020
5742
10778
12394
16255
24665
27385
27085
26666
31175
30959
27118
26947
28473
25734
22236
21965
23293
19848
15501
15011
13735
9191
4772
1248
-2202
-8397
-13368
-16180
-19296
-23291
-25778
-25967
-24687
-23426
-21241
-17546
-13176
-7736
-2501
2326
7033
11664
14681
17364
19518
21413
21036
20270
20421
20471
19070
17628
17268
17162
15857
15158
15233
14636
13173
11509
10681
9099
5863
3006
980
-1250
-4388
-6659
-7972
-9152
-10079
-9818
-9127
-8415
-7527
-6462
-5552
-5125
-4542
-4880
-5631
-6772
-7604
-9392
-11472
-13360
-15210
-16692
-18373
-19491
-20961
-21604
-22402
-22614
-23516
-23923
-25087
-25880
-27586
-27483
-25444
-23146
-23761
-22183
-15933
-12228
-8918
-4377
4584
9753
11586
15634
23822
26856
26765
26597
30605
30715
27116
26722
28041
25318
21757
21534
22577
19465
15021
14445
13563
9422
5192
1814
-1537
-7326
-12643
-15457
-18350
-22522
-25589
-26169
-25141
-24055
-22358
-18716
-14547
-9437
-4317
656
5503
9973
13484
16453
18655
20473
20640
19929
20178
20038
18846
17351
16980
16682
16143
14912
14934
14520
13121
11717
10504
9201
6644
3658
1410
-358
-3112
-4999
-6969
-7798
-8534
-8530
-8199
-7286
-6546
-5215
-4880
-3932
-3225
-3580
-4347
-5049
-5843
-7092
-9560
-11539
-12822
-14589
-16425
-17661
-18778
-19835
-20753
-21382
-21515
-22261
-22819
-23841
-24589
-25756
-27310
-25696
-22558
-21321
-22693
-16096
-11017
-6964
-4480
4100
12538
14918
15275
23587
29629
29717
26305
29156
32714
27876
24629
26461
26430
22370
19356
21303
21608
16187
13772
13477
10983
6223
1239
-1756
-6116
-12572
-16346
-19101
-22020
-25093
-27009
-25874
-23073
-21251
-18153
-14101
-7819
-1691
2133
6617
12306
15529
17026
19042
21907
22069
19878
19529
19926
18755
17278
16145
16219
15956
14416
14087
14803
13749
11771
10655
9609
7477
3999
1409
-363
-2871
-5239
-7163
-8277
-8279
-9108
-8619
-7350
-5889
-5521
-5190
-3717
-2890
-3860
-4907
-5225
-6209
-7679
-9960
-10975
-13355
-15329
-16550
-17611
-19521
-21078
-21878
-22639
-23550
-24301
-24513
-26335
-26899
-28724
-27580
-25107
-22331
-23538
-19475
-13110
-8757
-5782
0
9372
13733
14257
18996
26736
28686
26635
26389
30912
29376
25341
25458
26846
24219
21065
21165
22587
18481
14559
13682
11843
7530
2671
-1574
-5284
-11237
-15756
-19100
-22169
-24911
-26852
-26960
-24510
-22055
-19252
-15741
-10288
-3699
937
4635
9913
14254
16224
17671
20042
21518
19903
19111
19991
19479
17863
17134
17333
16981
16113
15171
15695
15149
12855
11271
10144
8032
4642
1443
-580
-3035
-5669
-6987
-8398
-8589
-8801
-9002
-7836
-6234
-5563
-5288
-4312
-3157
-3369
-5009
-5192
-6092
-7859
-10073
-11690
-13387
-15840
-17204
-18006
-19666
-21552
-21890
-22423
-23074
-24518
-24660
-25215
-26887
-28370
-29145
-27297
-24528
-23797
-24625
-17488
-11879
-8025
-5210
3874
12768
14579
15178
23544
29868
29040
25983
28662
32335
27058
24020
26197
26029
21595
19077
21285
21307
15819
13775
13720
10804
5843
637
-2619
-7421
-13694
-17763
-20988
-23840
-26626
-28239
-26915
-23761
-21568
-18510
-14120
-7637
-1439
2460
7138
12630
15982
17320
19077
21551
21555
19417
19297
19964
19173
17230
16509
17482
17006
15696
15580
16474
15187
12780
11006
10812
8057
3860
1096
-131
-3001
-6010
-7479
-7930
-7872
-8853
-8207
-6361
-4909
-4996
-3973
-2483
-1674
-3166
-3961
-4483
-5322
-7501
-9412
-10755
-12843
-14988
-16282
-17024
-18613
-20280
-21156
-21506
-22396
-23615
-24191
-25364
-26252
-27851
-28374
-26277
-22997
-22859
-22487
-15389
-9881
-6250
-2870
6758
14198
15166
16952
25570
30133
28893
26172
30272
31874
26784
25077
26982
26204
22121
20628
22805
21575
16550
15118
14088
11286
6254
1218
-2418
-7238
-12791
-17131
-20364
-22693
-25176
-26799
-24707
-21336
-18949
-16217
-11369
-4468
1057
4416
9253
14512
16983
17894
19722
21815
20878
18802
18931
19453
18352
16355
16426
17393
16516
15065
15914
16090
14107
11710
10627
9549
6154
2528
333
-1520
-4604
-6681
-7759
-7757
-8542
-8401
-7175
-5398
-4587
-4169
-3216
-1935
-2018
-3279
-3881
-4487
-5730
-7918
-9847
-11350
-13299
-15160
-15788
-17090
-18850
-20066
-20241
-21064
-21625
-22704
-23078
-25042
-25445
-26850
-27385
-25489
-22147
-22073
-21216
-14221
-8916
-5341
-2434
7482
14244
15017
16624
25101
28954
27237
24434
28827
29001
23843
22457
24459
23345
19298
17652
20150
18581
14246
12401
11351
8513
3461
-1907
-5052
-9631
-15189
-19683
-22009
-23799
-26431
-27848
-25152
-21600
-19428
-16474
-11436
-4276
31
3274
8339
13270
15192
16017
18038
20229
19277
17398
17919
18435
17552
15935
16308
17401
16591
15280
15807
16175
14284
11716
10585
9303
6030
2309
-179
-1723
-4541
-6711
-8024
-8116
-8888
-8886
-7779
-6097
-5309
-5243
-4175
-3050
-3296
-4732
-5267
-5781
-7171
-9316
-11026
-12529
-14368
-16213
-17038
-18097
-19910
-21300
-21426
-22173
-22949
-23576
-24284
-25803
-26164
-27046
-27945
-26153
-22398
-21780
-21690
-14945
-9100
-5498
-3063
6573
13827
14686
15446
23609
28009
26725
23678
27621
28711
23539
21926
24164
23711
19278
17390
19847
19207
14455
12567
11465
9078
3499
-1507
-3996
-8200
-14292
-18457
-20566
-21866
-24515
-26284
-23376
-20079
-17970
-15318
-9994
-3194
1016
4106
9142
14033
15529
16220
18271
20519
19688
17939
18396
18789
17992
16346
16681
17333
16798
15596
16402
16168
14496
12363
11239
9741
6515
3196
591
-1593
-4465
-6247
-7563
-7936
-8766
-8457
-7278
-5578
-4811
-4131
-3365
-2184
-2401
-2947
-3910
-4650
-5791
-7547
-8895
-10259
-12025
-13370
-14062
-14949
-15966
-16848
-16719
-17429
-17517
-17959
-18265
-18987
-19425
-20232
-21284
-22634
-23647
-21128
-17894
-16314
-16918
-9552
-4532
-575
2624
11450
17905
18510
18919
26418
29998
28192
24578
26341
27627
22568
20885
22072
20393
16520
15410
17938
17055
12198
10768
9986
7362
3308
-972
-4332
-8742
-13897
-16603
-18820
-20711
-23129
-23976
-21377
-18171
-15890
-12601
-8246
-2175
2606
5905
9958
13957
16072
17279
18828
20525
19783
17884
18028
18692
18212
16529
16086
16859
17093
15735
15536
15715
14722
12155
10330
9144
6770
2657
-258
-1336
-3590
-6326
-8588
-8575
-8586
-9421
-9364
-8037
-7167
-7254
-7096
-5729
-5186
-6259
-6976
-6697
-6947
-8614
-10307
-10817
-11735
-13176
-14326
-14785
-15823
-16909
-17327
-17373
-17440
-17635
-18616
-18962
-19466
-19397
-20959
-21670
-19336
-15278
-15158
-15650
-9192
-4078
-1698
125
9340
15422
14974
14734
23199
26495
24672
20747
24918
25404
20455
18481
20027
18796
14303
12548
14377
13349
8361
6658
5664
3823
-518
-4564
-6989
-10597
-14652
-18029
-19671
-20785
-22782
-24131
-21452
-18045
-15991
-14267
-9899
-3477
324
2879
7209
12241
14137
14848
17212
20052
19085
17663
18393
19550
18377
16363
16673
17620
16853
14978
15006
15743
13943
10616
9408
8226
5202
982
-1207
-2605
-5320
-8359
-10094
-10219
-10941
-12519
-12149
-10643
-10334
-10698
-10020
-8303
-8049
-8896
-8898
-8055
-8186
-9960
-10861
-10751
-11860
-13490
-14361
-14356
-15102
-16219
-16260
-15715
-15903
-16424
-17288
-16675
-17014
-17912
-19349
-20372
-18648
-15784
-15249
-15841
-10340
-5806
-3182
-869
7000
13403
14205
14671
21582
25926
24567
21852
24252
25614
20706
18456
19929
19150
14887
12373
14217
13930
9719
7536
7299
5942
1875
-2272
-4055
-6902
-11910
-15480
-17047
-18186
-21141
-22619
-20660
-17762
-16670
-14271
-9799
-4143
-2
3577
7976
12621
14950
16602
18855
21145
21342
20377
20262
20558
19941
18879
17941
17781
17699
16827
16064
15655
15196
12701
10195
8504
6496
2250
-1480
-3628
-5552
-8686
-11666
-12296
-12281
-13584
-13673
-12568
-11199
-11161
-10733
-9084
-8019
-7966
-8244
-7978
-7358
-8439
-9719
-9781
-10101
-10983
-12202
-12391
-11918
-12838
-13130
-12872
-12259
-12545
-13398
-13595
-13452
-14935
-16184
-18242
-17798
-15673
-13966
-15367
-12595
-7201
-3684
-1425
3908
12153
14929
14812
19085
25335
25918
23066
22123
24722
21787
18165
17777
17816
14887
11987
12482
13918
10942
8500
7893
6916
4291
340
-2574
-5413
-9814
-13481
-15994
-17595
-19273
-21227
-20974
-18374
-15965
-13604
-10766
-5187
662
4236
7567
12096
15742
17512
18776
21012
22034
20654
19721
20027
20262
18749
17102
17102
17603
16811
15248
14978
14491
12665
9600
7935
6041
2309
-1868
-4350
-6548
-9178
-12488
-14151
-14086
-14759
-14966
-14282
-12612
-11750
-11582
-10281
-8749
-8344
-8560
-8784
-7881
-8119
-9815
-10429
-10414
-10883
-11876
-12678
-12257
-12421
-12628
-12576
-12001
-11665
-12061
-13070
-13049
-13895
-14869
-17672
-18338
-15785
-13715
-15619
-14884
-8267
-4176
-2786
706
10044
14870
13910
15823
23576
25646
22242
19961
23230
22142
16591
15028
16366
14226
9850
9263
11790
10720
6553
5648
6106
4465
78
-3583
-5204
-8699
-13448
-16547
-17633
-19148
-22252
-23528
-20469
-17732
-16193
-13425
-8087
-1658
2106
5460
10558
14939
17001
18162
20170
21768
20721
19360
19295
19230
18086
16372
15875
16446
15850
14337
13882
13700
12484
9458
7069
5592
2698
-2143
-5092
-6941
-9509
-12873
-14876
-14703
-14761
-15755
-15435
-13189
-11600
-11281
-10097
-7822
-6698
-7208
-7222
-6304
-6291
-7822
-8663
-8085
-8683
-9979
-10289
-9888
-10157
-10601
-10398
-9855
-9980
-10811
-11372
-11686
-12580
-14181
-15945
-17849
-16924
-15040
-14486
-15750
-10959
-5918
-3284
-775
6592
13684
14575
14757
20967
25310
23499
20642
21479
22589
17573
15183
16159
15351
11337
9710
11636
11995
8487
6843
7071
5866
2906
-714
-3146
-6224
-10398
-13764
-15986
-17523
-19562
-21092
-19715
-16681
-14443
-11926
-8083
-1841
3354
6773
10723
15579
18306
19323
20615
22497
22800
21067
19917
20114
19710
17500
16125
16259
16502
14505
13378
13434
12316
9499
7041
5584
2843
-1158
-4903
-6797
-9347
-11754
-14433
-14773
-14705
-14752
-14968
-13300
-11577
-10507
-9800
-8023
-6507
-6275
-6686
-6236
-5630
-6425
-7960
-8199
-7948
-8995
-10051
-9669
-9770
-10516
-10650
-10306
-10089
-10531
-11293
-12094
-12611
-13769
-14929
-17822
-17253
-14746
-13093
-15413
-11715
-5684
-2455
-1112
4877
13299
15461
14473
18940
25366
24500
20978
20299
22842
18626
15136
14949
15479
12155
9281
10009
11530
9057
6293
5833
5162
2923
-1542
-4590
-7019
-10464
-14688
-17513
-18341
-19724
-22119
-21781
-17798
-15053
-13172
-10082
-3321
2519
5527
9057
13846
17260
18130
19243
21037
21813
19741
18864
19073
19186
17163
15638
15352
15626
14423
12772
11910
11436
9131
5954
4028
1997
-1427
-5959
-8181
-10053
-11948
-14949
-15835
-15104
-14847
-15373
-14192
-11805
-10192
-9889
-8308
-6293
-5676
-5951
-5504
-4332
-4728
-6140
-6505
-5941
-6406
-7419
-7731
-7364
-8062
-8323
-8191
-7930
-8334
-8686
-9896
-10466
-11356
-12625
-15237
-17170
-15552
-13576
-13295
-14821
-9183
-4244
-1869
104
7511
13501
14186
13958
19611
23040
21058
18161
18889
19981
15081
12797
13382
12617
9179
7784
9504
10283
6729
5318
5248
4005
1264
-2874
-5453
-8149
-12097
-15536
-17530
-18478
-19970
-21597
-19472
-15918
-13663
-11314
-7385
-797
3946
6746
10158
14481
17003
17814
18736
20209
20214
18522
17863
17998
18076
16108
14904
15029
15389
13670
12414
12294
11214
8327
5583
3979
1133
-2824
-6306
-8097
-10131
-12703
-15258
-15065
-14910
-14713
-14737
-12837
-11270
-10245
-9379
-7508
-6148
-5688
-5672
-4985
-4285
-4991
-5650
-5459
-5104
-5760
-6121
-5906
-5705
-6329
-6300
-6407
-6416
-6952
-7774
-8609
-9533
-10562
-11988
-14323
-15283
-13654
-11909
-12290
-12113
-6597
-3053
-1078
1945
8709
12899
12970
13867
19201
20977
19178
17044
18406
17976
14094
13041
13387
12097
9287
8700
9998
9328
6303
5428
4650
3440
189
-3210
-5273
-7868
-11452
-14373
-15434
-15875
-17465
-18124
-15281
-12438
-10377
-8074
-3308
2411
5678
8313
11979
15904
17270
17958
19553
21005
20165
18971
18693
19334
18401
16473
15637
15499
14872
12576
11353
10412
8747
5603
3123
1043
-1339
-5208
-7995
-9854
-11217
-13751
-15596
-15067
-14799
-15225
-15007
-13114
-11610
-10921
-10551
-8519
-7586
-7104
-7125
-6074
-5536
-5994
-6302
-5624
-5613
-6102
-6236
-6019
-6003
-6530
-6423
-6834
-6782
-7421
-8264
-9141
-10099
-11280
-12910
-14656
-14472
-12730
-11913
-12113
-10498
-5913
-3558
-1741
2622
8203
10524
10602
13486
17653
17633
15735
15490
16584
14877
11988
11857
11839
9814
8046
8366
8926
7062
4838
4569
3563
1567
-1481
-4067
-5797
-8470
-11208
-13276
-14081
-15321
-16481
-15965
-13434
-11588
-9878
-7179
-2556
1552
4403
7072
10369
13453
14906
15798
17339
18226
17635
16738
16872
17317
15840
14416
14130
14018
12489
11044
9839
8977
6786
4042
1839
-163
-3370
-6320
-8543
-9728
-11545
-13811
-14874
-14115
-14354
-14488
-13973
-12220
-11490
-11284
-9884
-8400
-7491
-7237
-6508
-5177
-5028
-5562
-4755
-4289
-4536
-5055
-4899
-4546
-4740
-4796
-4787
-5080
-5195
-6147
-6778
-7001
-8149
-9432
-10740
-12131
-12578
-11824
-10787
-10925
-9841
-6025
-3689
-1849
1040
6012
9036
9295
11114
14694
15431
14294
13248
14411
13391
10745
10392
10368
8914
7011
6997
7591
6735
5136
4892
3927
2848
624
-1565
-3199
-5624
-8191
-9916
-11095
-11920
-13034
-12930
-11170
-9486
-7796
-5539
-1849
2065
4658
7134
10180
13163
14450
15398
17082
17961
17324
16384
16721
16711
15139
13702
13475
13291
11798
10194
10029
9010
7113
5068
3318
1758
-878
-3977
-5453
-6911
-8983
-11190
-11914
-12012
-12764
-12968
-12154
-11276
-10463
-9913
-8711
-7257
-6530
-5996
-4996
-4117
-3820
-3992
-3163
-2825
-3181
-3270
-2934
-2855
-3077
-3103
-3319
-3373
-3539
-4161
-4886
-4993
-5850
-7055
-8300
-9114
-10394
-10481
-9817
-9440
-9698
-7604
-4522
-2877
-863
2089
6224
7790
8653
10744
13246
13036
12140
11579
12325
10304
8739
8450
7713
6584
6088
6350
6508
5865
5396
4900
4130
3629
1818
149
-1546
-3524
-5330
-6933
-7906
-8619
-9603
-9565
-8097
-6772
-5255
-3060
227
2893
4991
7503
10661
12687
13691
14799
15865
15966
15149
14997
14613
13917
12740
12333
11790
10831
9458
9149
8646
7367
5593
4035
2705
451
-1922
-3819
-5435
-7988
-9836
-11257
-12130
-13093
-13187
-13243
-12833
-12113
-11270
-10646
-9304
-8381
-7328
-6632
-5915
-5237
-4768
-4604
-4179
-3945
-3762
-3617
-3485
-3333
-3356
-3272
-3415
-3477
-3517
-3906
-4559
-5651
-6486
-7561
-8897
-10057
-9959
-9862
-10066
-9658
-7803
-5561
-4360
-2344
423
3554
4967
6238
7943
9846
9825
9833
9544
9687
8504
7530
7520
7182
6364
5937
5917
6449
6340
5838
5426
4845
4471
2910
1102
133
-1725
-4088
-5522
-6445
-7595
-8807
-8847
-7564
-6925
-5722
-3660
-908
1406
3140
5843
8261
9605
10746
12267
12951
13048
12796
12692
12440
11975
11250
10874
10275
9409
8942
8201
7115
6018
4513
2851
1484
-366
-2494
-4823
-6752
-8311
-9950
-11393
-12275
-12550
-12854
-12740
-12136
-11140
-10575
-9540
-8364
-7205
-6442
-5805
-5115
-4340
-3874
-3604
-2992
-2598
-2515
-2222
-1635
-1210
-1197
-1156
-1065
-1089
-1339
-1993
-2614
-3568
-4654
-6003
-6952
-7801
-8283
-8540
-8381
-7513
-6209
-4672
-3159
-580
2063
4082
5308
7027
8517
9545
9726
10008
9428
8762
8053
7915
7213
6498
6204
6090
6192
6223
6220
6292
5939
5415
4841
3623
2096
471
-1019
-2663
-4156
-5481
-6608
-7433
-7142
-6047
-5036
-3649
-1868
492
2692
4816
6895
8705
10023
10854
11789
12285
12112
11940
11700
11151
11101
10713
10128
9815
9393
9212
8827
8096
6782
5793
3867
2175
14
-1864
-4560
-6141
-7626
-8761
-10362
-10900
-10942
-10853
-10755
-10027
-9049
-8441
-7626
-6524
-5463
-5274
-4803
-4414
-3650
-3841
-3556
-3190
-3020
-3168
-2483
-1773
-1412
-1496
-925
-593
-896
-1030
-1707
-2526
-3582
-4516
-6145
-7489
-8487
-8929
-9291
-9001
-8203
-7339
-5703
-3949
-1453
640
2848
4246
5983
6970
7705
7671
7698
7231
6830
6304
5653
5494
5226
5219
5291
6421
6860
6771
6688
6992
6646
5553
4154
3099
1310
-577
-2151
-3949
-5186
-6461
-6643
-6509
-5825
-4797
-3024
-1306
763
2993
4964
6265
7469
8723
9609
9939
10088
9925
9576
9417
9248
9054
8594
8529
8314
8147
7403
6892
6187
4871
3393
1905
164
-2124
-3996
-5615
-7030
-8657
-9551
-10595
-11049
-10928
-10448
-10322
-9828
-8983
-8132
-7671
-7029
-6430
-6018
-5777
-5310
-4960
-4892
-4388
-3880
-3615
-3303
-2547
-1832
-1689
-1468
-717
-701
-1278
-1698
-2112
-2947
-4500
-5655
-6581
-7275
-8329
-8906
-8422
-7291
-7151
-5788
-3825
-1799
-410
909
3239
4754
4961
5495
6285
6391
5647
4999
5463
5060
4439
4452
4864
5117
5273
5651
6301
6051
5861
5715
5041
4288
2761
1151
-165
-1312
-2579
-3884
-4730
-4921
-5056
-4541
-3529
-2066
-819
488
1951
3694
4963
5869
6741
7616
8248
8166
7981
7960
7826
7495
7603
7356
7043
6777
6490
6215
5768
5009
3760
2461
1009
-568
-2269
-3934
-5425
-6768
-8167
-9236
-10022
-10182
-10565
-10501
-10039
-9708
-9352
-8753
-8181
-7566
-6997
-6532
-6039
-5650
-5286
-5025
-4777
-4174
-4002
-4088
-3374
-2601
-2258
-2395
-1662
-1376
-1460
-1580
-1568
-1866
-2813
-3619
-4108
-4627
-5270
-5729
-5406
-4783
-4556
-4050
-2629
-1005
57
1313
3158
4456
4869
5396
6358
6963
6551
6123
6444
6175
5591
5313
5573
5574
4967
5123
5113
4725
4295
4065
3973
3573
2744
1826
835
114
-681
-1393
-2004
-2033
-2076
-1896
-1320
-28
713
1669
2894
4295
5440
6079
6840
7930
8505
8269
8332
8573
8328
7528
7367
7438
7035
5964
5401
5333
4634
3385
2609
1782
395
-1266
-2755
-3477
-4796
-6165
-7294
-7873
-8491
-9343
-9703
-9478
-9517
-9490
-9257
-8567
-8017
-7811
-7078
-6462
-6224
-5966
-5419
-5153
-5117
-4865
-4503
-4502
-4465
-3811
-3527
-3279
-3506
-2922
-2347
-2620
-2707
-2694
-2738
-2986
-3333
-3487
-3551
-3846
-3609
-3012
-2187
-1874
-1042
174
1554
2338
3329
4433
5296
5863
5992
6518
6487
6036
5326
5401
5084
4574
3846
3569
3312
3292
2767
2587
2204
2198
2168
1644
1486
1022
346
-217
-459
-598
-787
-1301
-848
-357
133
466
1625
2572
3090
3812
4486
5317
5896
5922
6162
6751
6604
6299
6049
5993
5609
5415
4887
4272
3833
3478
2520
2334
1257
-5
-989
-1678
-2612
-3644
-4697
-5397
-6009
-6869
-7370
-7869
-8325
-8592
-8610
-8777
-8836
-9081
-9036
-8759
-8239
-8351
-8084
-7837
-7471
-7192
-7037
-6930
-6442
-6196
-6147
-5631
-4901
-4483
-4468
-3919
-2960
-2591
-2470
-2173
-1653
-1530
-1462
-1132
-619
-665
-578
181
935
1324
1737
2602
3762
4356
4497
5236
5820
6343
5922
6071
5888
5471
4731
4795
4651
4427
3483
3356
3376
3356
3247
3094
3299
3281
3371
3215
3673
3410
3456
2917
2976
2707
2512
1747
1927
2020
2336
2548
2776
3393
3686
4238
4742
5353
5025
5305
5257
5368
4873
4381
3829
3497
2962
2584
2370
2138
1408
1007
1141
598
186
-489
-953
-1507
-2065
-2841
-3441
-4113
-4784
-5583
-6056
-6934
-7696
-8120
-8355
-8384
-8520
-8623
-8501
-8326
-8155
-7866
-8012
-7881
-7617
-7166
-6997
-6672
-6506
-5958
-5738
-5372
-4740
-4234
-3760
-3355
-2455
-1632
-822
-557
176
786
1361
1470
1507
1833
2021
1872
1770
2171
2066
2102
2143
2756
2970
3068
3101
3497
3682
3655
3436
3298
3009
2843
2732
2299
2291
2049
1723
2018
2476
2451
2737
2839
3496
3755
4113
4342
4809
4729
4647
4436
4555
4080
3852
3865
3650
3689
3511
3674
4008
4005
4129
4346
4303
4222
4032
4104
3843
3553
3099
2733
2237
2289
1784
1521
1364
1145
987
707
123
-181
-489
-1358
-1994
-2674
-3256
-3867
-4581
-5106
-5687
-6354
-6831
-7178
-7475
-7886
-8076
-8138
-8254
-8221
-7971
-7763
-7720
-7611
-6952
-6616
-6379
-6092
-5571
-5220
-4767
-4107
-3475
-2970
-2795
-1998
-1114
-460
96
548
1070
1500
2007
2332
2145
2006
1804
1659
1375
1084
511
85
-21
157
115
103
197
305
358
595
707
519
340
402
252
123
186
-106
149
177
729
1217
1472
1740
2579
2981
3257
3747
4504
4847
4829
4461
4367
3724
3355
2916
2648
2805
2744
2954
3205
3444
3640
4027
4238
4341
4034
4016
3889
3455
3168
3020
2621
2083
1704
1800
1609
1418
1290
1289
1237
884
603
189
-477
-1278
-1893
-2583
-3514
-4139
-4688
-5404
-6011
-6595
-6953
-7581
-7851
-7845
-7920
-8084
-7934
-7490
-7266
-7228
-6821
-6091
-5743
-5448
-4757
-3957
-3547
-3323
-2501
-1695
-1257
-896
-255
641
1410
1855
2351
2836
3435
3917
4165
4164
4131
4242
3795
3559
3200
2806
2402
2144
2039
1900
1612
1455
1569
1598
1591
1701
1398
1084
937
919
659
513
348
489
851
1188
1794
2079
2613
3272
3498
3838
3968
4242
4476
4168
4430
4187
3959
3973
3656
3665
3820
3573
3847
4090
4370
4750
4500
4402
4187
3808
3479
3046
2709
2374
1860
1791
1579
1513
1461
1482
1534
1692
1519
1639
1562
1110
910
254
-390
-1079
-1992
-2928
-3659
-4205
-4938
-5291
-5419
-5501
-5671
-5790
-5282
-5326
-5541
-5481
-5175
-5111
-5310
-5267
-4809
-4627
-4525
-3973
-3168
-2648
-2395
-1471
-530
-99
-52
871
1687
2204
2427
2881
3338
3202
3128
3053
2952
2492
1994
1506
1167
697
323
146
-35
-415
-775
-715
-951
-1064
-904
-863
-1238
-1636
-1790
-1711
-1845
-1920
-2024
-1733
-1365
-936
-312
343
715
1427
2157
2654
3058
3416
3629
3808
4205
3785
2918
2265
1925
1720
2031
2199
2175
3019
3133
2590
2957
3374
3522
3069
2624
2292
1701
1328
1166
696
826
470
75
45
251
658
597
617
658
281
-179
-874
-1637
-2333
-3250
-3971
-4447
-5187
-5688
-6087
-6191
-6236
-6247
-5978
-5965
-6104
-5570
-5380
-5093
-4855
-4937
-4624
-4368
-4088
-3812
-3234
-2610
-1926
-1555
-1033
-314
43
703
1160
1743
2100
2598
3019
3343
3374
3504
3155
2752
2217
1704
1346
1122
1012
446
303
190
257
31
-245
-471
-555
-1094
-1429
-1267
-1271
-1559
-2245
-2314
-2045
-2303
-1894
-1374
-694
214
190
572
1402
1970
2265
2441
2731
3082
3109
3495
3556
3579
3406
2767
2895
3041
2786
2831
2769
3102
3269
2932
2975
2805
2493
2155
1744
1297
924
453
97
-205
-291
-477
-668
-714
-966
-915
-1016
-1119
-1068
-1402
-1702
-2313
-3295
-3708
-4135
-4349
-4555
-4698
-4838
-4970
-4776
-4854
-4788
-4518
-4302
-4159
-3983
-3714
-3285
-2937
-2768
-2269
-1388
-1102
-552
309
1447
2110
2682
3322
3913
4441
4775
5131
5439
5675
5658
5730
5588
5488
5181
4877
4548
4309
4026
3852
3346
3022
2786
2339
1986
1422
1105
641
97
-274
-299
-470
-596
-884
-1061
-1170
-1082
-982
-854
-313
-107
151
385
564
1094
1496
1891
2314
2361
2390
2313
2388
2536
2566
2472
2839
2880
3033
3223
3281
3334
3610
3654
2980
2408
2064
1719
1184
1080
547
171
-95
-599
-721
-676
-759
-722
-794
-908
-937
-1017
-837
-1224
-1418
-1648
-2087
-2395
-2887
-3260
-3395
-3395
-3337
-3465
-3633
-3412
-3390
-3475
-3706
-3396
-2938
-2984
-2751
-2492
-2313
-1996
-1801
-1600
-1347
-1115
-658
-74
681
945
1498
2236
2856
3257
3588
3833
4192
4411
4516
4601
4597
4204
3674
3343
2924
2583
2055
1719
1427
1158
691
262
-20
-486
-875
-1132
-1285
-1539
-1750
-1884
-2161
-2267
-2558
-2560
-2823
-2888
-2796
-2702
-2126
-1975
-1766
-1242
-850
-468
-88
-52
376
640
692
845
768
865
667
460
378
536
470
284
465
501
594
370
173
99
12
-133
-383
-763
-867
-1373
-1547
-1705
-1940
-2070
-2187
-2151
-2386
-2327
-2346
-2539
-2597
-2697
-3229
-3305
-3544
-4062
-4435
-4498
-4644
-4873
-4845
-4697
-4674
-4704
-4521
-4145
-4052
-4023
-3862
-3444
-3101
-3022
-2679
-2236
-1860
-1439
-1011
-538
22
552
1070
1557
2103
2653
2939
3304
3757
4071
4051
4201
4161
4093
4060
3849
3516
2946
2629
2310
1836
1489
1379
1078
847
570
143
-161
-660
-1097
-1279
-1673
-1962
-2146
-2265
-2312
-2241
-1979
-1748
-1324
-734
-225
258
575
1080
1437
1627
1772
1991
2045
1925
1712
1622
1852
1807
1462
1459
1758
1658
1364
1480
1472
1156
778
551
184
-64
-366
-576
-787
-1241
-1465
-1513
-1436
-1542
-1718
-1694
-1835
-2064
-2270
-2368
-2418
-2500
-2648
-3056
-3136
-3448
-3529
-3478
-3835
-4013
-4055
-3766
-3830
-3823
-3661
-3412
-3393
-3169
-2779
-2139
-1862
-1272
-691
-422
73
311
782
1246
1718
2345
2858
3329
3861
4270
4828
5272
5638
5938
6357
6398
6458
6595
6588
6238
5732
5281
4678
4171
3768
3270
3075
2876
2360
2021
1730
1416
1022
774
471
207
-146
-669
-907
-983
-1047
-1177
-1102
-1039
-1013
-629
-249
105
163
337
514
617
899
1081
822
832
1067
1254
1531
1483
1487
1547
1522
1380
1274
1072
1153
1252
1272
1186
803
522
179
-156
-475
-707
-1131
-1547
-1394
-1407
-1525
-1554
-1547
-1688
-1837
-1666
-1804
-1926
-2221
-2206
-2126
-2512
-2821
-3023
-3067
-3512
-3625
-3614
-3330
-3188
-3085
-2835
-2795
-2583
-2436
-2369
-2225
-2042
-1826
-1517
-1167
-820
-575
-194
186
509
949
1454
1989
2660
3192
3463
3749
4004
4139
4113
4263
4325
4488
4210
3973
3952
3540
3082
2786
2343
1727
1149
829
659
225
-208
-550
-663
-1052
-1247
-1522
-1908
-1924
-2068
-2198
-2353
-2365
-2219
-2043
-2117
-2099
-1764
-1464
-1222
-1112
-677
-401
-371
-383
-56
-27
131
197
48
212
157
114
-193
-42
151
-70
-132
100
13
-264
-376
-643
-656
-689
-799
-1249
-1493
-1569
-1623
-1823
-2044
-1833
-1674
-1741
-1879
-1840
-1617
-1746
-1910
-1942
-2124
-2332
-2565
-2625
-2617
-2627
-2877
-2981
-3085
-3134
-2724
-2550
-2443
-2141
-1727
-1386
-1118
-570
-245
-54
-11
43
257
477
862
1180
1648
1813
1845
2251
2632
2934
3243
3345
3480
3480
3500
3351
3183
3010
2666
2452
1867
1623
1348
964
839
585
505
329
99
-175
-437
-656
-1072
-1217
-1135
-1096
-1330
-1503
-1335
-1331
-1269
-1335
-1169
-1220
-955
-528
-387
-144
143
677
845
1091
1169
1393
1319
1167
1272
1449
1719
1535
1608
1478
1431
1566
1724
1602
1766
1822
1473
1250
801
510
-27
-207
-270
-800
-1023
-1143
-1387
-1367
-1495
-1494
-1512
-1553
-1580
-1744
-1720
-1915
-1782
-1983
-1826
-2054
-2303
-2431
-2784
-2777
-2807
-2614
-2408
-2181
-2030
-1669
-1351
-901
-777
-261
102
327
495
833
1053
1225
1459
1643
2098
2419
2654
2796
2991
3241
3517
3720
3854
3875
4115
4140
4228
4219
4037
3932
3492
3363
3050
2522
2010
1530
1531
1324
989
766
529
456
313
44
-91
-325
-479
-856
-994
-1233
-1497
-1468
-1418
-1282
-1148
-966
-932
-674
-417
-192
-34
331
612
536
809
904
986
1024
1181
1309
1370
1358
1530
1675
1640
1407
1201
1189
925
569
72
-108
-475
-834
-1317
-1460
-1645
-1862
-1911
-1975
-1859
-1943
-1825
-2054
-2011
-2046
-2144
-2202
-2052
-2109
-2414
-2570
-2820
-2799
-2768
-2437
-2469
-2248
-2114
-1853
-1434
-1235
-992
-836
-451
-319
-18
262
455
807
1004
1188
1576
1911
2208
2600
2897
3123
3218
3461
3628
3640
3469
3474
3623
3644
3391
3327
3410
3569
3206
2529
2370
1948
1484
1340
1129
795
591
295
118
-114
-339
-652
-651
-944
-1411
-1640
-1916
-2112
-2354
-2354
-2301
-2421
-2456
-2506
-2195
-2131
-1999
-1566
-1360
-1263
-1416
-1360
-1265
-1088
-872
-647
-439
-326
-326
-125
206
427
643
858
969
1173
1187
1218
1184
1018
782
465
289
48
-402
-593
-735
-681
-563
-694
-622
-575
-404
-352
-441
-452
-524
-521
-616
-926
-1298
-1398
-1423
-1465
-1472
-1363
-1098
-846
-663
-684
-310
-41
-27
-67
95
386
249
272
184
29
290
378
198
216
240
556
906
1216
1376
1726
1801
1643
1630
1515
1508
1481
1469
1448
1655
1599
1575
1500
1291
996
897
718
499
369
191
1
-173
-435
-882
-1086
-1621
-1642
-1673
-1696
-1657
-1690
-1596
-1436
-1328
-1030
-642
-495
-302
-88
228
271
446
628
745
804
755
776
874
1110
1097
1243
1334
1567
1516
1498
1669
1679
1451
1389
1317
1079
748
278
53
-232
-290
-529
-671
-886
-1125
-869
-807
-885
-868
-1084
-1004
-1287
-1405
-1619
-1845
-1960
-2417
-2351
-2472
-2455
-2304
-2242
-2112
-1617
-1392
-1432
-1249
-989
-550
-410
-181
-5
100
107
249
332
497
708
659
642
736
808
853
1060
1367
1631
1870
1863
1922
1934
1897
1975
1591
1430
1549
1459
1177
886
876
691
551
553
686
406
225
213
-146
-252
-431
-779
-916
-1249
-1277
-1366
-1723
-1621
-1755
-1658
-1781
-1767
-1556
-1686
-1679
-1525
-1254
-1167
-1204
-1097
-730
-366
-25
91
546
843
1079
1316
1344
1349
929
769
619
501
284
178
-97
-86
-245
-669
-999
-1163
-1400
-1604
-1789
-1935
-1860
-2137
-2002
-2277
-2222
-2404
-2424
-2150
-2044
-1757
-1881
-1822
-1751
-1561
-1470
-1520
-1565
-1472
-1374
-1419
-1237
-931
-1015
-1030
-653
-469
-516
-429
-425
-213
-19
92
283
506
694
727
1181
1631
1883
2186
2387
2669
2889
2885
2810
2962
3164
3302
3308
3608
3582
3370
3280
3216
2956
2607
2211
1822
1546
1178
983
896
667
324
-102
-220
-441
-826
-1012
-956
-906
-1116
-1371
-1586
-1736
-1750
-1803
-1773
-1620
-1558
-1337
-1312
-1188
-940
-642
-483
-505
-306
-157
-192
-117
286
587
715
764
896
772
632
582
467
472
633
744
632
706
595
466
247
200
149
-27
-66
-299
-460
-542
-555
-658
-982
-788
-693
-796
-834
-688
-658
-834
-878
-772
-631
-668
-460
-240
-121
75
115
205
413
646
812
1052
928
844
829
625
662
609
474
559
615
435
234
290
450
451
425
484
635
534
277
386
737
508
584
828
855
913
938
764
634
780
687
673
343
381
-4
-396
-572
-749
-908
-833
-1022
-1308
-1539
-1635
-1602
-1585
-1762
-1562
-1333
-1329
-1064
-1251
-1058
-890
-471
-423
-432
-252
-390
-300
-87
261
524
697
859
1039
1167
1068
1090
1005
835
888
910
877
636
472
173
-151
-388
-586
-397
-425
-649
-656
-661
-970
-914
-975
-792
-650
-543
-424
-388
-301
-189
-539
-454
-387
-609
-522
-611
-435
-539
-354
-370
-353
-471
-394
-160
5
90
211
134
214
200
3
113
-174
-376
-351
-205
-328
-287
-217
-297
-328
-207
-103
-235
-100
-275
-390
-624
-243
67
-156
-324
-254
-232
-327
-561
-582
-578
-517
-552
-592
-731
-1041
-1160
-1352
-1333
-1269
-1365
-1429
-1332
-1262
-1141
-1343
-1269
-1256
-1197
-936
-1066
-803
-644
-452
-471
-591
-516
-387
-298
-441
-531
-516
-586
-607
-465
-207
-123
-306
-302
-542
-638
-676
-810
-980
-963
-1095
-1295
-1334
-1145
-1005
-1376
-1297
-1343
-1274
-1239
-1388
-1352
-1189
-1040
-867
-527
-504
-297
-210
-101
-182
-88
-63
-49
-176
-18
161
176
431
518
824
821
782
933
963
759
636
735
750
666
479
681
680
770
1081
1157
1080
1185
977
1002
1042
834
946
994
1094
1057
1495
1699
1464
1290
1216
1091
875
861
656
656
686
663
524
426
447
153
-238
-366
-573
-691
-543
-567
-494
-392
-438
-595
-327
-439
-355
-172
-198
-71
162
115
17
422
771
948
850
761
983
1122
1102
1295
1458
1502
1525
1811
1979
1906
1833
1517
1297
1035
604
336
163
209
178
239
165
206
349
191
6
-36
188
232
219
364
348
161
168
421
477
494
451
359
108
-25
-94
-15
-205
-134
-27
67
388
336
614
759
758
796
883
725
537
483
530
472
657
745
718
908
1183
1184
1079
1256
1166
1059
1031
928
1050
1019
1022
932
632
582
652
543
236
386
258
47
175
-87
83
3
-291
-578
-903
-908
-1027
-1126
-1060
-1002
-1131
-1012
-861
-530
-482
-454
-379
-443
-370
-617
-549
-420
-187
-25
-19
340
368
456
659
758
1054
926
916
1050
1032
1234
1197
1228
1332
1365
1134
1132
1070
980
858
813
947
991
1323
1397
1393
1142
1080
971
939
895
857
1147
1213
1338
1064
944
767
708
632
460
407
281
27
-122
-63
-372
-309
-300
-226
-115
-713
-958
-802
-827
-806
-726
-1003
-1106
-917
-1157
-1197
-1219
-1161
-1349
-1279
-1108
-1083
-1009
-695
-635
-560
-420
-243
-31
-121
-223
-237
-17
-198
-193
-54
-223
-101
55
-172
-390
-88
-77
79
75
-245
-448
-564
-750
-501
-181
-50
-174
-272
-287
-357
-318
-251
-190
-108
-241
-337
-481
-702
-863
-803
-656
-1056
-998
-970
-1075
-1001
-988
-1084
-1411
-1327
-1427
-1491
-1613
-1892
-1672
-1738
-1814
-1713
-1581
-1486
-1380
-1269
-1296
-1470
-1251
-1336
-1151
-972
-839
-618
-763
-417
-136
-25
199
580
470
