194
-191
-173
381
564
676
376
141
-149
83
-190
-403
-368
-402
-440
-560
-635
-713
-582
-482
-294
-297
-526
-108
-98
-155
-75
-370
-194
-259
-173
311
292
916
886
393
354
475
700
511
584
359
247
420
667
700
836
785
984
862
643
918
1417
1407
1124
761
278
622
381
376
326
516
585
498
180
-355
-101
-291
-704
-934
-930
-795
-762
-946
-562
-977
-1003
-1135
-1427
-909
-686
-707
-367
-165
-243
-486
-619
-169
-274
-574
-793
-588
-246
-202
100
-127
-321
-437
-630
-356
-23
-25
82
248
145
288
523
807
704
451
471
598
828
883
1173
1006
776
709
755
524
513
455
480
235
177
114
-199
-275
-685
-699
-1305
-1267
-1446
-1543
-1724
-1704
-1522
-1309
-1469
-1881
-2215
-2637
-2940
-3461
-3630
-3748
-3854
-3819
-4311
-4223
-3934
-3808
-3721
-3335
-3007
-3229
-3234
-3600
-3865
-3295
-3009
-3009
-2460
-2233
-2524
-1970
-1460
-1694
-1800
-1586
-1625
-1330
-529
-427
-426
-461
-570
-41
-123
-16
184
-8
292
410
729
1209
1053
1083
857
712
689
634
938
1005
930
893
1254
1015
855
933
1134
1054
715
834
1207
951
1279
950
196
176
-152
-522
-816
-822
-964
-799
-639
-531
-512
-433
-500
-297
-146
-614
-415
-466
-700
-645
-664
-614
-811
-830
-1009
-1013
-695
-937
-857
-935
-726
-362
-403
-486
-260
-356
-388
52
116
437
845
1032
1156
1839
2456
2199
2235
2401
2445
2119
1720
1989
1962
1990
1598
1809
1739
1936
2301
2340
2386
2146
2112
2184
2219
1963
1865
1345
1451
1271
1110
996
686
426
437
580
697
706
592
711
343
-119
-339
-327
-300
-51
-384
-331
-608
-650
-452
-534
-971
-1293
-1469
-1730
-1269
-1444
-1562
-2001
-1989
-1624
-1698
-1623
-1405
-1025
-599
-128
-301
-631
-366
-616
-997
-695
-659
-398
-123
-19
-81
267
337
165
727
722
915
1013
732
469
387
205
13
445
626
350
421
504
505
476
407
187
-74
105
-154
181
607
581
401
120
489
583
173
130
176
215
94
396
251
473
146
156
-78
-423
-303
-293
-419
-478
-584
-660
-1243
-1654
-1520
-1735
-1668
-1448
-1223
-1004
-1079
-1135
-699
-897
-609
-677
-889
-902
-1184
-986
-756
-681
-524
-328
-421
-428
-365
-345
1
-94
-293
-150
307
638
479
535
398
-65
-147
208
665
710
538
558
730
361
135
423
495
352
584
996
1027
1103
910
974
1161
470
509
652
604
517
575
588
485
496
743
1036
1099
1092
1136
1005
662
781
439
229
-230
-418
-589
-881
-830
-737
-846
-932
-925
-1084
-751
-786
-1183
-1179
-1261
-1145
-1073
-1153
-1219
-1103
-877
-1210
-986
-799
-628
-708
-748
-818
-912
-907
-1253
-861
-611
-932
-929
-998
-1253
-1183
-1080
-1238
-1082
-1052
-1380
-1024
-593
-85
234
207
245
193
240
183
395
710
835
549
902
978
755
993
911
1012
1130
1447
1423
1307
1534
1162
674
348
89
-208
-209
147
106
17
-34
244
256
345
169
76
146
49
370
219
432
498
190
50
-158
-460
-429
-795
-989
-1350
-1223
-879
-1139
-1055
-993
-580
-851
-984
-496
-424
-397
-560
-492
-359
-222
-412
-499
186
165
110
417
193
247
29
-1
212
491
717
778
1017
944
1511
1779
1679
2284
2160
2364
2449
2488
2482
2417
2358
1992
1928
1796
1716
1445
1680
2028
1977
1831
1778
1588
1368
1322
1369
1128
987
787
779
856
893
1212
929
782
478
83
168
187
-26
-237
-606
-508
-576
-1270
-1450
-1394
-1433
-1450
-1311
-844
-747
-1078
-720
-492
-484
-305
-381
-835
-879
-520
-602
-172
-282
-441
-633
-693
-713
-560
-548
-463
-19
-78
-24
296
204
411
393
521
662
729
490
95
171
105
498
566
406
633
457
699
1126
1290
1289
830
898
1170
1532
1636
1647
1809
1677
1587
1650
1764
1770
1723
1710
1608
1510
1839
2425
2541
2512
2093
1820
1920
1587
1385
1282
1534
1806
1950
1976
2385
2349
1885
1632
1172
969
778
768
1120
1438
1127
541
412
492
590
473
283
93
-494
-461
-90
-480
-718
-529
-996
-979
-865
-876
-841
-969
-945
-757
-844
-609
-519
-265
-118
130
642
685
283
-115
-4
421
534
761
1318
994
1641
1771
1696
1444
1269
1828
1979
2213
2367
2141
1856
1972
1627
1614
1417
870
838
923
939
1005
1346
1532
1780
1561
1089
837
868
977
843
828
720
726
926
734
494
175
-707
-838
-675
-926
-965
-1459
-2267
-2381
-2672
-2517
-2904
-2898
-2695
-2392
-1791
-1471
-1305
-1099
-779
-948
-1371
-1537
-1409
-1890
-1766
-1924
-2121
-1991
-1665
-1411
-718
-552
-276
292
369
468
295
728
382
439
596
801
629
649
758
908
785
463
540
348
275
142
695
729
908
1388
1495
1349
1284
1245
1323
972
1015
889
273
533
399
553
577
409
250
326
326
715
973
904
821
362
-40
-254
-287
-400
-873
-1005
-1189
-1929
-1824
-2034
-1992
-2059
-1908
-2195
-2359
-1966
-1730
-1960
-2093
-2004
-2256
-2063
-2067
-1919
-1500
-1353
-1050
-828
-949
-1118
-1442
-1563
-1493
-1420
-1868
-1928
-1489
-1343
-1490
-1642
-1603
-1549
-1497
-1047
-1077
-724
-525
-465
-239
-154
-322
-450
-142
191
564
752
708
692
524
474
520
392
264
569
694
935
956
1010
1106
1169
1387
1337
906
855
839
866
1335
1585
1673
1558
1635
1591
1751
1696
1350
1239
732
502
234
97
-47
-391
-679
-721
-1027
-1017
-1184
-1651
-1399
-1426
-1599
-1627
-2033
-2101
-2175
-2240
-1901
-1856
-2019
-2098
-1930
-1984
-1983
-1963
-1810
-1769
-1608
-1528
-1762
-2207
-2503
-2176
-2178
-2177
-1818
-1791
-1759
-1685
-1778
-1731
-2188
-2428
-2550
-2433
-2061
-2162
-1844
-1674
-1105
-548
-280
80
281
942
1020
868
1179
1088
1424
1179
1101
443
399
624
561
393
350
716
936
1110
884
732
1149
1653
1349
938
751
664
212
329
261
53
-209
-381
-437
-120
347
302
201
-215
-599
-671
-298
-82
-388
-735
-1111
-1189
-1091
-942
-1292
-1192
-1380
-1670
-1678
-1452
-1087
-853
-177
-140
-250
-383
-114
-172
8
196
-107
-219
-185
-157
207
765
1030
1302
1346
1482
1763
1996
1476
1310
1060
650
701
646
828
732
881
992
1039
1285
856
606
475
548
814
1243
1072
1295
1507
1643
1560
1253
1279
1075
987
259
0
53
-90
-195
-29
-283
-637
-664
-458
-445
-344
-102
-242
-274
82
305
267
-54
-387
-524
-622
-516
-523
-655
-335
-498
-102
342
-153
4
3
-249
-376
-606
-990
-1151
-1336
-1614
-1265
-1463
-1423
-1314
-1158
-649
-497
-389
22
119
141
257
252
660
725
962
790
708
643
795
1113
1542
1717
1649
1671
1760
1679
1786
1539
1334
809
765
1207
1193
1548
1246
1271
1367
1530
1579
1747
1717
1689
1476
1464
1584
1528
1980
1709
1141
1056
951
661
525
407
119
-756
-1146
-1099
-1119
-588
-923
-946
-1240
-1183
-975
-820
-777
-1375
-1431
-1242
-1078
-1318
-1394
-1186
-1136
-1308
-896
-1020
-1204
-1452
-1497
-1294
-957
-435
-332
-821
-975
-815
-982
-827
-926
-844
-972
-690
-632
-716
-1006
-1091
-738
-380
-301
-137
-75
-179
-36
-70
57
-147
-273
-144
201
-277
-231
125
12
99
-242
-393
-345
-175
-329
-247
-493
-144
83
172
455
345
138
-74
29
-71
-116
4
-203
-126
-352
-478
-769
-587
-597
-573
-271
-260
-174
-423
-622
-932
-775
-749
-1110
-1283
-1458
-1229
-970
-719
-396
-465
-497
-846
-1051
-935
-1141
-1140
-1283
-909
-1052
-1444
-1699
-1878
-1746
-1540
-1186
-1070
-741
-859
-723
-288
-135
-167
-167
-153
22
-161
156
596
621
581
537
426
133
91
118
303
353
84
-58
305
-62
-49
127
52
-23
-253
-233
-83
329
1077
1064
1021
853
483
440
324
473
630
455
442
390
72
95
-333
-496
-127
15
138
396
211
96
-211
-235
-174
-67
-244
-75
-392
-867
-1369
-1187
-780
-911
-1018
-1103
-877
-1050
-1187
-1150
-921
-1096
-1114
-1128
-1070
-960
-894
-631
-334
-288
-544
-296
-180
-246
-20
254
589
796
1200
1358
1621
1965
1965
2171
2263
2267
2401
2166
2173
2079
2129
1863
1763
1802
1742
2301
2430
2704
2746
2739
2748
2609
2923
2849
2854
2824
2758
2475
1932
2068
1996
1902
1437
1459
1176
1138
975
650
881
542
284
84
-271
-285
231
39
400
17
-237
-237
-236
7
75
-77
-297
-801
-1206
-945
-926
-772
-877
-1203
-1628
-1889
-1510
-1228
-611
-447
-574
-473
-118
-305
-179
26
-299
-78
-110
473
912
992
1264
1284
1148
1447
1612
1752
2157
2315
1756
1528
1280
777
1127
750
269
175
187
585
1197
1292
1340
981
908
1109
1067
825
605
641
757
849
1156
1335
1101
535
325
-35
-57
-76
-198
-105
-541
-1012
-1260
-1545
-1560
-1220
-1251
-1582
-1819
-1516
-1508
-1521
-1460
-1364
-1423
-1433
-1209
-785
-168
-347
-657
-522
-27
-383
-561
-590
-608
-349
-717
-546
-553
-513
-606
-961
-1011
-927
-666
-1009
-888
-776
-676
-625
-45
199
287
746
807
923
1360
1536
1848
1717
1563
1437
950
1045
1116
1502
1354
1205
810
690
1151
905
676
752
902
1003
935
850
787
1365
1536
1491
1332
1163
1066
885
1062
1387
1382
1178
1198
778
601
717
636
327
246
378
344
397
-45
-121
-331
-434
-710
-1305
-1320
-881
-589
-470
-579
-638
-678
-692
-620
-952
-630
-838
-884
-722
-840
-759
-1005
-996
-1364
-1673
-1944
-2131
-2323
-2439
-2655
-2979
-2689
-2844
-3262
-3232
-2894
-2718
-2233
-2207
-1874
-1947
-2118
-2018
-2172
-1862
-1807
-1227
-1288
-1677
-1451
-1199
-951
-711
-760
-168
-62
211
552
575
329
490
988
1382
1727
1880
2094
1759
1925
1708
1558
1372
1340
804
583
940
1273
1018
911
815
672
856
725
1101
902
988
864
685
524
610
919
822
435
231
206
100
169
422
938
951
1459
1589
1733
1847
1909
2222
2160
1884
1736
1722
1309
736
318
-266
-461
-992
-1181
-1934
-2932
-3323
-4127
-4607
-5574
-5984
-6211
-6291
-6269
-6283
-5993
-5843
-5885
-6036
-5926
-5744
-5662
-5138
-4480
-4131
-3808
-3108
-1990
-1110
-475
410
1637
2889
3584
4574
5288
5872
5931
5977
6237
5999
5172
4629
4434
3964
3368
2470
2247
1925
767
16
-574
-962
-1498
-1842
-1669
-1665
-1767
-2202
-2236
-2300
-2038
-2278
-2100
-1588
-1249
-559
93
1448
2240
2464
3063
3878
4617
5498
5789
5875
5896
5471
5051
4937
4594
4076
3395
2916
2521
1839
1511
1215
610
30
-198
-472
-675
-1172
-1424
-1334
-1736
-2178
-2521
-2661
-2386
-2363
-2117
-1507
-783
21
753
1291
2149
2522
2730
3331
3394
3790
3692
3929
4739
4546
4432
4112
3735
3843
3274
2819
2360
2046
2025
1497
1216
438
-150
-613
-918
-850
-1308
-1957
-2366
-2684
-2889
-2923
-2959
-2885
-2698
-2542
-2225
-1763
-1354
-800
-810
-742
-340
-372
-165
268
326
420
707
1051
1217
1148
1138
1352
1518
1293
1311
1771
2078
2276
2523
2390
2017
2571
2890
2517
2890
2514
2164
2036
1708
1575
1278
1219
923
754
981
770
482
850
499
-24
-599
-959
-692
-1215
-1607
-1981
-2368
-2772
-2618
-2440
-2309
-2139
-2313
-1978
-1979
-1877
-1631
-1350
-1146
-1088
-916
-575
-33
734
1166
1210
1130
1095
1368
1268
1448
1299
1458
1468
1287
864
345
143
-281
-487
-1066
-1613
-1631
-1935
-2370
-2173
-2831
-3214
-3544
-3728
-3659
-3827
-4192
-4333
-4317
-4493
-4325
-4374
-3985
-3999
-4021
-3476
-3017
-2949
-2803
-2709
-2588
-2854
-3016
-2926
-2620
-1997
-1811
-1494
-1655
-1123
-361
753
1202
1117
1454
1695
1893
2193
2435
2843
2506
2344
2033
2162
1811
1466
1657
1472
1657
1701
1978
1777
1533
1134
104
-484
-773
-1313
-2001
-2526
-3167
-3678
-4095
-4301
-4666
-4919
-4861
-4930
-4792
-4432
-4272
-3571
-3132
-3216
-3137
-3080
-3312
-3424
-3978
-4025
-4053
-4690
-4984
-4613
-4433
-4733
-4413
-4092
-3335
-2524
-2070
-1625
-1266
-1010
-1074
-752
-286
107
345
428
557
457
715
835
1310
2060
2473
2784
3270
3750
4103
4786
5187
4879
4456
4250
4150
3657
3264
3014
2738
2678
2192
1969
1684
1865
2050
1736
1786
1847
1764
1917
1978
1599
1278
891
351
237
4
315
149
-137
-284
-781
-1354
-1560
-1245
-1216
-1583
-1775
-1327
-1402
-2115
-2693
-2440
-2369
-3634
-3851
-4116
-4784
-5051
-4993
-4611
-4732
-4482
-3975
-3667
-3224
-2991
-2722
-2423
-2226
-1934
-1583
-1106
-452
291
730
1416
2096
2922
3547
3698
4307
4629
5073
5557
5562
5550
5199
5316
5501
5142
4577
4323
4144
3624
3372
3407
3342
3489
3746
4077
3964
3530
3508
3431
3124
2973
3116
3116
2890
2902
2469
1746
1391
1182
1113
46
-343
-648
-1511
-1986
-2416
-2839
-3461
-3776
-4233
-4491
-4655
-4763
-4915
-4925
-4779
-5065
-4777
-4882
-4513
-4650
-4428
-4120
-4190
-3910
-4251
-4210
-3815
-3574
-3477
-3616
-2880
-1325
-695
-227
1214
2901
3610
3707
5150
6536
6637
5627
6039
7256
6668
5003
4770
5702
5513
4499
4732
5672
4869
3717
3098
3138
2715
855
-427
-587
-1066
-2537
-3403
-3036
-2820
-3846
-4558
-3593
-2775
-3212
-2535
-551
891
2038
2888
4445
5880
6195
6090
6728
7233
6841
5938
5810
5571
4844
3788
3372
3115
2202
1987
1486
1122
391
-342
-738
-1136
-1868
-3033
-3894
-4532
-4654
-5087
-5694
-6039
-6245
-6139
-5906
-5448
-4655
-4106
-3038
-1802
-777
212
818
1526
1861
2517
2541
2591
2971
3159
2979
2276
2363
2069
1902
1211
1176
1485
1323
1021
653
420
17
-16
-97
-769
-1120
-985
-1277
-1422
-1517
-1969
-2026
-1724
-1219
-1225
-1227
-1067
-1024
-360
-297
-118
-334
-1193
-1308
-1438
-1601
-2314
-2823
-2838
-2779
-3175
-3496
-3857
-3946
-3645
-4117
-4289
-4284
-4131
-3985
-3866
-3440
-3229
-3608
-3343
-3300
-3429
-3127
-3040
-2538
-2177
-1927
-2302
-2624
-2249
-2186
-2249
-2131
-2130
-1579
-1315
-1299
-680
-307
-162
-192
130
767
1496
2938
4121
4652
5098
6024
7003
7700
8156
8345
8884
8964
8792
8851
8756
8824
8549
8526
8345
8321
7732
7006
6513
5807
5072
3831
2889
1921
1220
-40
-1186
-1750
-2310
-3266
-4144
-4941
-5537
-5549
-5179
-5098
-5506
-6192
-6361
-6516
-6797
-7508
-8224
-8348
-8921
-9628
-10381
-10919
-11184
-11785
-12830
-13142
-14011
-14132
-13602
-12472
-11544
-10472
-8149
-6073
-4638
-2343
1453
3502
4482
7344
9760
10388
10106
10461
11316
10818
10005
10137
10458
10377
9474
9171
9740
9732
8691
7573
6801
5701
3316
749
-919
-2947
-6161
-8218
-9378
-10237
-11902
-12474
-12226
-11367
-10341
-8713
-5699
-3689
-1175
1535
4045
6737
8586
9793
10835
11863
12062
11995
11528
10981
9931
9056
8566
8275
7216
6560
6685
5807
4765
3609
2017
-208
-2262
-4254
-6217
-8294
-10591
-12448
-13902
-14795
-15238
-14588
-13412
-12433
-10797
-8614
-6121
-3865
-2083
171
1833
3421
4689
5466
6168
6127
6104
5655
5354
4924
5154
5395
5182
5674
5684
6135
6031
5840
6150
5653
4840
4006
2544
1119
-818
-2414
-3904
-5275
-6325
-7097
-6757
-6284
-5427
-4382
-2838
-1090
305
1481
2651
3303
3528
3604
3667
3414
2883
2245
2041
2236
1889
1808
1744
2543
2853
2306
2508
3475
3237
2434
1964
2501
2536
1226
470
755
168
-281
-306
495
639
537
1013
2353
3425
3523
4163
4973
5920
5713
5489
5971
5833
4806
3507
3283
2427
997
99
-196
-762
-1504
-1861
-1980
-1985
-2373
-2777
-2612
-2761
-3373
-4072
-4172
-3968
-4518
-4701
-4562
-4405
-4824
-5267
-4977
-5065
-5187
-5516
-5368
-4452
-4814
-5168
-5021
-4840
-4573
-5314
-5981
-6817
-7395
-8223
-9791
-11322
-12562
-12752
-13279
-12444
-11518
-10539
-9784
-7325
-3930
-2517
-1089
2053
4419
4784
5178
7249
8609
7713
6739
7980
9406
8970
7566
8110
9383
9140
8224
8528
9154
8532
6690
5864
6198
5111
1855
-131
-709
-2458
-5302
-6961
-7461
-7842
-8990
-7877
-5908
-3773
-2394
-252
2997
5585
7907
9749
11490
13110
13309
13129
13540
14134
13271
12978
13108
13942
13603
13238
13259
13921
14068
13500
12630
12061
10696
8434
6666
4601
2178
-680
-2950
-3893
-4966
-5956
-6737
-6755
-5994
-5860
-5709
-5026
-4533
-4271
-4617
-4618
-4271
-4831
-6287
-7532
-8481
-9916
-11531
-12701
-13075
-13939
-15207
-16042
-16083
-17057
-18553
-20233
-21478
-24134
-26344
-21682
-18722
-22315
-25445
-15945
-7867
-11497
-10780
2766
11355
4597
2892
19268
28174
19725
12850
22791
30479
23691
15995
19903
26268
21295
12418
16452
22697
18572
5215
5546
12906
8810
-4770
-8305
-3777
-9155
-21287
-21924
-17985
-21155
-30329
-27624
-19912
-17460
-19361
-15496
-6101
-305
1543
6360
13110
17094
16258
18921
22385
23108
19191
17816
18947
17480
14857
13930
12767
10533
8993
10345
9214
5681
3609
2841
454
-3816
-6591
-8812
-13432
-17948
-20101
-19930
-21853
-23809
-23616
-20817
-18444
-17384
-13537
-8926
-5478
-3812
-209
5362
7218
6434
7472
10840
12023
9950
10206
11580
11123
9300
10084
12119
11563
10317
10741
12281
12034
9790
8939
8450
6912
3779
1581
880
-1866
-5401
-6696
-6087
-7014
-9243
-8830
-7324
-6560
-7061
-6119
-4179
-4580
-6756
-7006
-6466
-6938
-9675
-11766
-11932
-12318
-14968
-17567
-18471
-19508
-23121
-26120
-28757
-29837
-24696
-21654
-24508
-25848
-14811
-5492
-8802
-6863
8781
17339
9643
7478
24659
32075
22124
15074
24829
32632
26229
19757
25173
31069
26475
18431
23081
29172
23701
10496
9417
15543
9036
-6108
-11125
-8112
-13995
-25912
-25993
-21282
-24296
-31611
-28367
-19685
-17235
-17906
-13328
-3714
2255
3416
7243
14154
18058
16873
17779
22348
23041
19609
17402
19043
18867
16093
14452
14580
14181
12697
11980
11836
9593
7080
4035
1638
-1192
-4079
-8837
-13263
-15040
-15751
-17480
-18540
-17904
-15131
-13221
-10278
-6551
-2169
782
3535
6466
9950
11801
11853
11901
13195
13025
11443
9711
9927
9378
6901
5465
6905
6640
3770
2380
3434
2232
-1845
-5335
-6125
-8348
-13339
-16784
-17906
-19784
-23746
-26600
-25573
-25003
-26501
-28363
-27234
-25623
-27637
-29073
-26923
-20350
-18762
-21317
-19636
-10706
-4704
-6841
-2931
8958
13701
9841
11204
23219
28032
21077
18023
24515
28500
22152
17705
21379
23651
18719
13748
16711
19934
14802
7779
7468
11162
6325
-2751
-5667
-3898
-7753
-15034
-15988
-12921
-15478
-19801
-17927
-10924
-9296
-9614
-5914
2000
7276
9570
12963
19078
21764
21743
22623
25934
25177
21946
19112
20151
18914
15032
12279
11954
10966
9307
7734
8000
7065
5522
3293
3235
2636
295
-3386
-5781
-6787
-7876
-10582
-11588
-11155
-9673
-9205
-7044
-3905
-1698
-296
1724
5149
6998
6469
6160
5278
3997
1211
-1594
-3601
-5427
-8147
-11456
-13192
-13342
-14397
-16057
-16957
-15746
-16133
-17811
-17860
-17020
-17397
-20101
-22321
-22615
-24155
-26275
-29200
-30116
-32139
-31258
-25603
-22938
-23360
-19930
-9332
-2975
-1967
5782
15680
17913
14214
18328
27333
26054
18404
16233
21454
21396
15664
14804
18416
20176
17283
16823
21977
22395
16486
10570
12110
11336
1895
-8222
-10544
-12564
-21199
-28319
-26500
-25799
-30084
-31174
-22548
-15495
-14053
-11331
-1974
6828
9786
10885
15568
20097
20502
18809
20010
21316
18725
14738
14544
16588
15508
11663
10758
12388
12410
9541
8088
7694
6172
1883
-1531
-3188
-5975
-9982
-13636
-14894
-14983
-16750
-17621
-16343
-13577
-11358
-9883
-6471
-3078
-778
494
2862
5961
6493
6017
6582
8290
8244
6070
4649
4231
3514
293
-2641
-3018
-3812
-6668
-8889
-8294
-8773
-11885
-13340
-12855
-13278
-16482
-18817
-19412
-20428
-24345
-28331
-31731
-27272
-23910
-25876
-27854
-19660
-8582
-9618
-8581
6123
17015
14612
9701
21769
31334
24971
16291
18539
25181
19141
11371
12945
17171
15084
8081
10904
18318
17453
9641
6455
13656
12684
2286
-4087
-1265
-3552
-14791
-19927
-15349
-16717
-23180
-24838
-14798
-10279
-10397
-8065
3712
13122
15389
16561
24366
29828
29801
26321
29393
30021
25725
19360
19240
20016
16937
11622
10884
12512
12471
8402
7889
8369
7280
2212
-731
-1922
-4721
-10943
-14402
-15562
-15806
-19589
-21187
-19332
-16346
-14962
-13116
-9298
-4879
-1848
819
3567
7203
9099
8303
8197
9838
9412
5851
3410
4254
3579
-949
-3652
-2484
-3405
-7949
-9768
-7305
-7523
-11121
-12760
-11082
-10744
-13628
-15570
-14770
-14205
-16954
-20102
-20250
-19869
-23469
-27888
-31441
-21319
-16087
-20233
-24375
-9941
4905
-1139
-2462
17380
26930
16103
7392
23565
30660
17456
5823
12691
21094
10754
2105
7985
14775
11862
4730
11518
19531
17498
7565
6713
15579
12381
-2090
-9045
-4115
-5973
-19469
-23218
-16439
-16961
-23706
-22752
-9396
-4945
-6589
-3070
10507
19087
18436
17696
24781
28737
25835
19931
22111
21384
16049
9442
10271
12054
8952
3241
4509
8500
9572
5229
5489
6935
6488
1520
-1400
-2291
-4341
-10553
-14083
-14382
-12601
-16430
-17801
-14062
-8113
-6254
-5289
-278
6038
8777
9490
11588
15026
14644
11956
10101
10776
8178
1714
-2244
-1541
-2413
-8868
-12963
-10458
-9940
-14575
-16923
-13927
-13013
-17608
-19636
-16994
-16125
-21845
-25192
-23244
-21417
-26069
-31207
-32618
-31155
-24576
-23683
-24015
-20823
-8537
-844
-3543
3594
17768
20761
13418
13212
27741
26205
13901
6935
14219
16471
6158
2016
7697
11249
8046
5266
13364
17587
13934
6260
9249
14468
7182
-6548
-9597
-6249
-11738
-24445
-23889
-18507
-20259
-25403
-18613
-6021
-2945
-3501
4651
18701
24387
21798
23666
30794
31953
26360
21940
23502
20179
12343
7206
8438
8215
3334
-807
2164
5091
3270
-279
1297
2551
90
-5665
-7287
-7835
-10703
-16370
-17589
-16360
-15349
-17454
-15082
-9402
-3883
-2431
712
6932
12045
12136
12373
14609
16631
13627
10320
9658
10009
5803
216
-385
1557
-1504
-7365
-7602
-4651
-7014
-12234
-12851
-10113
-12623
-18248
-19166
-17100
-18970
-24511
-25180
-22351
-22534
-28082
-29466
-28799
-24477
-18830
-17487
-17010
-11590
524
4022
3006
13843
24190
22288
15145
21338
31550
23926
13525
11972
19199
15442
6488
6355
11123
11255
6979
6728
14418
14415
8053
1707
7229
8668
-1764
-12616
-10428
-8521
-16252
-24403
-18334
-15122
-18440
-19370
-8465
-364
-93
1702
12295
21954
24569
23156
27657
31997
31440
27223
26389
26716
21669
14854
12289
13011
10206
4246
2009
4217
4614
1230
-760
877
158
-2892
-6248
-6693
-8242
-11400
-14542
-14103
-13168
-13465
-14988
-11805
-7441
-3749
-2063
2053
6506
9663
11077
13216
15453
16208
13872
12272
11650
10641
5445
716
-921
-1847
-6771
-11429
-11353
-10883
-14974
-17332
-15695
-14276
-17554
-18993
-17128
-16233
-18673
-21211
-20144
-19348
-21679
-24315
-24921
-24445
-28573
-23791
-15917
-13892
-17745
-10971
3461
5586
3799
14570
24320
21789
13624
21370
27918
20730
8966
8124
15037
11780
3202
2334
7952
11003
6340
7493
14818
16515
9959
5764
12136
12216
861
-8330
-6415
-6590
-14790
-20364
-16069
-15309
-16684
-15594
-5324
664
3275
6328
16401
25102
28351
26592
29701
31743
31327
25906
23407
20216
15623
9214
6962
5173
2901
-1816
-2697
-1548
-231
-2563
-4252
-4367
-3982
-5488
-8790
-11354
-11799
-13851
-16361
-16979
-14348
-13334
-13853
-11234
-5003
1128
3037
4974
9773
14581
15070
14776
15813
16727
13644
10418
8745
7134
1584
-3290
-5246
-5464
-10564
-15152
-16885
-16042
-18501
-21196
-22324
-21231
-22768
-24667
-25061
-23438
-25404
-27453
-28408
-26963
-29674
-32699
-24045
-16151
-17222
-18754
-3934
9945
6827
9198
24473
30003
22450
17826
29233
31174
21464
12648
15258
18012
10729
3090
4609
7501
6226
469
2860
7946
6592
-1917
-4263
1157
-1223
-13216
-18877
-15432
-16318
-24744
-26567
-20676
-19800
-20805
-17430
-6977
-1634
711
5152
14576
21777
23921
23032
27515
29971
29594
25092
24716
23592
20231
14377
12754
12064
10078
4375
2698
3173
3459
-528
-3447
-4039
-4353
-7561
-11097
-12764
-13512
-15985
-17591
-17049
-14425
-13193
-12428
-8800
-3255
1482
4069
6675
10867
14672
15120
14336
14748
16169
13203
9700
8649
7883
3283
-711
-1073
-1816
-6432
-9479
-9744
-10247
-14136
-16213
-16545
-17771
-20319
-21551
-21859
-23516
-26074
-27430
-28101
-28684
-32157
-26502
-19214
-17009
-19793
-10734
4078
5893
4950
17519
27811
25772
17580
26045
32493
25523
14889
13683
19826
15961
6834
5111
9867
12072
6668
4581
11675
13275
6386
-638
4171
4645
-6066
-16158
-14705
-14099
-20765
-27479
-22897
-20564
-19794
-19248
-10736
-3252
1117
4240
12094
19787
24656
22610
25160
28009
29363
25417
22469
21833
19592
15164
12689
12249
11482
7399
4937
5333
5226
3141
-1417
-3326
-4852
-7217
-12786
-16145
-17244
-18415
-21540
-21546
-19376
-16399
-16387
-12645
-6621
-364
1733
4091
8715
13581
14372
13993
13907
15479
13672
10310
8579
8170
4685
354
-1011
-433
-3944
-8378
-9677
-9344
-11460
-15651
-17400
-17825
-19733
-22738
-24480
-24110
-26604
-28931
-32406
-29661
-22731
-22135
-24795
-20215
-5146
553
-614
8638
21297
23064
18921
21950
31770
28034
20675
15620
19790
18824
10945
4638
7248
9278
7041
1272
6401
9828
6472
-891
1096
5011
-1690
-12769
-14054
-12556
-17218
-25615
-25036
-21840
-22580
-22471
-17911
-10038
-6022
-2338
3881
12147
18219
19800
19875
24319
26178
26009
21497
21055
20226
17550
13508
12837
12649
10935
6853
7639
8667
8060
4207
2658
2228
521
-3709
-7474
-9786
-11348
-14543
-17656
-18143
-16566
-15864
-15725
-12280
-6922
-2952
-1728
2025
7483
10108
9456
10565
12722
12897
10051
9256
8889
7041
3342
1781
1230
-954
-4418
-6175
-6985
-7798
-10249
-12703
-14209
-15097
-17164
-20469
-22358
-24296
-28626
-26533
-22810
-22614
-27214
-21966
-11535
-9920
-9498
321
9719
11053
8462
17431
24695
22007
17063
16497
21638
19604
12950
9743
11585
12643
8381
5253
10036
10014
5486
564
5249
5341
-2630
-9719
-8904
-9766
-14986
-20271
-18995
-19685
-20131
-19332
-14572
-10810
-7883
-3641
2984
9161
13782
14627
17766
21284
23032
22293
20875
21243
19892
18158
16629
15667
14336
12190
9907
9497
8850
7936
4125
2124
581
-759
-4267
-7673
-9556
-10502
-12995
-14450
-14873
-13642
-14072
-13217
-10783
-7595
-5440
-4910
-2822
353
2183
2942
3257
4857
5434
5129
5264
5032
4576
3659
2840
2041
283
-1488
-3442
-5407
-6873
-9561
-12067
-14925
-16055
-18600
-20832
-22434
-23461
-26845
-24732
-18867
-17316
-21177
-16958
-5143
-2661
-4547
3327
13410
12890
8649
13519
22065
18279
12604
10739
16698
16977
12200
9280
13487
15850
13997
9720
14361
16014
10369
2479
3738
5536
-3232
-13591
-14281
-12675
-17013
-22270
-20803
-17416
-17833
-16213
-11148
-5144
-3079
-547
4336
10347
13490
13266
12680
15851
17085
16913
13702
13977
14358
13991
12304
12995
13925
13884
11285
11718
12126
11109
6971
3727
2151
111
-3803
-7823
-9625
-10457
-11869
-13032
-11737
-9772
-8102
-7299
-4081
-1119
644
-243
994
2583
2658
663
-483
-561
-906
-3117
-3833
-3440
-3429
-4783
-4782
-3136
-3165
-4989
-5995
-6169
-7110
-9883
-12843
-15307
-18420
-21631
-25617
-24355
-21165
-21408
-23572
-18844
-8475
-5766
-5470
3292
13282
14596
11933
16635
23661
20222
14348
11379
14559
13122
6431
2598
5487
7799
5906
2571
7876
11174
8551
3975
6242
8384
919
-7218
-8398
-8962
-15409
-22401
-22642
-21105
-22031
-21062
-17396
-10600
-6262
-2086
3690
11173
16433
17318
17535
21333
22500
20609
15741
14799
14570
11961
8474
7964
9160
8496
6580
8540
10848
10678
7690
6960
7814
5842
1036
-3074
-4678
-6856
-10677
-13636
-13536
-12124
-11761
-11166
-7261
-2601
153
835
4290
8278
9113
6871
6253
7021
5790
1406
-982
-1931
-3499
-7091
-8176
-7829
-8496
-10847
-11525
-9791
-8932
-10896
-12627
-12868
-13276
-15962
-19510
-21856
-23572
-20754
-20029
-20561
-20321
-12081
-5545
-4565
666
12433
16878
16001
17665
27176
28527
22980
19233
19463
20562
15428
9697
7887
8487
7066
3596
2774
6835
4758
389
-1858
2643
211
-8130
-12517
-10731
-13175
-19033
-21815
-19386
-19913
-19853
-16879
-11248
-7189
-4022
1206
8751
15040
18294
18552
22522
26371
26202
23264
21289
21215
18144
14071
12006
11169
8565
5111
4271
5970
4756
2882
1390
1683
447
-1647
-4430
-6264
-8371
-9781
-11744
-12369
-12682
-11968
-10983
-8372
-5057
-2026
197
2557
5560
7827
8656
7900
7404
7310
6207
3596
1070
-1179
-3350
-5958
-7615
-9662
-11719
-13578
-14644
-15673
-17148
-18811
-20785
-23230
-25520
-25787
-22625
-22689
-25019
-23307
-14396
-9814
-9914
-3600
8039
12266
12115
16598
26395
27555
23480
22294
25345
25592
20132
15213
15285
15865
13101
8682
8939
11443
8130
3089
1852
3405
-1861
-10097
-13595
-14356
-18919
-24628
-27609
-27163
-27316
-26084
-23663
-19278
-13547
-8362
-2936
4301
11621
16390
17626
21700
26176
26658
23760
22202
22962
20772
16807
14994
14422
12682
9713
8460
9188
7827
5553
2914
2426
1252
-1952
-6283
-8806
-10239
-12201
-15503
-16408
-15578
-14169
-13872
-12176
-8141
-4324
-1897
463
4228
7466
8489
8381
9422
9613
7941
4811
3514
2086
-562
-4060
-6040
-6854
-8647
-11324
-12635
-12500
-12899
-14727
-16068
-16239
-17147
-19344
-21821
-23987
-25953
-23835
-21833
-22606
-22903
-15465
-7412
-5699
-1485
9969
17564
17923
19265
28332
32135
27503
23613
24235
26257
21374
14623
12667
14037
12056
7071
5493
9513
7049
1986
-898
1936
-537
-9224
-14841
-14827
-17493
-23316
-27177
-26151
-26148
-25505
-22934
-18717
-13437
-8303
-3062
3289
10251
15594
17171
19624
23878
25533
23908
21127
21563
20761
17699
15421
14870
14129
11802
9742
10236
9249
7666
4840
3478
2177
-261
-4165
-7218
-9141
-10602
-12954
-14037
-13725
-12536
-11829
-9451
-6248
-3349
-1191
949
3250
5059
5699
5391
4818
4794
3898
1813
-40
-1624
-2701
-4630
-6233
-7660
-9218
-11249
-12744
-14320
-16244
-19439
-21495
-24402
-23616
-20859
-20743
-23031
-20502
-12140
-8402
-8679
-2436
6243
9942
9293
13226
21303
22633
19958
18595
22886
25095
21033
17349
19454
21534
19748
14860
16403
18025
14333
7934
6568
7549
1639
-7687
-11073
-12013
-16284
-22840
-25289
-24685
-24340
-23539
-21888
-17325
-12129
-8133
-3879
2101
8229
11264
12183
15796
18778
19700
17616
16694
17247
16877
15001
13862
13726
13758
11839
11099
11570
11574
9339
6518
5442
4559
1160
-2815
-5159
-6024
-8401
-11060
-11568
-10661
-9532
-9502
-7067
-3754
-1269
-302
1697
5099
6650
5555
5292
5968
5969
3161
472
-699
-1868
-4430
-6968
-8224
-9586
-11381
-12257
-12961
-13436
-14575
-15806
-16706
-17583
-18786
-21501
-24228
-25838
-21773
-18848
-20486
-21985
-13035
-3917
-3559
-933
10887
18464
17893
17802
26533
30519
25793
20269
19673
23028
19885
12082
8999
12634
13791
9714
6793
12486
12339
7205
2794
6206
4178
-5138
-12101
-12420
-14967
-21055
-25202
-24774
-24264
-22659
-19298
-15779
-10358
-4186
1577
6201
11946
17004
17700
17905
20612
21593
19396
15307
14711
14229
12024
9617
8388
8166
7468
6478
6577
6004
5476
3786
2181
1354
169
-3347
-6705
-7931
-7765
-9916
-11020
-10238
-7891
-6722
-5265
-2154
1050
3152
4343
6109
6988
6528
5087
3533
1887
309
-2851
-6014
-8457
-9203
-11680
-13934
-15360
-16372
-17888
-18448
-19288
-20139
-22558
-24392
-26561
-25798
-22494
-22237
-24273
-22001
-12940
-7844
-6808
-433
9241
13414
14895
19023
26456
27684
25748
23235
25378
27114
23405
16869
16172
17626
16804
11100
9899
11757
10206
5116
2595
3867
335
-7258
-11280
-11765
-14751
-19488
-22798
-22641
-22102
-20119
-18503
-15722
-10551
-4952
-130
4870
10767
15318
16661
19373
22523
23695
21342
18934
18285
17140
14082
11407
9706
8295
5810
4655
4051
2846
1194
-783
-2414
-3371
-5395
-8376
-10712
-11259
-11461
-12626
-12759
-11406
-8722
-6434
-4002
-739
2857
5574
7912
10157
12469
12670
11780
10636
10111
8362
4477
285
-2246
-4704
-8444
-12389
-15354
-16967
-18631
-20542
-22427
-22676
-23406
-24568
-26583
-26638
-29340
-29052
-24892
-22388
-24153
-22571
-12624
-6691
-5703
1778
13002
17336
17471
22167
31403
31721
28397
25930
27834
28571
24098
17619
17033
17516
15959
10020
10740
12876
9003
3483
2726
4891
-635
-8960
-12446
-12915
-16902
-21786
-24466
-24050
-23838
-21193
-18365
-14457
-8726
-3216
2027
8204
15259
18794
18581
21912
25530
25848
22319
19732
19845
18206
15336
13356
12221
10906
8078
6995
6866
5578
3029
25
-1810
-2514
-5161
-9336
-12142
-12111
-12348
-14516
-14593
-12141
-9339
-7860
-5335
-421
4032
6057
7613
10587
13227
12593
10422
9229
8990
6217
1878
-1901
-3789
-6732
-10223
-12680
-14305
-16831
-19168
-20442
-21091
-22716
-24626
-26879
-27660
-29632
-30581
-26579
-24142
-25391
-24939
-14280
-7506
-7588
-2105
10317
15750
15675
18856
28648
31134
27853
24777
26363
28549
24789
17401
16556
18185
16524
10098
8499
12197
8896
3206
71
2426
-959
-8061
-12746
-13052
-15356
-18476
-21998
-22347
-20546
-17849
-16338
-13961
-7636
-1912
1568
6127
13376
18398
18097
19470
23881
25436
23148
19949
19947
18822
15698
12951
11060
9846
6961
4467
3540
2852
952
-2212
-4274
-4023
-5611
-9159
-11381
-11323
-11053
-12991
-13144
-11327
-9062
-7237
-5484
-2025
1903
4925
6548
8500
11308
12833
11490
9756
9616
8352
3877
13
-2311
-5182
-10271
-14032
-15906
-18600
-21782
-23918
-24825
-25316
-26964
-28524
-29616
-30026
-32188
-29622
-25158
-24294
-26706
-20720
-9853
-7172
-5479
4436
14814
16525
17352
24142
31723
30006
26973
25309
28891
28291
21787
15912
18388
18531
15122
8670
12571
13245
8678
3214
3736
4094
-3039
-10482
-12920
-13540
-17668
-21830
-24425
-22468
-20375
-17672
-15976
-10650
-3473
1425
5057
11642
18113
19861
18982
22476
24886
23493
19468
17620
17662
15607
13238
10872
9781
9023
7209
5818
4910
4135
1796
-1618
-2885
-3246
-6731
-10370
-12110
-11012
-11327
-12806
-11818
-8835
-5137
-3625
-1394
3362
7300
8624
8860
11270
13875
11733
8214
8008
8262
4233
-990
-2825
-5009
-9362
-13011
-14550
-17244
-20681
-22531
-23662
-25376
-26021
-27600
-29181
-32389
-29884
-25205
-25027
-28464
-23846
-11946
-8907
-9193
-1083
10627
13616
13370
18361
27633
28415
24687
22043
26560
28497
22403
14958
17746
19476
15971
7918
9923
12165
7560
1471
255
1943
-3136
-9910
-13233
-12962
-15411
-18744
-22558
-21487
-18345
-15690
-15793
-12715
-5143
194
2278
7369
14458
17729
17063
20013
24115
24237
21048
19082
20163
18692
15714
12269
10511
9231
7271
4520
2580
1948
747
-2388
-4416
-3770
-5178
-8430
-10452
-9190
-8577
-10547
-11192
-8981
-5931
-4053
-3255
-22
4201
6990
7893
9765
13164
14075
11486
10687
11576
9697
4456
688
-694
-4111
-9370
-13320
-16060
-18573
-21414
-23782
-25300
-26313
-27187
-28921
-29433
-30812
-27710
-23925
-23947
-25836
-20527
-10890
-10580
-9749
-529
9370
9609
9555
17022
25914
24837
21476
21901
26331
27010
21447
16934
19145
18766
15336
9377
11736
11383
5973
1625
1749
2190
-4081
-9968
-12256
-11641
-14290
-17591
-21032
-19237
-16407
-14864
-14520
-10772
-3913
-704
1915
8468
14973
16200
15657
20390
23760
22172
19311
18671
18994
16473
13751
11968
10286
8624
6696
5344
4091
2712
986
-1662
-2931
-3071
-5805
-8759
-10047
-9652
-9611
-11400
-10957
-9420
-6474
-4676
-3117
441
4322
6281
7363
10125
12937
12216
10040
10528
10352
7064
2195
224
-2215
-6592
-10810
-13126
-16132
-19291
-21967
-22781
-25269
-26467
-27991
-29398
-31562
-30604
-25630
-24783
-27700
-25619
-14333
-10251
-11314
-5778
6445
10625
9081
13137
23520
26147
22161
20271
25696
28348
23414
16913
19136
20688
17141
10299
10713
13159
7817
2557
1184
3024
-2000
-8158
-11231
-10757
-12714
-15918
-19382
-19186
-16368
-14678
-14732
-12539
-6129
-1241
465
5795
12833
16098
15644
18948
24302
24460
21953
20120
21112
19892
16897
13418
11785
10565
7662
4804
3398
2756
522
-2362
-4167
-3847
-5419
-8418
-9980
-9555
-8991
-10394
-10881
-9156
-6668
-4947
-4487
-1366
2522
5190
6074
8370
11630
12878
11294
11204
11894
10001
5984
2799
847
-3127
-7816
-11971
-16251
-19502
-22467
-25423
-27850
-29231
-30140
-32472
-30242
-26036
-25973
-27680
-22318
-13679
-12751
-11361
-4368
2457
3343
5145
10252
15152
15851
15817
16389
20365
22955
20027
17973
21111
22527
19326
14610
16013
14914
9930
5169
3113
1617
-3925
-9100
-12073
-12948
-14347
-16977
-19391
-17540
-14439
-13575
-13667
-9846
-4272
-2238
72
5343
9323
10174
11112
15198
17063
17281
16666
16718
16840
16652
15705
13304
11739
11264
9467
6350
3967
3126
1237
-2413
-4115
-4837
-6990
-9271
-9804
-9245
-9415
-10451
-9239
-7597
-5449
-4740
-3169
-272
2092
3453
4814
7418
9432
9798
10093
11456
11496
9917
7585
6282
3746
272
-3623
-7613
-11746
-15026
-18582
-22548
-25824
-27323
-29314
-32500
-29905
-25876
-25593
-28152
-22157
-12960
-11842
-11727
-4409
3275
4272
4014
8588
13981
14353
12563
12928
17572
20105
17119
15518
19318
21463
19557
15542
16890
15924
12178
7070
3935
1692
-2773
-8110
-12490
-13685
-14659
-16673
-18921
-16830
-13069
-10975
-10162
-6190
-672
1793
3992
8168
11438
11726
12436
14978
15596
15594
15589
15146
14928
15258
15245
13100
11956
11837
10563
7549
5515
3961
1165
-2621
-4801
-6299
-8568
-10827
-12238
-11748
-11067
-10883
-10100
-8216
-4873
-3134
-1275
1474
4327
5765
6694
8278
9779
10139
10059
10401
10400
10082
8384
6588
4550
3373
916
-3298
-7085
-9018
-11819
-16286
-20200
-22362
-24880
-28302
-31103
-32410
-28839
-25961
-26965
-26680
-18391
-11317
-11093
-7611
2254
7709
6274
7589
14253
18086
15265
12614
14266
18245
17250
13376
13032
16774
16848
13665
12080
14853
12721
7862
4190
3543
1287
-5001
-10662
-13001
-12741
-14369
-17899
-19283
-15108
-10853
-9831
-8202
-2133
3413
5272
8716
14327
17041
16068
16516
19006
19584
18175
15825
14243
14416
14153
12187
9280
8924
8644
6195
3712
2742
1268
-2427
-5440
-6045
-7197
-10299
-12531
-12649
-11697
-11294
-11512
-10150
-7213
-4088
-2526
-219
3458
6399
7663
9409
12069
13562
12759
12310
12811
12528
10283
7246
5380
3217
225
-4106
-7721
-10787
-13774
-18278
-21818
-23874
-25616
-30103
-32404
-27750
-25427
-28603
-29801
-19465
-13492
-14494
-10640
-663
4653
4507
6554
13271
16543
15692
13163
14756
19296
18672
13454
13507
17590
18200
13880
11742
14766
12493
8962
3626
3171
663
-4401
-11116
-13821
-13597
-15355
-20152
-21681
-17396
-13641
-13178
-11475
-5004
912
3756
7599
12923
16142
16816
18309
20139
20368
20306
17518
15550
15513
15838
12390
8774
9456
9222
6095
3225
2542
1317
-2035
-4785
-6425
-7986
-10581
-12876
-14200
-13516
-13327
-14080
-13405
-10535
-7128
-5981
-3460
87
3434
5249
7282
9621
11416
11971
11903
11806
11487
9857
7584
4861
2986
525
-2726
-6747
-9672
-12017
-15069
-18358
-20844
-22951
-25897
-28811
-29116
-25826
-24896
-26897
-25277
-17173
-13071
-12470
-7909
790
4900
5721
8394
14088
16925
16225
14388
16313
19082
17495
13725
14073
16001
15905
12157
10959
11353
10257
6423
1946
888
-772
-5481
-11593
-13200
-12762
-14597
-18620
-18351
-14780
-11638
-10792
-8157
-2833
2432
5896
9478
13541
16807
18640
19142
19568
21017
21143
17350
15122
15627
15229
11224
8429
8212
7147
4763
2311
671
-754
-2780
-5634
-7364
-8536
-10215
-12294
-13037
-12034
-11565
-11847
-11105
-8187
-5170
-3404
-1523
1447
5000
7518
8528
10340
12548
13386
12370
11871
11913
10363
6877
4415
2605
41
-4051
-8110
-10568
-12710
-15952
-19663
-21980
-23832
-26199
-30205
-27825
-23775
-24143
-27889
-22090
-12508
-12005
-11434
-3032
4777
5366
5883
11439
16688
16383
14163
13380
17180
18407
14125
11167
14036
15141
13099
8871
10445
9464
7262
2639
-97
-796
-4292
-10043
-14074
-13668
-14057
-16914
-19416
-16661
-12477
-10201
-9068
-5065
813
5185
8457
12147
15523
17824
18900
19475
19714
21204
18854
15034
14452
15265
12803
8221
7412
7325
5211
2573
475
-1135
-2612
-4666
-6983
-8471
-9331
-10735
-12197
-11759
-10259
-10256
-9774
-8101
-4397
-2210
-475
1424
5105
7851
9033
10340
12286
13103
12438
11916
12025
10268
7765
5059
2936
632
-2324
-6137
-9716
-11922
-13912
-17140
-21070
-22409
-24547
-26503
-30881
-28709
-23701
-23283
-27262
-22460
-10691
-9828
-10301
-2256
7810
8499
6972
11697
18255
18081
14937
12315
16025
18027
13777
8913
11754
13586
12382
6796
8774
9591
7503
1876
-1571
259
-2444
-9841
-15174
-12881
-12222
-15777
-19191
-16096
-11271
-8443
-7595
-4088
2645
7860
9693
13393
17632
20334
20016
19832
20204
22429
19713
14222
13716
14737
12862
7228
6127
5910
4250
1199
-1496
-2179
-2925
-5928
-8874
-9033
-8666
-10442
-12806
-11627
-8684
-8652
-8972
-7090
-2713
-695
268
2206
5371
8357
8830
9570
11612
13131
11663
10477
10430
9918
7023
3183
821
-818
-3664
-8466
-12085
-13527
-14833
-18503
-21742
-22356
-22584
-25141
-27542
-28666
-28973
-23682
-20463
-22083
-22738
-9845
-4698
-6147
-1214
10961
13728
9964
12671
21210
21666
16686
12406
14464
17217
13667
6626
6765
9411
8712
4573
3073
5946
3482
1384
-4393
-2201
-3001
-8691
-16368
-13919
-10900
-13965
-18426
-15560
-9269
-6358
-4721
-1740
4631
10127
12357
15194
19692
21859
20649
19537
20196
20918
18675
12211
10679
11730
10608
4756
2053
3389
2090
-837
-3497
-3706
-4227
-6473
-8989
-8798
-7401
-8672
-11124
-9846
-5323
-5128
-6128
-3974
1036
3754
3622
5620
8968
11930
11455
11299
12839
14161
11899
9475
9108
8390
5077
1487
-1752
-3311
-6155
-9867
-14152
-15996
-16905
-18695
-22496
-23102
-22416
-23451
-26185
-26166
-26816
-24137
-18728
-16819
-19630
-13153
-1672
-1537
-420
8391
17170
14989
14059
19371
24307
20232
15187
12344
15236
14623
8370
2874
5526
6346
5471
517
2203
2969
2777
-2678
-5286
-1971
-4682
-12708
-16051
-10990
-11656
-15715
-17122
-11265
-6814
-4104
-1877
2328
8891
13198
14786
17373
20902
21360
18575
17272
18130
17686
12016
7491
8215
8280
4839
758
1163
1169
-236
-2351
-3653
-3405
-4219
-6492
-7816
-6219
-6125
-8044
-8506
-4883
-2447
-3442
-2308
1105
4808
5607
6838
8880
11783
12176
11656
12077
13075
11978
9493
7307
6474
4840
1481
-2597
-4875
-6833
-10091
-13588
-16558
-17335
-18372
-20256
-22329
-21012
-21381
-21949
-22948
-21075
-22447
-22804
-17348
-12020
-13717
-14197
-3219
2375
1635
5548
15104
17678
14992
16874
22333
20979
16113
11455
11504
11420
8237
1746
1347
2181
3409
407
-453
1827
2611
363
-4395
-1186
-1663
-7721
-13068
-10346
-9412
-11566
-13376
-10961
-6522
-2183
1185
3395
8359
14100
15805
17167
20294
21582
18076
15511
16357
16170
11754
6241
6158
6694
5095
1294
543
950
509
-426
-1754
-1857
-1964
-3133
-5037
-4591
-3663
-5147
-6804
-4812
-1430
-1695
-1282
1597
5090
7277
8324
9840
11892
12978
12072
11625
11273
10164
7398
4683
3340
1474
-1923
-5856
-7983
-9824
-12250
-15019
-17619
-18674
-18727
-19898
-21072
-20413
-19173
-19110
-19159
-18989
-17984
-19442
-20316
-13961
-8352
-11905
-13303
-1034
4319
3026
6282
16002
18825
15740
17010
21488
19766
14819
9680
7674
7525
5634
-1117
-3966
-1173
2854
-312
-2702
1385
5225
2269
-3522
786
774
-6316
-11512
-8664
-8844
-10905
-11614
-10080
-6101
-686
2723
3041
8309
14896
15918
15491
18373
19601
15846
13344
12995
12231
8150
4160
3159
3151
2809
1070
-346
-188
1705
1578
-1234
-1452
211
-1319
-4223
-3617
-2731
-3958
-5533
-3666
-380
-100
1006
3506
6708
8548
10111
10726
11691
12652
11785
10035
8371
7346
4375
1109
-1617
-2508
-5697
-9477
-11532
-12553
-13992
-15374
-17640
-18751
-17187
-16589
-18137
-17749
-15262
-14473
-16005
-15501
-14378
-15659
-18659
-13906
-7486
-8906
-12725
-3577
4787
4614
6221
14410
19276
16661
15840
19431
18805
13914
7941
4066
4149
3699
-1865
-6510
-3054
1481
527
-2275
2479
5609
3757
-959
1726
1706
-4406
-9563
-9223
-8684
-9479
-10421
-11024
-7069
-843
3221
2750
6398
13254
15234
14304
16361
17669
14115
11135
10730
10274
7383
3252
1635
2818
3970
2115
196
1061
3411
3396
283
-431
974
-493
-3707
-3783
-2574
-3743
-5447
-4208
-924
257
1154
2739
5243
8563
10143
9463
9468
11296
10160
6986
4692
4337
1480
-2355
-4836
-5311
-7514
-10350
-12432
-13195
-13493
-13458
-14947
-16271
-15230
-13986
-14763
-15635
-14275
-13763
-14568
-15792
-15334
-16570
-18973
-14558
-8375
-10032
-12613
-2246
4767
4418
6883
15389
18854
15063
14852
18686
16888
11331
6497
3544
3918
3619
-1420
-3811
335
4677
3246
1479
6565
8927
5834
807
4407
2925
-4520
-9505
-8797
-9211
-10225
-11015
-11018
-6270
-588
2757
2998
8336
13921
13814
13723
17141
16946
12002
10785
11293
9758
6636
4449
4049
4665
5273
4247
3423
4314
5616
4105
1550
1636
1277
-1919
-4553
-3776
-3591
-5343
-5980
-3362
-705
-271
1223
3596
6393
8635
8456
7839
9173
9546
6434
3835
3081
2452
-1697
-4613
-5415
-5578
-8186
-9606
-10250
-11053
-11465
-11783
-13012
-13841
-12956
-13043
-13921
-13894
-12741
-13474
-14324
-14291
-13646
-15644
-18035
-13563
-7331
-8983
-11557
-2848
4220
3653
5735
12802
16497
13935
12843
15501
15092
11378
6524
3629
4083
5304
954
-1813
1613
6068
4657
3322
7253
9258
6306
2301
4138
2797
-3343
-8124
-8472
-8991
-9462
-10849
-11044
-7048
-1882
990
2022
6193
10907
11693
12690
15100
14921
11834
10768
10238
9802
8138
5788
4506
5328
6343
5185
3955
3698
4532
3374
1439
664
18
-2136
-3797
-3580
-3037
-3955
-4725
-3091
-657
234
1563
2364
3936
5571
6067
5803
5872
5237
3453
2220
1537
49
-2869
-4240
-4805
-5383
-6802
-7842
-9154
-10023
-10365
-10952
-12383
-13658
-13700
-13551
-14223
-14409
-13614
-13289
-13752
-13233
-12614
-12746
-15804
-15507
-9555
-6549
-10440
-9637
-368
2851
2575
5315
12037
14553
12151
11739
14821
14150
10756
6001
4563
6386
6536
1027
277
4198
8042
5096
4274
7686
9108
4649
1287
2551
-672
-5629
-9056
-9784
-10507
-9795
-11729
-11023
-6291
-1162
-32
484
6001
10626
10438
10830
13537
13045
10988
10546
10217
9617
7891
5837
5162
6029
5968
4191
2460
2506
3744
2210
-503
-869
3
-1519
-3544
-2801
-1811
-2564
-3030
-1215
216
853
811
1024
3213
4450
3114
2188
2951
3362
2254
-162
-275
-351
-1964
-4074
-4645
-4963
-6040
-8234
-9895
-10273
-10833
-12303
-14328
-14877
-13841
-13735
-14871
-14145
-12096
-11419
-12299
-11726
-11113
-11297
-14762
-12688
-8053
-6893
-10659
-6865
613
3120
3499
7002
14053
15318
12877
13879
16632
14963
11502
6451
6024
8259
5778
1006
2137
5982
6646
3488
5189
7822
7173
2308
1896
1633
-1690
-5966
-8741
-10145
-9586
-9315
-11289
-9350
-5266
-1081
68
2266
7860
10783
10655
12672
15012
13742
12148
11447
10820
10058
7881
6013
4899
5413
4800
3661
2277
2796
3309
1520
545
1271
493
-1381
-978
-740
-1463
-2439
-1885
-685
-121
-11
865
1962
3040
2968
2784
3132
3661
2614
1305
334
528
-1013
-3109
-4110
-3718
-5096
-7428
-8603
-8991
-9522
-10705
-11715
-12745
-12266
-11584
-11705
-11621
-9947
-8841
-9021
-7974
-6933
-7675
-9019
-9296
-11602
-12119
-7943
-5697
-9328
-7424
2068
3486
2622
7443
15518
15149
11799
13802
17053
13958
9915
6781
6009
7027
5279
1086
1600
6089
7490
3486
4909
9778
9060
2853
1621
4084
558
-5529
-8413
-8223
-8499
-9064
-11358
-9237
-4796
-1466
-707
1418
6872
9190
8517
10569
13355
11682
9048
8868
9500
8539
5987
4620
4769
5885
5329
4020
3901
5230
5688
3776
3108
3977
3075
196
-553
-504
-1240
-3136
-3801
-3017
-1917
-1802
-1670
-1349
746
1569
78
-164
1049
-361
-2351
-3298
-3441
-5014
-6828
-6829
-6361
-6742
-8118
-8040
-7172
-6709
-7674
-7935
-8169
-7920
-8230
-8473
-8870
-8427
-8149
-8272
-7835
-6860
-7058
-7901
-8087
-7603
-8805
-11174
-10225
-6404
-5788
-8194
-5089
333
1913
3161
7900
12244
12087
10636
13384
14352
12577
9375
6065
5619
7101
4527
644
1207
4301
4908
2633
4056
6201
4912
2005
2811
2582
-1309
-4457
-5714
-6385
-6699
-7839
-9086
-7798
-5122
-2976
-2602
-586
3675
4787
5584
8774
10148
8741
8796
9404
9216
8611
7399
5919
5951
6555
5961
4867
4432
4991
4976
3688
2718
2535
1044
-487
-634
-1285
-2655
-3352
-3158
-2816
-2914
-3597
-3957
-3125
-2704
-3958
-4803
-4475
-4395
-5514
-6236
-5366
-5233
-5400
-4870
-3940
-3135
-2424
-3197
-3050
-2492
-3584
-4994
-5480
-6241
-7108
-8088
-8849
-8239
-7649
-7560
-7304
-6256
-5706
-5102
-5274
-5728
-6644
-8137
-10268
-10313
-8112
-7248
-9222
-7110
-486
2210
3516
7918
13204
14530
14279
15132
15260
13484
10888
6419
3989
3730
1936
-1719
-1492
1846
2874
1368
4129
7577
7259
4889
4955
5313
1930
-1825
-3927
-6143
-7874
-9182
-10490
-9759
-6869
-4258
-3238
-84
4975
7308
7907
10468
12535
11875
10028
9131
9030
8137
6314
5116
5446
6459
6646
6306
6198
7421
7550
5733
4968
4516
2785
716
-793
-2336
-3829
-5448
-6547
-6817
-6553
-6578
-6961
-6372
-4797
-4235
-4640
-3936
-3112
-3126
-3255
-2862
-2478
-2293
-2480
-1978
-1494
-1006
-998
-1081
-1609
-1622
-1373
-2487
-4061
-4550
-4638
-5688
-6387
-6802
-6901
-7364
-6944
-6509
-6232
-6343
-6038
-5902
-5922
-7108
-6961
-5832
-4054
-2364
-979
22
3244
6934
6947
8882
11092
12003
10174
9583
9430
8705
4580
3245
2598
1926
1713
1690
1182
3247
4216
4342
3981
5585
4770
2986
1127
1120
-415
-3866
-4951
-4463
-4774
-5447
-4605
-4077
-1553
-284
571
1581
3387
4612
4666
4601
6094
5873
4308
4914
6571
6299
6355
6573
7375
7794
7710
6495
6467
5563
4485
2756
814
-517
-2048
-3859
-4976
-5043
-5715
-6199
-6037
-4437
-3766
-3583
-3484
-2654
-2487
-2844
-3243
-3360
-3196
-3609
-4201
-3536
-3159
-3045
-2127
-771
-7
696
1357
1580
1198
485
-361
-1868
-3406
-5048
-6060
-7058
-8079
-8452
-8093
-7263
-5769
-4737
-3999
-2767
-1549
-1516
-2268
-2976
-3415
-4533
-5941
-5504
-4393
-4913
-4602
-1895
352
1765
3223
5554
7549
7628
7478
7586
6370
5204
3792
1913
1156
1146
579
-234
1005
2892
3486
3295
4650
5969
5541
4412
4311
2835
1076
-517
-2180
-3533
-4471
-5102
-5541
-5087
-3475
-2112
-1522
661
3011
4023
4878
6829
7352
7533
8114
8328
7776
7443
7083
6419
5577
4803
4147
2434
1653
1330
218
-1111
-1432
-2151
-2470
-2379
-2526
-3107
-3212
-3343
-3275
-3845
-4417
-4378
-4570
-4884
-4639
-4788
-4706
-3383
-3046
-2590
-986
369
759
1361
2544
3552
3145
2175
1673
1039
-319
-1844
-2870
-4001
-4918
-5151
-4944
-4751
-4236
-3268
-2320
-1533
-163
46
-279
-426
-417
-1124
-2041
-3336
-3557
-3756
-4452
-4738
-4774
-4350
-3141
-2361
-1857
-1108
389
612
807
1840
2477
2577
1617
1731
2259
1866
1406
1085
796
2324
2553
2073
2918
4274
4941
4954
5259
6103
5277
4640
3975
3576
2425
1342
620
443
-133
-477
-909
-154
321
690
904
1413
2568
2871
2849
4138
4818
4486
4363
4572
5160
5159
3990
3414
3649
2847
1537
605
395
120
-1139
-2156
-1664
-1819
-2446
-2662
-2603
-2110
-2068
-2819
-2550
-2049
-2334
-2760
-2713
-2525
-2464
-3043
-2950
-1830
-1059
-1196
-361
1076
1994
1971
1876
2307
2101
1569
621
-460
-1053
-1786
-3236
-3514
-3695
-4324
-4777
-4202
-3844
-3341
-2769
-2083
-1948
-1589
-1847
-2172
-2576
-2975
-3784
-4740
-4531
-4576
-5129
-4524
-2907
-2178
-889
531
2547
3602
4211
4919
4584
4540
4790
3277
2296
2102
1416
970
930
1334
1670
2012
3095
4161
4478
4732
5175
5275
4876
4806
3510
2586
2101
1296
321
-91
-403
-473
-672
99
1195
1288
2024
3192
3703
4023
4593
4808
4355
4576
4182
3326
2336
1860
927
-104
-656
-761
-1158
-1427
-1370
-1351
-923
-981
-1217
-1454
-1375
-1547
-2560
-3145
-3130
-3391
-4353
-4515
-3875
-3369
-3285
-2815
-1785
-881
-189
174
713
1257
1796
1070
589
596
114
-899
-1399
-1414
-1385
-1887
-2255
-1760
-1414
-1275
-1420
-1561
-1448
-1790
-2458
-2836
-3221
-4002
-4831
-5096
-5477
-5666
-5494
-5072
-4849
-4050
-3354
-2669
-1980
-997
-362
-220
-40
827
1087
886
1034
1312
1588
2007
2210
2685
3194
3266
3525
3682
4158
4286
3887
3585
4114
3979
3498
2939
3043
2848
2561
2252
2080
1915
1571
1476
1462
2012
2123
1714
1976
3145
3887
3596
3464
3787
4569
4508
3771
3192
3034
2917
1904
1054
953
883
198
163
372
652
339
183
394
467
224
-455
-867
-1149
-1439
-2200
-2798
-2609
-2492
-2565
-2240
-1559
-818
-302
248
828
1129
1104
1194
1080
587
-48
-684
-1212
-1425
-1812
-2234
-2417
-2117
-1729
-1608
-1594
-1551
-1519
-1728
-2153
-2866
-3399
-4195
-4513
-4726
-5004
-5226
-5215
-5054
-4888
-4850
-4399
-4009
-3992
-3997
-3297
-3126
-3104
-3027
-2196
-1270
-279
46
1027
2352
2993
2924
3605
4176
4144
3688
3161
3306
3080
2706
2332
2751
3216
3817
3613
4210
4874
5226
4822
4802
4618
4500
3183
2480
1736
947
293
-27
-98
-30
24
154
694
1205
1098
867
773
858
447
-227
-795
-700
-1064
-1173
-1053
-433
-166
-212
487
1533
1715
1397
1496
1496
1031
121
-517
-750
-984
-1442
-1505
-1290
-280
-135
-315
26
431
-49
-522
-1045
-1522
-2333
-3370
-3813
-3894
-4345
-4568
-4035
-3196
-2461
-2292
-2053
-1267
-727
-943
-1594
-2138
-2312
-3170
-3814
-4147
-4131
-4168
-3665
-3396
-2626
-2062
-1988
-1695
-593
-550
-1246
-1923
-1629
-1368
-2103
-2584
-2528
-1826
-1252
-840
-266
915
1342
1886
2254
2602
2858
2712
2108
2063
2317
1907
1582
2454
2806
3360
4004
4604
5392
5960
5908
5896
5603
5162
4311
3126
2623
1573
454
-223
-537
-698
-1281
-1646
-1377
-1344
-1315
-1158
-1026
-942
-573
-362
-277
89
525
536
901
1760
2238
1981
2203
2983
3123
3018
2790
2885
3152
2604
2084
2160
2115
1719
1269
913
676
422
-519
-1079
-1568
-2085
-3336
-4020
-4259
-4320
-4960
-5370
-4852
-4388
-4030
-3767
-3012
-1816
-1178
-1283
-569
-186
-307
-526
-751
-942
-1273
-1754
-2285
-2341
-2228
-2571
-2722
-2112
-1110
-1347
-1339
-836
-292
-332
-1045
-1479
-1694
-1880
-2731
-3044
-2808
-2413
-2178
-1651
-823
318
1454
1772
2641
3840
3916
3665
3591
3739
3534
2973
2902
3174
3369
3453
3437
4242
4706
4776
4569
4455
4650
4040
3238
2752
2343
1443
439
-251
-438
-862
-896
-935
-746
-191
-96
-26
1195
1650
1720
1747
2431
2537
2425
2493
2659
2741
2841
2923
2979
3229
3354
3259
3106
3223
2968
2480
1942
1311
682
-201
-782
-1074
-1807
-2597
-2728
-2835
-3444
-4011
-4307
-4540
-4719
-4896
-5077
-4839
-4747
-4465
-4095
-3755
-3219
-2978
-2499
-1865
-1427
-1124
-921
-939
-641
-530
-844
-1065
-1102
-1013
-1318
-1339
-1233
-1177
-1187
-1043
-890
-768
-857
-1108
-1087
-1355
-1516
-1647
-1618
-1489
-1154
-979
-579
129
820
843
935
1495
1836
1434
1316
1651
1753
1578
1740
2041
2427
2748
2795
3226
3075
2910
2718
2600
2337
2062
1291
935
724
429
142
-193
-164
-166
-247
-115
20
181
224
184
274
443
418
652
888
938
1058
1493
1467
1445
1699
1499
1324
1214
1345
1060
662
297
114
-439
-872
-1201
-1433
-1876
-2385
-2364
-2329
-2579
-2835
-2667
-2477
-2504
-2499
-2473
-2288
-2402
-2688
-2815
-2738
-2866
-3099
-3381
-3384
-3232
-3304
-3386
-3306
-2847
-2822
-2701
-2309
-1719
-1467
-1303
-989
-707
-478
-439
-735
-490
-133
-510
-964
-571
-42
401
567
931
1648
2032
2398
2569
2800
2862
2377
1507
1192
706
31
-1102
-1521
-1507
-1719
-2125
-1902
-1054
-871
-595
-73
607
875
985
1127
1352
1016
653
507
376
418
658
734
772
986
1433
1730
1708
1797
2217
1895
1271
1120
829
393
150
58
177
193
2
35
181
522
374
41
-3
-11
-18
-277
-512
-337
-281
-449
-311
147
101
242
768
1056
1044
1065
1182
1081
876
575
239
73
-80
-71
-232
-416
-323
-352
-482
-796
-1100
-1147
-1436
-1850
-1975
-2327
-2428
-2528
-2558
-2288
-1818
-1432
-645
119
700
1136
1211
1203
1547
1447
1065
931
692
655
590
663
837
1244
1609
1911
2168
2195
1930
1211
857
296
-618
-1300
-2089
-2555
-2775
-2898
-2991
-2915
-2347
-1418
-823
-686
-133
314
329
275
566
652
623
735
710
837
1374
1869
1836
2105
2783
3060
2475
2073
2329
2040
912
173
-173
-534
-1151
-1399
-1042
-824
-857
-914
-446
230
452
442
246
655
838
300
97
324
361
43
151
117
365
539
927
1134
1426
1127
785
545
159
-237
-1156
-1764
-1877
-2212
-2431
-2136
-2036
-1885
-1708
-1428
-991
-1017
-988
-909
-1028
-911
-1228
-1371
-1353
-1062
-616
-224
317
932
1415
1851
2119
2555
2661
2612
2707
2629
2608
2249
2263
2133
1791
1658
1588
1547
1185
974
950
621
204
-156
-526
-975
-1429
-1630
-1709
-1724
-1715
-1919
-1598
-1104
-670
-611
-615
-313
-130
-295
-307
-473
-519
-262
-209
65
293
620
1039
1139
1221
1462
1298
633
18
-591
-1479
-2409
-3141
-3748
-3854
-4108
-4102
-3615
-3026
-2330
-1713
-1201
-693
-323
-184
-36
119
94
-339
-385
-528
-603
-756
-865
-994
-828
-790
-775
-652
-557
-596
-667
-868
-1050
-1311
-1597
-1776
-2141
-2323
-2382
-2272
-2183
-1778
-1508
-1073
-516
63
427
790
1276
1460
1275
1223
1487
1705
1422
1164
1504
1686
1422
1298
1404
1606
1492
1214
1028
917
679
249
-121
-557
-679
-974
-1278
-1363
-1170
-1244
-950
-758
-749
-546
-347
-145
-280
-422
-641
-785
-1035
-1389
-1677
-2229
-2380
-2385
-2279
-2127
-1929
-1752
-1466
-998
-842
-899
-764
-649
-638
-486
-441
-659
-599
-425
-431
-729
-1175
-1155
-980
-1022
-1077
-885
-579
-266
-102
247
707
1131
1727
1982
2148
2301
2249
2359
2101
1588
1135
1080
688
8
-497
-676
-826
-1044
-1041
-804
-513
-510
-420
-337
-120
-268
-583
-684
-707
-730
-675
-721
-234
691
1138
1384
2192
3067
3590
3860
3916
4244
3826
3065
2468
2117
1500
644
-158
-378
-211
-621
-1024
-940
-482
-174
-281
8
379
467
47
118
236
23
-31
176
480
770
776
716
922
1291
1411
1113
1067
1290
1018
589
383
43
-190
-369
-819
-1144
-1269
-1574
-1821
-2165
-2332
-2432
-2342
-2486
-2146
-1860
-1384
-1112
-1160
-710
-646
-862
-800
-641
-686
-644
-378
-2
258
459
804
1156
1436
1431
1458
1613
1651
1750
1482
1379
1266
974
578
346
-132
-491
-532
-905
-1205
-1403
-1697
-1773
-1771
-1935
-1747
-1606
-1200
-798
-303
28
308
737
916
1413
1771
1850
1957
2077
2663
3051
2984
3250
3645
3799
3573
3423
3523
3302
2873
2359
1870
1333
740
145
-237
-349
-422
-485
-382
-92
-51
190
540
629
769
973
1215
1186
1209
1509
1586
1828
2023
1984
1940
2020
2177
2332
1958
1406
1372
1248
956
474
-215
-655
-830
-1134
-1426
-1780
-1860
-2184
-2504
-2620
-2830
-2834
-2880
-2747
-2632
-2371
-2351
-2224
-1794
-1501
-1058
-909
-865
-358
50
310
446
361
363
215
36
-187
-583
-622
-768
-956
-1040
-1104
-1235
-1133
-813
-799
-1148
-1265
-1501
-1691
-1667
-1999
-2514
-2620
-2502
-2405
-2311
-2151
-1650
-1235
-861
-437
69
380
822
1169
1445
1883
1787
1706
1711
1751
1520
1328
1193
1006
784
543
444
90
-57
-104
-199
-409
-468
-498
-461
-163
-94
-92
-20
209
207
292
222
427
583
764
1076
1144
1268
1418
1442
1529
1703
1495
1400
1544
1345
1105
516
226
146
-195
-849
-1185
-1175
-1423
-1664
-1996
-1896
-2119
-2411
-2549
-2578
-2526
-2710
-2791
-2678
-2311
-2066
-2047
-1993
-1680
-1414
-1363
-1257
-1056
-950
-1138
-1209
-1127
-1109
-1260
-1406
-1245
-1072
-995
-855
-712
-381
-109
-133
-231
-185
-122
-391
-554
-474
-295
-240
-163
36
333
567
431
772
1222
1458
1411
1688
1918
1841
1730
1614
1726
1817
2008
1688
1659
2140
2253
2185
2198
2303
2477
2128
1979
2233
2341
2145
1977
2082
2300
2002
1672
1952
2116
2371
2404
2428
2536
2719
2706
2479
2118
1970
1778
1531
1503
1373
993
557
600
762
761
624
397
519
326
127
130
-184
-631
-831
-767
-878
-956
-1118
-1214
-970
-820
-968
-1096
-1004
-858
-778
-1027
-1137
-1035
-1114
-1496
-1682
-1768
-1940
-2210
-2169
-1859
-1731
-1625
-1587
-1382
-1304
-1181
-969
-838
-683
-568
-395
-300
-175
-75
112
193
397
459
354
325
493
632
732
773
816
1069
1113
1295
1209
1162
1072
1015
1078
1028
686
349
176
6
-196
-491
-660
-470
-282
-1
309
517
725
847
1054
1133
1145
1075
1082
1002
872
586
479
691
1123
1176
1241
1656
2038
2480
2654
2639
2511
2387
2231
2031
1717
1258
997
775
672
709
697
530
441
805
1129
1265
1227
1121
1107
1092
975
747
398
182
187
398
388
296
270
500
697
661
513
439
455
351
-51
-365
-688
-1216
-1606
-2105
-2350
-2583
-2841
-3066
-3213
-3178
-2987
-3056
-3060
-2812
-2412
-2179
-2083
-1703
-1515
-1134
-859
-738
-501
-431
-330
-405
-432
-320
-320
-417
-265
-233
-283
-220
-11
220
336
179
90
205
144
138
-189
-463
-475
-819
-757
-716
-587
-323
-133
111
382
562
758
1002
1297
1471
1505
1312
1217
1198
1033
660
186
167
62
102
314
501
691
940
666
592
647
333
3
-266
-472
-815
-948
-1086
-1091
-1261
-1381
-1241
-1086
-1012
-925
-688
-649
-588
-374
-676
-916
-948
-1169
-1179
-1122
-948
-889
-979
-853
-773
-793
-838
-927
-949
-979
-1122
-1445
-1889
-2302
-2240
-2489
-2565
-2452
-2412
-2064
-1888
-1520
-1310
-1163
-879
-606
-401
-208
28
50
272
503
600
748
853
1098
1427
1626
1887
1972
1620
1581
1783
1654
1303
1177
1048
1186
903
989
1105
1050
1189
1153
1424
1559
1578
1586
1657
1616
1729
1780
1770
1948
2038
1890
1569
1461
1299
1228
1209
1151
1142
1191
1238
1445
1604
1752
1644
1729
1941
1950
1679
1641
2071
1704
1237
1052
998
791
450
45
-79
-123
-360
-465
-180
-17
-44
41
120
393
526
232
-75
-237
-271
-428
-667
-567
-575
-749
-942
-949
-921
-994
-1424
-1582
-1471
-1418
-1492
-1816
-1849
-2029
-2170
-2382
-2454
-2617
-2748
-2584
-2268
-2123
-1974
-1686
-1498
-1329
-1254
-1350
-1135
-1057
-1035
-998
-1227
-1307
-1227
-1289
-1185
-815
-627
-274
95
483
511
367
260
74
-132
-112
-350
-486
-532
-259
-265
-316
84
301
326
205
248
280
151
-66
-56
-170
-277
-518
-591
-502
-415
-488
-439
-282
-247
-223
-326
49
151
96
243
578
781
799
710
633
791
673
499
466
509
585
368
584
557
714
612
368
356
348
557
74
69
191
146
122
170
112
-293
-268
-362
-366
-398
-288
-218
-140
2
-207
-354
-360
-250
-281
-418
-331
-313
-210
-475
-623
-621
-753
-1115
-1151
-1042
-1235
-1223
-1323
-1073
-889
-954
-967
-487
-179
-89
-41
-99
-197
-244
-33
36
351
354
633
910
1287
1492
1477
1632
1613
1444
1172
1008
862
798
708
665
783
922
1042
1201
1155
1248
989
810
956
814
545
143
-28
-72
-214
-578
-815
-711
-402
-446
-248
-180
34
310
593
930
1210
1548
1452
1527
1523
1540
1381
1316
1099
1010
1012
671
489
403
535
549
296
507
669
370
171
106
130
-74
-136
-114
-81
-116
-87
-43
-8
212
263
233
257
336
323
206
133
-52
-267
-178
-351
-412
-511
-524
-331
-406
-413
-291
-244
-325
62
62
-98
23
49
87
5
10
107
249
250
370
396
521
675
718
871
949
1235
1496
1537
1531
1335
1257
1371
1274
1122
847
737
717
757
842
829
808
775
628
622
723
567
509
412
82
-332
-460
-731
-959
-1229
-1264
-1339
-1475
-1280
-1108
-871
-680
-431
-314
-109
249
603
580
700
866
914
934
817
699
576
293
236
244
430
412
558
511
598
543
190
119
78
-3
-199
-176
-281
-196
-305
-408
-450
-398
-381
-426
-426
-284
-432
-634
-465
-650
-651
-749
-734
-597
-638
-745
-968
-1110
-1075
-1173
-1373
-1265
-1316
-1391
-1135
-1046
-821
-941
-897
-785
-838
-890
-1001
-724
-785
-595
-561
-529
-610
-529
-481
-617
-616
-689
-686
-880
-960
-1102
-1022
-1215
-1274
-1133
-1139
-1144
-1265
-1217
-1424
-1260
-1232
-1264
-1323
-1376
-1570
-1590
-1187
-1191
-1205
-1187
-1223
-1098
-1157
-1326
-1124
-1163
-1042
-1104
-1073
-1034
-1138
-995
-935
-921
-889
-1070
-1110
-851
-595
-548
-394
-285
-390
-368
-459
-343
118
503
611
939
1097
1018
918
1056
1204
1062
866
755
786
727
636
387
330
409
595
645
621
714
744
623
387
221
29
-274
-357
-305
-502
-738
-903
-862
-837
-876
-897
-909
-682
-721
-716
-736
-827
-745
-587
-300
-194
-170
-107
130
486
728
721
907
812
901
764
677
725
586
607
595
633
560
517
611
601
384
297
445
821
1035
1255
1144
799
792
690
592
685
843
1076
1305
1647
1888
2021
2104
1853
1775
1631
1413
1168
1099
942
620
637
618
525
552
691
936
994
956
1124
1385
1670
1618
1423
1165
1200
1223
1007
707
589
665
637
582
704
801
923
859
804
854
714
560
439
200
-98
-287
-226
-501
-558
-380
-397
-269
-301
-412
-423
-168
-205
-508
-674
-589
-411
-392
-170
-293
-408
-300
-340
-348
-259
-270
-218
-96
15
303
384
539
623
900
1240
1349
1380
1469
1671
1434
1379
1279
1068
741
614
524
380
397
290
374
225
186
263
447
311
365
505
624
676
370
457
450
368
302
537
759
1015
973
879
899
872
649
353
20
-61
-159
-346
-667
-1117
-1456
-1692
-1829
-2220
-2110
-2053
-2034
-1863
-1733
-1621
-1428
-1225
-1236
-1178
-1362
-1469
-1481
-1405
-1361
-1301
-1092
-1099
-1089
-1101
-1128
-925
-804
-804
-787
-738
-1001
-978
-949
-889
-622
-720
-555
-349
-243
-194
-149
-288
-378
-324
-247
-332
-300
-341
-480
-411
-324
-97
-1
-179
-125
-68
-160
-219
-276
-384
-435
-408
-362
-453
-475
-399
-411
-326
-347
-320
-273
-219
-391
-629
-779
-1115
-1378
-1604
-1660
-1708
-1846
-2038
-2019
-1920
-2012
-1871
-1878
-1871
-1748
-1953
-2231
-2225
-2175
-2404
-2566
-2764
-2761
-2713
-2589
-2710
-2824
-2505
-2617
-2561
-2339
-2271
-2171
-2101
-2301
-2122
-2158
-2365
-2352
-2201
-2094
-1882
-1614
-1396
-970
-636
-499
-303
60
194
219
270
389
479
256
122
98
34
157
41
86
-135
-307
-209
-135
34
94
104
316
543
874
1012
1186
1231
1104
1216
1271
1057
1055
1129
1082
957
887
974
1033
1144
1128
1194
1192
970
922
913
747
539
586
435
290
461
338
475
436
571
510
657
771
738
977
973
1154
1325
1469
1722
1839
2096
2108
1853
1667
1670
1541
1451
1313
1391
1405
1352
1471
1592
