-49
1
-90
236
623
1115
1297
1447
2209
2225
2833
2956
2770
2828
3080
3384
2782
2528
1895
1737
1531
1398
1504
1289
1086
1092
993
923
1086
987
1045
752
362
522
267
87
-355
-764
-965
-1200
-1948
-1832
-1661
-1730
-1523
-1267
-806
-959
-633
-789
-625
-458
-166
-322
-498
24
-143
-285
-81
144
209
155
-221
76
-335
-60
-104
-129
-8
-186
7
-305
-70
130
209
-180
-109
55
372
157
611
358
24
383
325
373
475
536
412
-69
-76
-426
-582
-697
-603
-448
-252
180
-129
91
-293
-331
-238
-370
-459
-973
-810
-807
-909
-883
-1057
-1063
-1602
-1594
-1687
-1573
-1199
-1093
-1375
-1273
-1438
-1464
-1016
-937
-712
-535
-467
-237
-236
75
203
-117
13
-10
-103
-193
-352
-522
-495
-641
-429
-801
-738
-587
-66
341
243
157
189
438
352
288
586
725
553
772
771
771
291
181
-394
-810
-1125
-1452
-1625
-2140
-1949
-2102
-2060
-2339
-2158
-2011
-1669
-1564
-1071
-470
-144
-74
-144
-324
-458
-132
-364
-76
-36
691
1227
1374
1197
1511
1241
832
669
564
664
736
1055
1200
1131
1233
1565
1554
1786
1899
1909
1582
1612
1766
2009
1836
1465
1468
1204
722
528
374
378
173
82
-309
-391
-856
-1006
-1633
-2121
-2321
-2251
-1698
-2255
-1644
-1939
-1881
-2607
-2782
-2772
-2860
-2406
-2473
-2053
-2158
-2134
-2429
-2445
-2656
-2264
-2220
-2564
-2237
-1993
-1799
-1510
-1455
-1232
-951
-766
-388
-265
-62
51
301
489
727
1198
1108
1291
1165
1176
1190
1415
1199
1183
1199
1294
1553
1205
838
496
670
590
732
510
437
538
580
669
689
881
1074
889
1087
1210
1476
1997
1964
1516
1181
1458
1346
1236
1327
1531
1328
1349
1489
1533
1691
1691
1606
1478
1644
1207
831
554
629
434
233
409
444
587
419
26
-499
-176
-369
-519
-948
-858
-839
-1296
-1441
-1999
-2396
-2861
-3470
-3489
-3664
-3272
-3546
-3400
-3171
-3586
-3270
-3965
-3402
-2981
-2260
-2149
-2625
-2380
-1113
-541
-959
-934
-110
734
318
468
771
1258
1196
1992
2234
2094
3006
4116
4581
3904
4533
6120
5857
5209
5784
6620
6641
6699
6726
6968
7030
6653
6629
5993
5529
5605
5636
5373
5692
6009
6030
6012
6238
5997
5649
5243
4939
4777
4175
3630
2926
2471
2037
1823
1237
654
241
-265
16
-130
-114
-18
-2
-217
-481
-385
-499
-842
-1279
-1078
-1133
-786
-955
-1300
-1293
-1660
-1568
-1303
-1474
-1603
-1316
-1267
-990
-1341
-1088
-1187
-1498
-1567
-1697
-2004
-2118
-1458
-1268
-1302
-1529
-1346
-1574
-2130
-2619
-2764
-2867
-2987
-2844
-3061
-3437
-3291
-3337
-3987
-4123
-4161
-4427
-4557
-4968
-5160
-6151
-5630
-4560
-4570
-5158
-5035
-3545
-3312
-3384
-3532
-2978
-3266
-1636
-265
-645
-815
475
1635
1325
1270
1764
3225
3303
3101
3390
3832
4694
5186
5018
5407
6298
6261
6356
6484
6408
6347
6043
5668
5442
5463
5218
5343
5337
5366
5114
5036
5190
4724
4294
4057
4003
3504
3140
2828
2715
2989
3151
2827
2530
2313
1817
997
333
55
308
40
-832
-1304
-1873
-2214
-2561
-2800
-3351
-3645
-4185
-4450
-5398
-5735
-5858
-6660
-7434
-8196
-8400
-9129
-9435
-10638
-11027
-12119
-12436
-13472
-12773
-12176
-13083
-15973
-16352
-11798
-11597
-12928
-14903
-10725
-9515
-10184
-10205
-9208
-8957
-6937
-2453
-3168
-4466
-2237
2999
2109
-348
1921
6774
7955
4889
5218
7634
9949
9182
9060
10250
11614
12489
12323
13352
13117
13199
13101
13439
12451
11544
12675
11944
10941
10131
10549
9743
8092
8059
7401
5437
4586
4703
3712
2122
1261
1509
-118
-935
-745
-886
-2083
-2734
-1985
-2300
-1994
-2670
-1889
-2517
-1448
-1337
-1497
-2502
-2136
-1172
-1792
-1431
-2048
-1102
-1403
-1488
-1954
-1475
-1156
-1215
-1573
-2728
-2296
-2905
-3028
-4024
-4011
-4325
-4806
-5134
-5442
-5382
-6197
-6626
-7330
-7346
-8552
-10091
-10373
-10493
-12037
-13052
-12973
-13753
-13674
-12728
-12826
-15490
-15735
-12108
-10074
-11684
-12970
-9852
-7843
-7656
-7052
-6171
-5896
-4032
-500
187
-857
743
4694
5136
3270
4313
8292
9995
8947
9178
11019
12661
12556
12221
12959
13361
13224
13187
14283
13844
13475
14116
14265
13032
11665
12118
11869
10985
10348
10245
8944
8326
7796
8844
6565
5602
5024
5878
4548
3133
4167
2523
2414
1668
3037
1092
1502
1269
1679
-171
1072
2457
1699
1278
987
1750
1291
3130
2318
1717
1286
1745
1497
762
820
447
362
-1349
-2106
-2650
-3453
-5072
-5891
-6940
-8094
-8792
-8664
-10094
-12950
-12951
-13591
-15174
-16968
-16405
-14841
-13871
-16053
-20250
-19200
-13115
-10831
-17142
-18912
-13314
-9075
-11173
-12360
-10652
-9914
-5714
-235
-804
-4931
455
7731
5934
72
5271
14086
12670
8010
9795
14642
14589
12970
14775
16036
14826
13728
15231
15797
14477
13534
14404
14681
13051
11465
12552
12908
11564
10844
10677
9634
8102
8928
8432
5624
4547
6554
5295
2406
1324
4830
3543
1009
-184
1675
1949
1339
2101
-651
-1350
-212
3193
1144
-192
-327
1759
1525
1625
1814
580
829
240
622
-832
7
-143
-1714
-3251
-3902
-3577
-5405
-6259
-8132
-9507
-10819
-10607
-11482
-12748
-14565
-15791
-16516
-17714
-18160
-19366
-19805
-22101
-22555
-20267
-16457
-17238
-24225
-26517
-20212
-12897
-16028
-21908
-17863
-10725
-9027
-11282
-9638
-8729
-6839
-1008
2787
-1526
-2342
7163
12369
5863
2887
12827
19340
13577
9741
14927
19562
16545
15780
19317
20630
17248
17050
19669
19070
16297
15554
18124
16632
12695
12153
13528
12363
9300
9579
9748
7520
5669
8776
6592
2625
1811
5608
4100
417
594
739
434
-1522
612
-846
-2355
-2750
-124
-1935
-4056
-2347
89
-199
-2316
-2006
-1442
455
-516
-1264
-2424
-2114
-1099
-2189
-2913
-3143
-3095
-4453
-4898
-5333
-6550
-8681
-9120
-9841
-11229
-13285
-13360
-13747
-16484
-17103
-18174
-19590
-21984
-21857
-22232
-20217
-17073
-19060
-27661
-28497
-13413
-10563
-22117
-26347
-12636
-7221
-13950
-13561
-10500
-12494
-10543
2298
668
-9180
-3516
13828
9200
-4586
3519
18999
17188
6183
11627
20831
19085
14199
17799
22247
18842
16880
19487
22941
20521
17686
18797
20852
17774
14882
17158
19249
16320
14157
14516
12308
10704
14576
14628
8727
5789
9676
11110
6926
5951
7564
5931
3415
4458
4708
2560
3290
4208
1881
-84
1902
3621
1118
-1263
-1124
-489
-672
-268
-574
-2553
-3073
-2085
-2825
-3328
-4110
-4907
-6115
-5836
-6214
-7541
-8930
-9124
-9295
-11854
-13693
-14232
-13126
-15815
-19118
-20401
-17995
-18000
-20346
-16354
-14047
-19374
-29248
-19950
-7956
-14550
-24589
-21638
-7946
-11769
-13333
-10343
-8286
-12399
-3267
5569
-1108
-6511
4796
16504
5360
-108
11995
22828
15935
9664
17654
22098
20437
18050
23665
24695
20473
18916
22420
25313
21088
20140
23596
24523
19451
17866
21269
20259
16281
15894
17579
14990
12082
11680
11214
9745
8316
6595
4462
4063
5517
4774
1564
-380
-46
1871
3484
1299
-2613
-2223
576
-12
-2916
-3638
-3064
-4250
-6067
-5971
-5015
-5330
-6395
-6765
-7441
-7281
-6386
-6608
-9114
-11431
-10439
-9945
-10015
-12381
-12464
-13057
-14262
-15188
-14981
-14690
-18235
-20582
-17339
-17871
-20871
-14167
-16276
-22834
-31753
-16347
-6370
-17511
-26795
-18453
-7883
-14056
-12971
-9294
-13424
-19827
-2608
9260
-5450
-14656
2580
16113
-185
-4221
11706
17698
3045
6666
21756
13429
5088
14669
27765
13521
5569
17318
25441
17814
9887
17448
21457
17748
14953
17791
17644
15091
15594
17953
16125
13397
14897
16292
13047
9127
13151
15395
11643
7359
9613
11390
8170
5995
7741
7098
5844
4936
4366
2358
1040
2934
1982
-448
-1900
-1421
-1001
-2135
-2831
-4516
-5393
-5403
-6423
-7291
-8912
-9037
-11089
-11560
-11390
-11504
-14303
-16073
-16004
-15972
-15933
-18336
-17137
-21353
-25414
-21294
-23484
-20798
-17929
-19308
-24189
-31426
-15331
-12169
-20843
-29652
-17168
-8929
-11334
-15644
-13263
-13204
-11844
1313
-1393
-7403
-6294
10450
9057
-5162
-1163
11781
17805
4544
6083
12774
14986
12503
11033
17124
14004
12496
13253
18745
16873
12405
14319
19224
18238
11484
13062
18709
18416
10890
12731
15869
14746
11233
14276
13283
9106
8513
13147
11688
7469
9392
9496
8238
6551
11155
7561
6665
4938
7390
3984
3925
7016
5086
2557
282
2183
214
-328
-1249
-3571
-5290
-5624
-4873
-6984
-9353
-10321
-11310
-12748
-11708
-11432
-14440
-16504
-16958
-18787
-18220
-17831
-18877
-20188
-29048
-25051
-24436
-18196
-17954
-23314
-31378
-24090
-12540
-17515
-26645
-29736
-10302
-14634
-15638
-15837
-10097
-13727
-8168
2332
-3521
-9539
366
15443
4189
-4968
3946
15180
15138
4559
10624
12092
14339
13427
14841
16497
11959
12990
15102
20903
14207
10330
14711
21111
14560
8533
15321
19793
14898
7996
13725
14896
11350
11999
13557
10332
6609
10811
13430
9104
7961
8170
9374
6873
8713
9447
7125
6389
6980
7330
4806
6220
8333
7204
3538
2973
5053
6157
4092
1943
891
496
67
-1051
-2693
-3761
-5173
-6815
-7721
-8145
-9091
-11102
-12261
-14461
-16802
-15718
-15103
-18494
-21797
-25624
-24353
-26001
-22249
-20070
-21429
-27752
-29367
-16254
-17154
-25902
-30840
-16077
-12859
-17662
-18547
-9756
-15015
-14893
-3077
-829
-8684
-6083
12115
6294
-6717
2427
16775
13885
2760
10069
17015
13845
11085
15475
17996
13241
13965
16146
17243
15495
15029
15400
16026
14436
12625
14391
16184
14287
9389
11496
12760
10689
8451
8665
9491
6600
7234
8245
6566
5141
6155
7136
3320
2411
5965
7087
4157
2807
5370
4920
3577
4814
6399
3140
1711
3688
5571
2282
430
1948
779
-1637
-1987
255
-1532
-3949
-4948
-4927
-5634
-6380
-6809
-8611
-11315
-11654
-13185
-13424
-13082
-17248
-21090
-21057
-19455
-15979
-17347
-22979
-28559
-25723
-12482
-17894
-28458
-26814
-11935
-12342
-19495
-15670
-10948
-15552
-10842
300
-3384
-11312
-147
15642
2313
-7886
7914
20366
12989
1584
14292
19238
12718
12368
17711
18223
12674
14932
19202
17631
14096
15876
18022
18033
13996
13868
16549
16986
14291
9273
13016
13470
10514
8752
9598
8429
7242
7898
7964
3258
5811
8063
4669
633
3068
9116
5866
3855
2180
1934
3088
7155
6977
2296
485
4704
5540
3347
3337
3099
3058
1199
744
-441
46
173
-2548
-6193
-6141
-4056
-5053
-8773
-11532
-9941
-13986
-11468
-13213
-16349
-18496
-20198
-18701
-21884
-17815
-17296
-21272
-32537
-20635
-12365
-22272
-30816
-22925
-11881
-20258
-20856
-14289
-12111
-21059
-10646
-1464
-9563
-12783
2281
9960
-8208
-6556
10988
14609
2762
1317
15274
14388
9564
12010
17552
14940
12230
15866
17186
15086
14245
16498
16203
14833
12085
14143
15583
13622
10300
9529
13201
10646
8439
9925
11088
6272
4008
7959
11522
4704
1779
3957
6600
3188
2448
7562
3492
367
2672
8497
2420
-1207
3800
7252
-59
-2319
3132
3285
-1133
-1704
992
-2381
-2615
-760
-1629
-6041
-6328
-3695
-5202
-8499
-9523
-7692
-9355
-11423
-12895
-14763
-14108
-13575
-19010
-19161
-21390
-14730
-11734
-21708
-30679
-27143
-10309
-14834
-27211
-28423
-14517
-13910
-19285
-15905
-14311
-17678
-11317
126
-6864
-13244
-1950
11027
-10
-9108
6508
16092
9221
-946
11699
18295
9220
9575
17364
18525
10368
12826
19259
18119
12214
14676
19061
16747
11294
13290
18673
15805
12228
10540
14665
13754
10848
10838
12476
8339
5103
6859
11175
7803
2785
5376
6228
5214
1728
7340
7063
1402
1202
7074
5928
782
3382
6765
2346
-2564
3612
5715
1152
-1947
1534
1190
-2748
-1113
-775
-4025
-6385
-5469
-4476
-7602
-9620
-7245
-9587
-9684
-13338
-14093
-13839
-15621
-18913
-21286
-21272
-17590
-10114
-18888
-27263
-30405
-14844
-10671
-24793
-29252
-19054
-9666
-18190
-17462
-13310
-13730
-13066
-2740
241
-11004
-5431
10238
10596
-7589
1259
19539
16824
3903
7551
22038
15163
11987
17249
22390
15709
13872
21963
21797
16295
15300
21481
19912
14323
12774
18948
18470
13540
10643
13845
15267
11236
10100
12495
9987
6157
8110
11065
9415
3667
8111
7878
5654
2875
8478
8848
2704
2273
6331
6293
3057
6074
7346
4550
377
5159
5936
3632
1154
2751
3236
-406
402
1125
-329
-4667
-5229
-4379
-3835
-7097
-7243
-8962
-11849
-13548
-14638
-12656
-16462
-20784
-24702
-21178
-16545
-15063
-22806
-31291
-29915
-14245
-14784
-27593
-31148
-19008
-10679
-20251
-21427
-15430
-17410
-13450
-3065
-5427
-14936
-8424
12162
5480
-13399
-1459
19563
15733
264
4739
18893
15418
10558
15901
20199
15182
13657
20770
21357
14919
14585
21074
22299
15803
11453
19875
21817
16021
9807
13546
16933
12585
9669
11050
10358
5546
6285
8918
8885
1482
4341
4503
3860
-222
4328
6185
861
-779
2865
4708
430
1551
4629
3415
-2536
1637
4361
2459
-2976
-2558
1356
-1357
-4819
-5235
-3398
-7003
-10512
-9171
-6599
-10171
-13360
-13225
-13037
-15178
-17559
-18683
-18340
-19627
-23849
-23084
-24907
-16558
-17273
-26255
-32416
-22442
-12576
-21851
-30297
-25313
-12193
-19502
-21949
-16960
-16402
-19414
-9211
-2338
-10326
-12948
2438
10445
-6266
-7181
11441
18895
7961
2187
16066
18290
11764
13675
20173
18666
13197
17279
21722
18477
13431
17584
21252
17729
10839
15098
20625
17062
10293
10002
14961
13885
9970
11603
9213
5600
5100
10145
9577
283
2824
5185
5849
729
2824
5300
2308
1014
4883
3053
-644
1799
5984
4460
-3229
1424
4488
3507
-1827
-1752
2535
459
-1895
-3248
-3700
-4177
-5397
-5899
-6609
-8975
-6456
-9590
-11606
-11828
-12833
-14318
-16044
-16098
-18991
-23857
-19103
-9869
-18355
-30004
-29295
-11055
-12401
-26459
-27665
-16968
-12940
-19701
-16397
-14314
-19654
-14052
-768
-4384
-15187
-7244
10833
6351
-9375
453
15185
14763
4876
8158
16913
14420
13977
17445
19899
16009
15999
20378
20604
17198
16750
19838
21115
17990
14128
17730
19314
18449
13222
12130
14214
14965
14553
10340
10106
8123
9866
8364
8016
6964
5146
5127
5020
3370
2961
6160
3508
482
676
6125
2670
-319
3627
4564
83
-1836
3839
4263
-1168
-2566
-399
279
-1367
-3060
-3823
-5059
-5374
-7292
-5726
-6819
-9061
-11498
-10297
-11210
-14307
-14906
-13132
-15422
-19536
-22317
-15247
-11633
-19931
-29340
-26787
-10372
-15777
-27034
-25939
-14782
-15866
-17710
-12951
-15238
-21444
-10726
1829
-8545
-17354
-1684
14086
-78
-10099
5701
16770
10739
2976
12818
17876
12374
14235
19607
19113
13589
15920
21419
20454
16005
16609
20419
19944
15347
13191
18194
18618
15359
12681
14120
13058
11127
13453
14508
6551
3838
8455
13236
6107
149
5461
5818
4451
1682
4557
1558
-293
2917
5737
339
-1597
2176
4878
1856
-2348
1669
1728
2551
-867
-2873
-2207
21
507
-3644
-6336
-6006
-6135
-6863
-6681
-9846
-13387
-12573
-11844
-15766
-19692
-17121
-18319
-21886
-25487
-21241
-15361
-19055
-25175
-31582
-17239
-11928
-22753
-29648
-20855
-14468
-18617
-19022
-12807
-17910
-19363
-4036
-3261
-15741
-13662
6434
8459
-9252
-6084
11032
13729
3307
3689
14500
12270
7937
13941
18706
13033
10210
17576
21623
15112
11913
18432
21305
16876
12039
16108
18868
15835
13862
13671
14173
11420
11638
13308
11530
6065
6164
9710
10186
3654
3422
7011
5681
1802
2354
6486
4090
809
2765
4849
2116
2776
5424
4388
-234
1903
5953
4505
1771
1155
1605
125
-408
289
-1568
-4282
-5377
-4660
-4754
-7501
-8571
-10132
-10176
-12274
-14637
-15570
-15873
-18956
-21090
-22980
-19177
-14929
-21457
-29818
-29045
-15240
-18237
-26117
-26800
-18471
-17658
-20522
-14631
-14687
-21557
-14595
-1070
-6118
-15018
-6362
10283
3001
-9194
2984
14467
11276
3386
11318
17798
11315
11903
18986
20296
13976
14476
21987
22206
15525
15132
20411
22305
16325
14199
19030
18290
16188
14332
15195
14402
11789
13730
13583
9742
8141
9979
11797
6739
6146
6641
5982
4429
4575
5056
3892
4782
4850
1821
1239
5610
5023
2692
1683
4984
3974
2624
4384
3526
1701
735
2641
1290
-724
-1012
-2379
-5258
-4125
-3496
-7130
-8910
-9213
-9279
-14038
-14504
-14794
-15065
-19577
-21506
-18817
-14143
-16864
-23710
-30780
-18953
-12539
-24211
-25810
-20360
-13819
-20655
-19088
-10712
-16142
-21110
-6851
-986
-11762
-13345
4083
8708
-7492
-4968
11289
14110
4268
5549
17498
14283
10964
15013
19625
15806
12376
18028
21748
18863
14720
16781
20668
18577
13456
15748
17935
16319
13009
12345
13746
10889
12305
12082
11715
6568
6013
8490
9566
8127
3782
5481
6138
5591
3091
5616
3870
2825
1589
4353
2604
2087
5422
2544
-73
-116
5232
3004
294
1723
793
-1816
-1574
934
-1688
-6261
-5732
-5192
-7240
-7784
-9135
-9880
-12509
-14818
-14789
-15853
-16442
-20143
-24683
-24902
-12506
-12583
-23138
-32491
-22063
-9607
-19910
-26605
-22642
-12837
-18788
-18164
-13316
-16271
-21037
-8870
-101
-10973
-14917
-834
9134
-5166
-7644
5447
11192
4905
3337
11391
9155
7872
12446
17298
13195
8957
14202
19052
16339
11808
13074
17362
16559
11973
13417
14797
14411
12205
12011
12099
9957
10815
12643
10444
6879
7404
9753
8744
5524
6997
5260
4063
4073
6098
5395
2890
4313
3987
2197
2370
4610
4556
2666
1974
3495
2771
2901
2396
2186
1722
-114
74
113
287
-1336
-4056
-4307
-3289
-4911
-7018
-8865
-7698
-9583
-13084
-13317
-12339
-14024
-18466
-20986
-17205
-11348
-17171
-23977
-27518
-14844
-14139
-22398
-23726
-17302
-14207
-19060
-15388
-13027
-16599
-15904
-3582
-4009
-12486
-8504
4868
3062
-7780
-352
10073
9049
2445
7879
13058
8301
9404
15313
16877
11038
11128
16602
18374
14240
12615
15412
18004
14773
12273
14768
15588
14456
12233
13082
11428
9778
11884
13809
8597
4838
8945
12079
6668
2882
5993
8662
4485
3970
5992
4440
2951
6845
6521
-468
822
8501
9027
195
1350
5662
5336
1782
3824
4323
1651
2514
2775
1131
-881
268
-1395
-3804
-3998
-4216
-7117
-7872
-7544
-10660
-13721
-14495
-11576
-14978
-21613
-22035
-14217
-13072
-21417
-28550
-24234
-12669
-18601
-23612
-22935
-15787
-16827
-16718
-13543
-15510
-18581
-10194
-852
-7798
-12641
-2602
8530
-1926
-6703
4676
11887
7515
3550
11038
11409
7654
11101
17593
14371
8654
12774
19667
17281
11877
13228
17532
17237
12037
12700
15045
14556
12351
12255
11592
9529
10337
14290
11625
4661
4962
9343
10024
4825
4747
4875
4076
4233
5085
2735
2640
4677
4460
911
1871
5955
5530
3037
1483
2005
3321
5502
3962
688
404
2547
1274
273
476
-994
-3828
-4443
-2500
-4694
-6902
-8313
-8022
-10654
-12012
-12927
-12895
-14331
-16859
-20090
-19969
-20361
-17261
-16224
-21051
-29455
-25489
-14234
-16336
-25030
-27039
-18076
-16171
-16824
-15509
-17273
-19444
-10595
-3827
-9662
-13288
-2927
4805
-2599
-5598
3268
8994
6177
4252
9939
9792
8208
11453
15398
13486
9934
12562
16619
15445
12908
14237
16572
14945
11400
12855
14762
14538
11263
10295
10403
10506
11498
10589
8219
6756
7466
7975
6558
5051
5298
4989
4978
3214
2605
4466
5369
3304
540
2581
5482
4254
3329
3774
3195
753
2446
5052
2957
-140
260
2461
1821
-313
-870
-1548
-3415
-4120
-4740
-5320
-6336
-7695
-9763
-11876
-12249
-12560
-13918
-15612
-19091
-20448
-17922
-12932
-15840
-25279
-28736
-17065
-13071
-20028
-24887
-20605
-14990
-15928
-14322
-14166
-17461
-13808
-2808
-3008
-10390
-7112
5701
5182
-4501
144
10269
12189
6896
9321
13589
11815
12795
17205
18372
14200
13496
18036
20388
17144
15462
16923
19488
16000
13308
15855
17102
14566
12323
12668
10883
9745
12552
13210
6437
4580
7950
9434
4570
4767
5061
2861
1355
5120
6046
1985
1381
3041
3649
2042
3683
3605
2903
2609
3026
1318
2229
3789
2559
-816
-976
1800
1218
-380
-2288
-2296
-3351
-3495
-3935
-5174
-7486
-9049
-9668
-10707
-10914
-12630
-14290
-16048
-17118
-16888
-18099
-20368
-15360
-15667
-22499
-30118
-20801
-11042
-18181
-25912
-23050
-14680
-14845
-15607
-12945
-15175
-16002
-5361
-756
-6975
-8682
1685
7810
-1229
-616
9300
13087
7989
8175
14146
11977
10343
16282
20354
15376
11867
16039
19656
16286
14998
16217
17026
14849
13270
15905
15600
13175
10581
11599
12102
10172
9675
9987
7427
5581
6613
8192
4528
2575
5239
4602
1544
1407
4411
3770
1205
2704
2900
646
1222
4717
5375
28
-1131
2633
4606
2032
-639
708
1401
152
-749
-1426
-1508
-3301
-4694
-5456
-5674
-6593
-8709
-9452
-10756
-12090
-13492
-13968
-16394
-17580
-18481
-20188
-20661
-15978
-15830
-23977
-29858
-20654
-13281
-20098
-25230
-20675
-15709
-17636
-15379
-12941
-16326
-16623
-5604
-993
-8632
-9617
2503
6113
-2972
-1899
9234
12830
6844
7628
13705
12905
10511
14097
18512
15883
12441
15636
19170
17579
15176
15958
17622
15971
14030
15250
14769
13447
11899
13000
10748
8566
9130
10210
7551
3001
6130
7325
4217
2386
5219
2993
-1425
1480
7124
2017
-2190
3274
4912
265
-1026
6032
4865
-509
382
3178
2562
584
1502
1886
-228
-531
-771
-871
-525
-2627
-4800
-4467
-3383
-5465
-8838
-9095
-8437
-10777
-12979
-13663
-14281
-16224
-17854
-19900
-21711
-17599
-14193
-18731
-28859
-27194
-15236
-16025
-22629
-24849
-18425
-15671
-15230
-13956
-15640
-17922
-10466
-1615
-4619
-9464
-2659
6188
1542
-1533
5274
11794
10081
9181
14181
13719
10094
13586
20834
19378
13427
14239
20004
20007
16667
15763
18025
18239
15582
15878
16706
16687
14714
13576
12981
12778
12543
11931
10389
8297
8245
9553
8880
5952
4858
6515
6795
4690
3472
4846
6328
5107
3850
3092
4457
5413
6811
4556
2699
2970
5440
5145
2434
1930
2942
2729
930
964
445
-1835
-3792
-2543
-3312
-5244
-7889
-7719
-8026
-9836
-12052
-13660
-13690
-14262
-16763
-19631
-21245
-17408
-14348
-19923
-27564
-26649
-14264
-16648
-24073
-23990
-16783
-15508
-16861
-12858
-13522
-18710
-11700
-751
-5060
-10931
-2546
8241
1440
-3636
6424
13600
10777
7413
13207
15036
12136
15105
19717
19286
14598
15320
20561
20975
16967
15716
18943
19820
14899
13929
17256
17196
13943
11519
14415
12225
10061
10235
10566
7901
4681
7950
7847
4405
2774
5514
4448
1543
2602
4833
1624
-111
2936
2854
653
-178
3626
3352
1460
83
-223
851
1352
945
-1295
-1692
-1123
-1856
-3137
-3819
-5225
-6393
-6675
-6847
-9668
-10720
-9981
-11370
-14265
-15992
-15572
-16712
-19179
-21028
-22424
-17027
-16316
-22845
-30635
-23901
-14248
-20426
-26279
-23549
-16720
-19196
-16627
-13426
-17596
-19535
-6885
-1674
-9802
-11087
1804
6378
-4295
-2158
8205
10834
6983
8427
14406
11239
10591
16211
19505
16241
12541
16079
20331
18884
15395
15939
18894
18111
14064
15176
16584
15552
13621
12872
11633
9684
12477
12751
7390
4975
8413
9677
5197
3511
5883
3534
2099
3620
4693
1577
1732
3547
1745
764
3840
4056
1929
2379
4017
1588
972
3957
2520
-1085
-391
2270
58
-2180
-2073
-2904
-5340
-5623
-4833
-6695
-9476
-10409
-10653
-11763
-13783
-16277
-16967
-17203
-18802
-22250
-17285
-15073
-21648
-30136
-24506
-12975
-20764
-27090
-23701
-16343
-20396
-19936
-13866
-17341
-21973
-11255
-2839
-11517
-14209
-485
5789
-6757
-5391
7647
9782
4353
6302
15130
10664
7726
14802
19661
15407
10850
16984
21886
18127
14499
16416
19557
17653
14433
16414
16714
14830
14301
15335
14648
10678
11333
13322
10770
8144
7086
9999
8461
5619
5261
5480
5265
3885
4767
3997
2395
3022
5890
2620
1063
2708
5682
3145
2065
3583
1791
1136
2799
3732
-371
-342
1367
854
-2147
-2381
-3108
-4000
-4715
-5505
-7596
-9195
-9237
-10173
-12401
-14821
-14827
-15754
-17191
-19832
-13408
-13816
-20708
-28771
-19345
-9602
-21256
-26474
-21062
-11988
-18855
-18517
-11414
-15036
-19737
-7689
-139
-10098
-12628
2347
8561
-5378
-3829
9061
11345
4368
6361
16112
12201
9388
15285
20399
16016
11208
16534
22138
19197
15018
15716
19727
18929
15661
17798
17477
15940
13793
15309
14587
11934
12602
12365
9043
7477
10007
8326
5849
6184
7599
3028
2144
6426
5261
1752
1040
5255
2633
-92
3065
4574
2678
1207
3176
3314
2892
2609
2648
1126
1338
1032
444
14
-513
-2362
-4711
-3319
-3864
-5918
-7758
-7430
-9504
-11853
-11830
-12618
-14736
-17051
-18155
-19675
-18161
-13098
-17774
-26029
-29213
-16065
-14549
-24280
-25777
-19819
-16349
-20812
-16606
-14390
-19783
-18678
-6224
-6332
-14595
-10126
3416
1045
-9649
-2443
7873
7905
1699
6806
12322
7895
8287
14087
17016
10795
9321
16048
19625
14839
11487
14020
17792
15293
13265
15083
14996
14100
12502
13568
11672
10741
11838
11408
8360
6605
8340
8366
5979
6595
6171
2361
2047
6151
7164
1528
-20
5138
3519
-124
2456
5920
3345
-419
2536
3858
1757
1645
2700
946
-928
210
1555
-45
-1521
-3597
-4689
-3659
-4085
-6690
-8281
-8205
-9544
-12435
-13323
-13060
-14297
-16249
-19251
-20454
-12725
-12753
-21868
-31144
-19751
-9810
-20856
-26637
-21938
-13540
-19383
-18028
-13935
-17628
-19842
-7794
-3811
-12685
-12367
649
3337
-8668
-3860
6670
7658
1849
4139
11704
7473
7703
12583
15765
11151
7921
14006
18426
15718
12576
13814
17055
15245
12913
15489
14965
13599
12313
13824
13006
9990
12119
13069
10521
7142
8468
10366
8613
6447
7231
4425
3232
4283
7149
4831
506
2990
4235
3658
1847
4596
3730
1358
2476
4541
2757
1658
2765
2942
-438
-1170
1440
370
-1562
-3780
-3439
-3866
-4456
-5469
-7222
-7835
-9405
-11163
-12363
-13607
-14107
-15896
-18118
-20716
-13020
-13795
-20717
-31586
-19742
-9585
-20965
-27763
-22287
-11311
-19144
-19546
-14631
-17693
-21022
-8847
-3374
-12754
-14741
-172
4403
-9675
-6020
5567
8860
1743
2808
11256
7519
8005
12647
16002
11534
8561
14889
19475
16338
13268
14430
18163
16211
13745
16703
16646
14919
13075
15350
15160
12216
13131
14242
11547
10298
9337
11552
9171
8709
8342
7427
6731
5415
7217
6227
4145
3757
5228
3601
2751
4783
6755
1838
1717
4386
3560
1072
2414
5036
320
-854
2269
2205
-1523
-2207
-1573
-3299
-4856
-4116
-5752
-8212
-7798
-9507
-11812
-13846
-11721
-13968
-16711
-19351
-15697
-10714
-16699
-23738
-27748
-12614
-13726
-22346
-25609
-16855
-13301
-18426
-14373
-13453
-18690
-16673
-2182
-4673
-14391
-9667
6223
1359
-10461
-1462
9144
8024
-710
6874
11868
7321
8414
14623
16415
9332
9428
16634
19093
14178
12324
15576
18625
14674
13919
16446
16269
14110
12861
15690
12812
10714
12696
14531
10376
7508
9465
11151
7293
7762
8675
4473
4203
6493
10452
3280
2169
5322
4185
2296
4472
6717
1324
-781
4130
5139
366
943
2580
1295
-2147
-554
384
-1643
-2717
-4807
-5516
-5478
-5731
-7110
-8994
-8790
-10336
-12729
-13074
-13120
-14450
-17282
-18882
-19018
-12259
-15319
-22234
-30599
-18186
-10249
-22398
-27738
-22113
-12284
-19966
-18623
-13862
-17221
-20239
-8108
-2948
-13339
-14238
750
4639
-9578
-5367
6628
9795
1813
3164
11750
7673
8010
12168
16305
11395
8331
14452
18755
15953
12467
13875
18738
16530
12890
15325
16745
15319
12354
14503
14920
10823
12912
13972
10833
7323
10450
15000
7704
7179
8186
8871
4786
6919
8159
2882
2587
7196
5005
-106
3385
6675
3656
-1727
4106
3632
2087
1227
1427
284
-735
1854
-654
-2269
-1184
-2077
-4684
-3502
-2933
-5731
-9649
-6848
-6880
-10799
-12834
-12339
-12789
-16704
-17493
-18673
-17876
-13547
-17126
-24922
-28414
-13996
-12046
-23744
-26149
-16183
-13020
-20377
-15977
-12161
-17783
-18124
-4549
-5554
-14193
-9890
4294
-54
-11080
-1442
8597
6780
385
5755
10111
6488
8134
13030
13579
9058
9585
15043
17269
12927
11239
14445
16846
13098
10855
14769
15137
12804
11680
12983
11319
9877
13442
12632
7538
6208
9643
10650
6946
5950
5994
4705
5352
6175
4807
3074
3449
3342
1538
2445
4678
3800
2114
992
1977
2823
3459
1638
-537
54
1773
608
-657
430
-817
-3223
-4438
-1599
-2819
-5649
-7188
-6767
-7587
-9720
-10650
-10545
-12319
-14942
-17527
-16000
-16271
-12948
-16309
-21719
-26150
-19930
-11534
-20035
-24001
-22259
-14258
-16436
-16977
-14225
-15778
-16829
-7923
-5216
-11193
-9115
439
3416
-7618
-4205
6890
8257
4151
3604
9974
8690
8375
12475
14710
11896
10568
14805
18278
15027
13560
15988
18314
16828
12248
15375
17040
16153
13454
13656
15084
12288
13469
14444
12044
7737
9604
13131
9948
5744
7802
9504
6314
5072
7430
7792
3712
4467
4682
3155
3127
6181
5006
455
1976
4968
3854
1314
1984
1401
-24
-62
1426
-662
-2841
-3512
-3937
-4120
-4743
-5515
-7796
-8392
-9254
-10459
-12328
-12245
-13940
-16424
-18715
-18365
-18129
-15022
-15709
-20273
-25854
-23334
-11681
-17009
-23857
-23253
-14476
-14326
-17900
-15362
-13998
-16799
-12225
-5464
-8868
-10819
-2665
3947
-5186
-7382
3404
9875
5250
906
8142
10486
8545
9896
14132
14438
11204
12500
17075
16530
13392
14281
17952
17151
11960
13803
17879
17544
13283
11700
14101
13598
14360
13556
10575
8469
9668
13212
10406
6555
6835
9354
8952
5015
5231
7240
6648
4148
3399
3360
4264
4141
4927
2390
1864
2996
3601
3485
691
242
-351
1020
712
-1568
-2926
-2898
-2725
-3739
-4903
-5459
-6484
-7522
-8410
-9676
-10886
-11700
-12254
-14158
-17323
-17175
-16199
-17142
-14098
-16160
-22075
-26067
-16539
-10973
-19965
-25881
-19867
-11689
-15304
-16699
-13826
-15577
-15011
-7484
-5119
-10049
-7785
1902
1175
-6439
-966
8896
8254
2148
6004
12401
8996
8777
14013
15732
11536
10311
15485
17376
13532
13216
15782
16819
12803
11680
16990
17747
13668
10439
13828
15001
12508
11788
12708
10161
8355
10250
12561
7569
4924
8230
9866
4980
2550
7479
8092
2732
1316
4115
3422
1968
3517
4633
58
-221
3457
4037
139
-1462
-160
-63
-935
-2036
-3211
-3587
-3944
-5532
-6115
-6642
-6457
-9426
-9948
-10546
-11247
-12790
-13747
-14652
-17170
-16690
-17782
-18341
-20217
-16034
-15929
-22096
-27241
-18536
-12822
-20158
-25493
-20815
-12024
-16816
-16609
-12786
-15150
-15652
-7671
-2660
-8464
-8979
1106
3852
-4866
-982
7801
9166
4042
6551
13309
10974
10156
13316
16863
14527
12113
14157
17546
17240
14806
14327
15955
15677
14847
15998
15846
14670
13191
13651
13598
11617
13533
12193
9510
8968
10854
10960
7496
8265
8033
5729
5622
7918
7768
3963
4307
6957
4950
2073
3839
6818
4705
291
1668
3847
2718
526
241
1058
-721
-1256
-1127
-1120
-2167
-4638
-5546
-5251
-5264
-6778
-8659
-8915
-9917
-11275
-12126
-13274
-13940
-15450
-17741
-18384
-19200
-14695
-14609
-19527
-24762
-24215
-13240
-15049
-21554
-23222
-16119
-12645
-16092
-14047
-12004
-15835
-12080
-3246
-3962
-9110
-4837
6147
1567
-3923
4490
12485
9891
5197
11635
15076
10740
11541
17485
18716
13617
11968
18339
21030
17730
14552
16627
19504
15941
15244
17811
17625
14038
12007
15972
14733
10879
11146
11970
9801
7473
9700
9747
6284
5506
7501
4893
3808
4419
6330
3222
2213
4429
3265
2565
2738
4688
2978
761
966
2379
1832
921
-915
-749
-997
-1624
-2234
-3662
-3990
-6265
-6736
-6577
-6627
-8754
-9884
-9450
-9891
-12809
-12652
-11643
-13650
-16582
-19993
-16654
-16586
-15040
-16898
-21782
-26355
-18383
-12610
-18446
-25281
-22148
-13089
-15345
-17014
-15556
-15273
-14863
-7460
-5113
-10600
-8868
1891
4111
-4830
-2109
7949
11421
6819
6532
11145
11675
12285
15451
17849
15241
12837
16092
20294
17683
13800
15164
19217
16959
12125
14347
17291
15272
10698
12580
13665
11428
9804
12008
10879
6336
7274
9488
8111
5211
6688
5840
2623
2954
7766
5128
284
2104
4854
2990
-231
3374
4344
534
-649
1455
1566
-1123
-850
381
-1632
-2496
-2188
-2185
-2974
-5057
-6057
-6594
-5947
-6090
-8975
-9319
-8559
-10435
-13573
-13706
-12966
-14875
-18447
-18686
-17801
-13774
-15817
-20970
-26681
-19526
-12176
-19047
-26163
-22992
-13080
-14594
-18103
-16496
-15089
-15656
-8677
-5251
-9762
-9904
734
4652
-5069
-3811
7110
11886
5392
3972
10635
11977
10563
13332
16260
14272
11971
14576
20197
18018
13254
14293
19183
17171
11882
14763
19455
17145
11086
13226
15275
13144
10712
13109
11053
6990
7730
10606
8437
5703
5864
5950
4417
4118
7051
4188
3548
2628
3991
2796
2737
2882
2679
1702
572
77
1698
1936
-1427
-1735
-673
221
-2803
-2770
-2168
-4358
-6327
-6064
-5397
-6862
-8781
-9447
-9908
-10603
-11764
-13879
-13615
-15228
-15995
-19791
-15672
-10440
-16663
-24218
-27570
-13510
-11152
-21518
-27524
-19624
-13008
-14699
-16269
-16907
-18124
-14830
-4693
-5994
-11502
-9010
3495
2459
-7122
-1212
9691
12324
4349
6024
12260
12465
11264
14665
18426
14668
10880
16545
21562
17396
13216
15245
20507
16873
12511
15921
19333
17079
12100
13400
15040
15192
14055
12281
10422
9246
10243
11614
9439
6210
5870
6122
7858
4872
4519
4195
4391
2604
947
3190
3049
1974
1675
2282
847
357
1907
2750
-1064
-2125
-696
550
-918
-2936
-3792
-4985
-4993
-5269
-6979
-8378
-8771
-10447
-10749
-11068
-12577
-16205
-15896
-15086
-19034
-22003
-14055
-12638
-20997
-30953
-21290
-9476
-17243
-26056
-24627
-14267
-14549
-15782
-17285
-18063
-17984
-9837
-3776
-9292
-11735
-2967
4206
-2397
-5480
1571
10939
8301
4899
8128
10047
10714
11656
16419
15259
11348
13091
19121
19571
14323
13041
17679
18295
14106
13779
15876
16705
13056
13017
12526
11974
12195
11763
9951
6656
9023
9324
7661
4725
4361
5306
5499
3480
1345
2561
5486
3359
-36
1075
3270
3175
1331
1797
688
-437
1081
964
-807
-1541
-1865
-1715
-2017
-1187
-3090
-6209
-5022
-4548
-5813
-8659
-9056
-8011
-10052
-11314
-13396
-14284
-13834
-15686
-16140
-20129
-17532
-12608
-16069
-24915
-27076
-14020
-12506
-21891
-28485
-18816
-13525
-15759
-16981
-16267
-17549
-13833
-4709
-6500
-12167
-7866
4293
1589
-5871
-746
8776
10131
4362
7683
11434
10949
11429
15443
17101
13005
11037
17436
21129
15935
11500
15844
21445
16047
11914
15531
18143
14584
11857
14520
13521
11082
12415
13499
10066
7030
9355
11476
7953
4267
4413
6557
6583
3921
3290
4148
3436
2611
2149
3216
3043
3101
2651
1136
1524
3082
2837
725
462
1023
376
-471
871
-310
-3062
-4357
-3192
-2257
-4664
-6962
-8067
-7502
-7331
-9131
-12587
-12961
-13792
-14839
-18277
-15720
-10518
-15428
-23967
-26317
-13101
-11354
-21994
-28019
-18335
-11562
-16068
-18221
-15112
-15684
-15288
-7139
-6618
-12077
-10128
2065
2055
-7225
-4077
6602
8813
2780
5282
9611
10377
9832
13026
15457
12409
10613
15653
21227
17311
11023
13095
20030
18422
12779
13531
17149
16099
12376
14037
14238
12992
13049
12187
10117
8989
11714
9038
6811
6939
6451
5441
5341
6141
3146
1694
5234
4202
258
1104
4844
4306
264
414
2212
2093
3049
803
-851
-390
488
536
-1735
-1103
-2778
-4762
-4223
-4124
-5299
-7386
-7916
-8485
-10576
-9567
-10982
-13496
-14982
-15877
-16893
-18992
-12981
-13438
-21581
-29041
-19055
-9531
-19961
-28747
-22617
-12339
-15817
-20173
-17023
-14170
-16253
-10493
-6835
-10387
-10018
-1876
2529
-5616
-4289
4963
8907
4513
3261
8802
10195
9455
11309
14271
12971
10702
12799
18468
17722
13114
12512
17506
18139
14159
15311
17154
16035
13114
15650
15035
12089
11813
15252
11768
7052
10261
12108
9133
5275
8371
5498
3306
3661
6976
1924
108
2505
1757
-1832
-735
4585
990
-1885
-2365
1170
687
986
-283
-1313
-1993
-646
-205
-559
-1425
-4329
-4612
-4323
-3233
-6054
-8103
-8284
-8963
-10569
-12319
-12544
-13233
-15258
-17926
-19121
-17148
-11916
-15256
-23294
-27680
-17722
-11469
-19884
-25907
-21452
-13074
-16164
-17592
-15637
-16044
-16196
-8709
-5527
-10469
-10092
-706
932
-6508
-3064
5500
7019
2768
5417
9687
7979
8543
13126
14839
11664
10684
14783
18575
16544
13145
14278
18407
17298
14839
16021
17561
14909
13702
14596
13740
11077
12678
14636
9064
6298
8997
13235
7791
4257
4653
7557
7009
6344
4827
2850
3282
6007
3981
-895
1259
4537
5251
79
-435
2079
3290
2233
1080
628
715
536
580
328
-1203
-3081
-4234
-2316
-2963
-5927
-7104
-5769
-6198
-10227
-12187
-10616
-10517
-13692
-16957
-17793
-15391
-11178
-14435
-22169
-26044
-16338
-11367
-20046
-25535
-19333
-12500
-15640
-17127
-15280
-14972
-14051
-7069
-6607
-10515
-7068
2036
1428
-5228
-568
7259
9058
5654
7319
10622
10541
12173
14838
15845
13657
13820
17099
19654
17267
15070
16436
19412
17905
15027
17145
18496
17042
13991
15060
15289
15588
15531
13653
9720
10596
13273
11145
8111
7654
8316
6162
6648
6309
3779
3786
5755
3320
488
2218
5074
1647
1373
3252
1237
-662
1838
3358
-359
-2253
-204
-373
-1300
-639
-2160
-4560
-5176
-2972
-4884
-6752
-6880
-7726
-9463
-11322
-11385
-12675
-13996
-15164
-18051
-19937
-18804
-18515
-16167
-18213
-22345
-27677
-23098
-15367
-18719
-25038
-24596
-16973
-16692
-17472
-15622
-16618
-17743
-11466
-6537
-8322
-9064
-2643
551
-3918
-1087
6031
7640
5249
6816
11844
10430
9485
13058
17046
15535
12813
14685
17991
17775
15756
15852
17038
16202
14300
16559
18032
14375
11159
12724
16178
13698
10849
10451
9880
9417
9412
9309
5830
4480
6358
6204
2663
1457
3446
4052
1835
372
585
553
1248
1778
1012
-1337
-1069
641
1202
-384
-1485
-1445
-1080
-656
-581
-1470
-2903
-3351
-5101
-5570
-5665
-5645
-8634
-10528
-10022
-11148
-12403
-13902
-13424
-16574
-19177
-19614
-18623
-19712
-18656
-17722
-20975
-26475
-24585
-16866
-18120
-22012
-23303
-18144
-16458
-15961
-14075
-15462
-16628
-10674
-4808
-5885
-7568
-2328
2343
-908
-341
5628
9365
7904
7577
11912
11599
10313
13606
17746
17313
14367
15492
18291
19423
18851
16938
17452
17817
17758
17939
17128
15680
14304
14908
17081
13108
10524
11266
12752
10638
6384
10368
9749
6357
3784
6342
6754
1421
3494
6298
2158
392
4186
3159
-2335
-677
8166
2671
-3769
625
4307
-93
-3320
2659
770
-4106
-1647
712
-2213
-5014
-4718
-4821
-7607
-6186
-7686
-9851
-8986
-10211
-12437
-14454
-11310
-13482
-18545
-19121
-16703
-18176
-18805
-15637
-16704
-23677
-27911
-16537
-13548
-19469
-24858
-18294
-14447
-16108
-13646
-13381
-15535
-13169
-3483
-2783
-8645
-5137
5284
3334
-1697
3311
11009
11700
7607
11308
13528
13706
14751
18788
20562
16114
14550
19319
23183
19527
15752
18540
22084
18345
15556
17390
19510
16145
13103
14665
14358
12756
11450
11225
9673
8702
9404
8831
6329
5763
6813
5548
4125
4295
5138
4389
4048
2584
1162
1400
4227
3277
-484
3
2421
1815
-679
1550
3213
-17
-2552
134
1352
-804
-3435
-3386
-4126
-5644
-5518
-4918
-5988
-8655
-10103
-9876
-10114
-11510
-13420
-14889
-16807
-17723
-17080
-18831
-17550
-16194
-18776
-26301
-26176
-14630
-13943
-21363
-25713
-18374
-14272
-14418
-14068
-15190
-16551
-9899
-3078
-5507
-7347
-2441
4111
1072
1415
7115
9902
8927
9869
13741
13089
13500
16026
18972
18367
15920
15551
18705
20091
18869
16874
16777
17638
16006
17087
16218
14141
12112
13998
14450
10479
9412
10904
9847
6546
6993
7839
5704
2870
5382
3702
1299
1068
3920
2148
-1733
926
885
-826
-2200
636
332
-2644
-3423
-1480
-1753
-2176
-2352
-3289
-4458
-4423
-2781
-4599
-4890
-5817
-6974
-7728
-7620
-6937
-8969
-10194
-10578
-11374
-11985
-12786
-14701
-16363
-17453
-18233
-19144
-20032
-17640
-17057
-20421
-25407
-23334
-16543
-16919
-22123
-24061
-16714
-14527
-16111
-14493
-13666
-14156
-10033
-3696
-4295
-7536
-1784
6306
2437
200
6635
12681
10158
8034
14219
16131
14353
15250
19271
19965
16209
15206
19653
22101
18603
15479
18052
19758
16367
14937
16494
17147
13892
13804
14442
12616
11163
11765
10650
8140
7184
8388
6997
5048
4935
3221
2764
2845
4004
2352
1406
2320
1452
672
2444
2582
965
-555
321
841
-97
431
417
-809
-1762
-1127
-584
-1549
-2578
-2860
-4482
-4548
-5423
-4827
-6398
-8010
-8689
-9057
-9550
-12729
-13121
-12704
-14946
-17454
-17651
-13634
-13922
-18552
-21957
-22010
-14798
-15337
-19293
-22268
-16928
-13136
-15032
-16656
-13529
-12586
-10581
-5613
-5034
-6097
-3648
3956
2611
-367
4654
11295
11479
8212
12227
14596
13952
14495
18329
18648
15805
15539
20104
20993
17093
15190
17839
20325
16344
14101
15873
17045
14245
10936
12865
13445
10898
9992
9702
8288
6360
7967
8309
4809
3642
5345
5252
2514
2363
4306
3391
2194
2703
2621
1099
2181
4230
2476
-751
584
2768
2076
988
260
-531
-995
743
-15
-3089
-3518
-2317
-2848
-5730
-5489
-5184
-6844
-8192
-8370
-8949
-11706
-12945
-12877
-14310
-16907
-17155
-16161
-13415
-15775
-20044
-24705
-18347
-12821
-17729
-24194
-21438
-13633
-13617
-16487
-15177
-13504
-13111
-7581
-5029
-6520
-4924
2721
4636
-825
2705
9889
11681
7821
9320
14672
15196
14122
16247
18330
16707
15556
17918
20766
18791
16451
17030
19066
17324
14201
15461
17361
15215
11724
12047
14022
11712
9308
9275
7950
6443
6154
7955
5328
2009
3797
5337
3366
-227
2825
4334
1100
-456
2414
2878
474
726
2200
60
-1387
2206
1935
-499
-2129
-127
-766
-2066
-1229
-2892
-4775
-5033
-4421
-6221
-7616
-7652
-9132
-10730
-9673
-10066
-13308
-15235
-14468
-15814
-19117
-19430
-17449
-14327
-18164
-23813
-27828
-19219
-14799
-20635
-27499
-23213
-15360
-15264
-17865
-18623
-17636
-16753
-8991
-6717
-10148
-8506
855
2808
-2946
-879
7645
10464
5565
7617
12654
12922
11717
14982
17628
14678
12688
16582
20302
17533
13775
14963
18248
16635
13397
15033
16228
13160
10444
12058
13308
10040
9248
9235
7650
5662
7489
7863
5927
3339
4448
3277
3921
3647
3231
3097
1270
2437
1052
3958
2190
770
467
2849
1549
886
1442
2696
-150
-1342
1008
789
590
-1806
-1075
-3550
-3755
-3531
-4156
-6328
-8360
-8566
-8446
-8135
-10366
-12991
-14040
-14191
-16773
-17563
-16811
-13529
-16475
-21247
-25256
-19309
-13309
-17633
-24332
-23007
-15545
-13749
-15332
-15289
-14959
-14583
-6471
-3407
-6433
-5745
2477
5274
-1150
1955
11717
13779
8399
9685
15618
16359
14664
17238
20475
18266
15689
18157
22488
20779
17020
17654
20420
18733
15418
17200
18889
15353
11072
12848
16199
12894
9630
9500
10019
7027
5391
6964
5561
2428
2789
4033
467
-1401
2676
5220
-1455
-3441
530
2337
451
55
854
-1719
-486
3349
2451
-703
109
1229
-940
-1025
2329
598
-2520
-2572
-2126
-3706
-3924
-2926
-5993
-8848
-8415
-7152
-9117
-10822
-12618
-14091
-16631
-15485
-16005
-15657
-15932
-19561
-24617
-24021
-13823
-14502
-23878
-25967
-17058
-12975
-15956
-16638
-15577
-16233
-11752
-4497
-6024
-9131
-4018
3121
-389
-3120
4867
11295
8783
5814
10203
13793
12966
13651
17101
17759
14217
13660
18694
20977
17120
14468
16159
17556
14999
14120
16334
15508
12051
10242
12642
11740
10280
9151
7678
4749
4757
5726
4950
1430
2851
2861
-1712
-2793
247
6164
-1701
-3981
-2520
1274
1724
1961
-495
-4618
-2589
4235
2743
-2580
-114
261
-1066
-2697
3077
854
-3205
-2422
-2378
-3904
-4793
-2930
-5305
-9369
-9093
-7792
-8994
-9779
-12665
-14994
-16629
-15382
-15721
-17075
-14513
-17924
-22111
-25051
-17315
-14645
-22377
-26869
-21759
-14581
-15564
-18326
-17209
-16563
-15238
-9125
-7629
-8405
-6527
-281
282
-4727
781
8848
9751
5854
7203
13279
13814
13182
15563
17687
16320
14274
17230
21316
19160
16064
16418
18934
17646
15009
17044
18055
15301
12305
13332
13580
11255
9665
10356
7013
4194
4321
6544
4208
925
1393
1279
-527
-256
1966
417
-2500
-2895
-232
-1524
-1895
-469
-276
-2267
-3194
-453
975
259
-1521
-2368
-1746
-483
-274
-1473
-3437
-3708
-4432
-4753
-4347
-4549
-6913
-8694
-8554
-7696
-9354
-11643
-12887
-13901
-14956
-16062
-16387
-17679
-14997
-16174
-20430
-25499
-19303
-12112
-18844
-24777
-22084
-13524
-15312
-17029
-14392
-14421
-16130
-9128
-3105
-5373
-6540
-50
4179
-395
3257
10452
11232
7772
10373
16611
15035
14023
17687
20554
18480
15356
17605
22163
22046
18698
17171
19854
19823
17131
18296
19711
16791
13192
15308
16720
13125
9953
11843
10736
7275
6599
7695
6089
3130
4081
2170
-536
1273
3541
1287
-3000
-654
1275
-862
-1037
1708
698
-2425
-1956
1709
1526
-836
-99
-491
-634
-778
476
-317
-2424
-3686
-4346
-3891
-2961
-4206
-6684
-8103
-7707
-7290
-9421
-11075
-12197
-14097
-16957
-17007
-16164
-15462
-14771
-17888
-21459
-24453
-15908
-13480
-19653
-24318
-19192
-13330
-15854
-15655
-13385
-14366
-14299
-6584
-3823
-6072
-4562
2653
2942
-689
5771
12026
10771
6374
11136
15999
14386
14324
17635
19549
16170
14443
17986
21537
19733
15985
16137
18922
17277
14584
16013
17085
13245
9559
11221
13067
10053
7502
6584
5981
4677
4055
3432
2088
941
232
-1434
-2060
-144
131
-2352
-4787
-2341
-1101
-1602
-2221
-814
-1519
-2815
-2077
-523
-900
-1387
-709
-2070
-2029
-1206
-531
-2403
-3484
-4477
-5625
-5655
-4371
-5997
-8743
-9831
-8707
-9338
-11831
-12746
-13831
-15425
-18549
-17704
-17431
-16279
-18801
-20843
-23170
-22332
-17729
-18004
-21260
-23307
-17864
-15002
-15084
-15570
-14975
-14815
-10795
-5195
-5753
-5810
-1893
3678
851
1384
8401
11765
9367
8700
14154
15944
14837
16900
20254
18829
16279
18042
22246
22222
19006
17926
19378
19614
17177
17751
18396
16953
13389
12539
13749
13239
11361
10127
8952
7145
6166
6798
6361
3773
1463
1224
2410
1248
1394
418
404
-1366
-375
799
671
676
925
404
-32
1006
1588
1188
-316
945
-7
-548
-291
374
-717
-3437
-3936
-4043
-3880
-4776
-7247
-8810
-8942
-9162
-10577
-13181
-13014
-14116
-17338
-18560
-17289
-16561
-17694
-18786
-20239
-24263
-22737
-16390
-17498
-22681
-24268
-16399
-13619
-15622
-16496
-15455
-13545
-8759
-4636
-5580
-5251
458
3486
1153
4283
10498
12370
9857
12071
16758
15538
15501
18816
21097
18657
16616
19155
22462
21356
19098
17889
19008
18529
17264
18020
17760
15125
11490
13098
13733
12310
9731
9421
7798
5753
6542
7271
5824
2132
2020
2123
2611
1468
1701
1834
-238
-1460
327
1964
615
313
1200
568
-902
994
3012
959
-1085
176
1036
-290
-462
329
-1532
-4179
-4132
-3177
-3266
-5082
-7367
-8311
-8368
-8630
-11198
-12653
-12692
-14309
-17739
-17478
-16705
-16583
-16897
-18189
-21316
-25388
-17957
-14885
-19545
-26179
-20069
-13058
-15352
-17290
-15112
-13833
-12614
-5791
-4246
-6055
-3790
4541
3369
-159
5949
12776
12416
8597
13272
16587
15300
16332
19717
19952
16996
17121
21509
22797
19519
16939
17969
19392
16824
15341
17264
16374
12987
10809
12961
12471
9935
10106
8393
6071
4616
6833
6220
3166
1790
725
72
1469
2615
538
-2006
-1440
-207
-1158
-311
77
-1017
-2213
-1504
159
-790
-782
-1392
-2782
-2985
-1774
-1309
-2783
-3193
-4718
-6660
-6041
-4401
-5385
-8313
-9919
-9928
-9514
-9857
-12186
-14655
-15199
-15943
-17699
-17948
-17406
-16758
-19280
-20487
-24090
-22711
-17184
-17231
-22952
-24534
-17080
-13965
-16132
-17313
-15166
-14721
-9864
-4700
-5811
-7143
-1792
2694
210
1268
8149
11210
7668
8886
14245
14587
13513
15684
18855
17051
14470
16345
19576
18718
15940
15104
16418
16406
14373
14317
14990
12551
10396
11052
12940
10662
8351
7637
7283
5474
4822
6255
5267
2537
1174
2123
2535
2277
2056
2146
15
706
2676
2394
959
1795
3202
1119
-51
2839
3542
1262
268
1314
1791
671
1439
134
-1788
-2621
-3000
-3243
-3671
-4279
-6969
-9055
-7818
-7866
-10744
-13141
-13597
-13922
-16994
-17197
-16663
-14862
-16622
-19121
-22937
-22375
-15161
-15990
-20437
-23986
-16781
-14176
-14621
-15690
-15176
-15185
-10838
-4467
-5580
-6933
-1984
4098
1421
1609
7734
12262
9565
7801
13491
15588
14992
15602
19378
19454
16242
16632
21342
22634
19009
16750
19237
20287
16867
16495
18598
17567
12326
11929
15429
15345
11712
10303
9846
8716
9433
9873
7585
3608
5106
6615
4657
3369
3968
4691
2951
1781
1547
2135
2989
2841
1200
583
976
1130
1101
490
-1072
-2979
-2045
-928
-1899
-3797
-4607
-5164
-5929
-6508
-6549
-7285
-8536
-10126
-11630
-11025
-11442
-13434
-15678
-15512
-15661
-17049
-17786
-16169
-15265
-18858
-21625
-23928
-15957
-15406
-18603
-23664
-19206
-12447
-13095
-14370
-14911
-13043
-10581
-4762
-4423
-6208
-3999
3992
3639
201
4961
12177
13559
7446
10668
15448
16064
14989
17065
19388
16181
14520
18418
21900
18734
14830
16166
19580
17268
13927
16157
17331
13711
9597
12183
14051
11607
8637
7225
6853
6682
8769
7574
3749
2197
4453
4487
3092
2955
2914
1932
1352
1666
1558
2056
2075
1305
463
1918
2054
1128
1134
1208
-783
-1237
730
928
-2236
-3534
-3196
-3589
-5068
-6029
-6172
-7968
-9319
-10448
-10250
-11231
-13693
-15910
-15446
-16552
-18151
-19236
-16233
-15577
-19889
-23746
-23092
-15184
-16854
-21732
-25408
-18650
-14055
-16051
-18009
-17018
-14679
-11592
-6364
-6368
-7574
-5299
1986
631
-2293
2782
10750
11090
5063
8578
13130
14350
12927
14822
16561
14492
14030
16712
19313
16986
13887
15344
17765
16072
13261
14327
15170
12325
9258
10648
12083
10501
8080
6183
5837
6631
7337
4982
2554
3110
2967
1877
1591
2716
1754
1018
1121
509
259
1882
2626
69
-513
1174
1722
36
245
547
-1234
-2291
-1011
-1071
-3412
-5217
-5479
-5871
-6415
-7205
-8577
-9633
-9897
-10813
-12187
-12832
-13485
-14728
-16683
-16583
-17065
-17198
-15241
-16900
-20327
-25112
-17681
-13125
-16881
-24110
-22242
-12669
-12877
-14953
-16718
-14363
-11788
-5738
-3797
-5679
-5207
1594
4786
588
2645
8753
12855
9913
9761
14064
15117
15665
15971
19614
19377
16758
17743
20614
21646
18825
17552
18571
17558
17064
19171
17507
13996
12867
15360
15043
11580
12724
12325
9493
8004
8600
9743
6944
6758
5496
4549
5131
4776
4241
3185
3053
2840
2763
4283
4757
3024
2415
2205
3004
3234
2749
1758
37
832
270
-593
-655
-1578
-3256
-6293
-5110
-4267
-6405
-8920
-10176
-9646
-11565
-12602
-13444
-14955
-16241
-16422
-18012
-14803
-14523
-16843
-23078
-22508
-13013
-14521
-20493
-24373
-16752
-13170
-14127
-15386
-15766
-14477
-9907
-5589
-6950
-8937
-4812
2251
-249
-1203
2089
7225
8053
6336
10751
12349
12648
12657
15416
17554
14674
14210
17747
20391
17687
13644
15266
18924
17382
14413
14225
15422
13962
12251
13405
12541
10870
9446
10204
9075
7592
7841
7795
6329
4975
4326
4073
4695
4463
2347
93
1865
3721
2835
199
657
1729
1374
396
407
266
-770
-1406
-2014
-2451
-2393
-2725
-5039
-6147
-6556
-6457
-8273
-8846
-9460
-11790
-13263
-13148
-12474
-14407
-17526
-18604
-17470
-18518
-17935
-17697
-18963
-22618
-23876
-17140
-15882
-19655
-24815
-20170
-14345
-13990
-15246
-16631
-14261
-10238
-7599
-7956
-8597
-6189
-411
-550
-1411
1588
4860
6822
5145
6708
8901
10656
11831
12555
13095
12189
12671
15791
16734
16075
15159
14297
14803
14726
16761
15809
13683
12514
13120
14510
12828
11577
11653
10920
10364
9327
10401
10182
8316
6669
6061
6595
6333
5322
4763
3188
2822
3443
3868
4056
1983
1341
1099
1827
2076
345
-350
-583
-1047
-2179
-3147
-2478
-3491
-5121
-6520
-6987
-6899
-7050
-8826
-11136
-12264
-12195
-12324
-15000
-16285
-17840
-17425
-18987
-16258
-17118
-20246
-23460
-20822
-15086
-18317
-21498
-21893
-14442
-13616
-14848
-15917
-15014
-13029
-9823
-6724
-7342
-7785
-4353
83
-901
-207
2636
5782
4988
4983
8009
8841
9896
11092
12638
12363
11715
13549
15436
15799
14929
14492
15799
16416
15292
14252
14971
15459
14527
13810
14643
14415
13190
12774
11745
11088
10750
11978
10531
7747
7674
8857
9351
7916
7297
5849
5863
7128
7712
4946
3827
4873
4353
3202
3729
4365
1966
1232
2025
1844
4
-683
-537
-1908
-3170
-3734
-3850
-4025
-4649
-7862
-9297
-8969
-8424
-11592
-14053
-13789
-15130
-16988
-15198
-13849
-17876
-22845
-20921
-14186
-16674
-20024
-21216
-17522
-15187
-13826
-14312
-16678
-15124
-9007
-5919
-8710
-9224
-4525
-740
-3198
-2678
1331
3954
4167
3099
6081
7234
7590
8302
10093
11179
9440
10294
13768
14850
13168
10846
13054
15075
15117
13847
13580
14601
13999
13220
13147
13930
13542
12768
11168
11155
10439
11505
11533
9998
8820
8274
10309
10069
9252
7065
6481
7401
7808
6781
5345
5205
5256
4605
3862
4399
3778
2721
867
-21
-493
-1450
-1869
-4050
-5685
-6817
-7076
-7083
-8859
-10379
-12715
-13045
-13454
-14810
-17475
-18281
-17816
-17579
-17608
-19681
-21180
-23077
-18932
-17524
-20843
-23317
-21286
-16740
-17338
-16658
-17474
-17935
-16006
-10437
-9588
-11994
-10930
-5662
-4783
-7177
-3932
-141
1908
613
1199
3411
5191
7134
6551
6765
7446
7478
8469
10933
11124
9534
8287
10464
11798
11020
11261
10736
10736
10245
11661
11838
11127
11126
9616
9149
10343
11752
11825
9065
8672
8872
9612
11882
10755
7996
6467
8869
10696
8020
6749
7153
7038
5551
4869
5783
4568
3041
2114
443
-96
-71
-208
-2110
-4807
-4927
-5091
-4591
-6436
-8962
-9894
-10429
-10397
-12321
-13534
-14043
-15375
-16974
-15206
-15440
-18278
-21764
-20144
-15409
-17977
-18717
-20183
-16933
-16645
-16113
-15060
-16036
-14832
-11432
-8491
-9071
-7886
-5727
-3171
-4117
-998
1433
1936
2760
3576
6285
4984
6079
8101
9570
9251
7594
8999
11125
11705
10714
9642
10766
11043
10448
10776
11046
10227
9347
10309
11605
11155
11325
11219
10838
10805
11741
13200
11115
10272
11010
11237
11301
10495
10906
10124
9845
10870
10910
10772
10301
9875
8919
8397
8932
8343
7234
6694
5609
4412
3786
3546
2695
781
377
-684
-1950
-2603
-3613
-5310
-7907
-8718
-8949
-10423
-12298
-13747
-14483
-14789
-13816
-16370
-19115
-20382
-16339
-16706
-19387
-20402
-18613
-16582
-17359
-14769
-15418
-15642
-13967
-9490
-9077
-9000
-7396
-5342
-4679
-3932
-429
-158
462
1291
3578
3632
3395
6392
7495
7548
6272
7490
9107
9538
8897
8463
9257
8661
8298
8759
9509
8466
7903
8032
8455
8171
9290
9870
8077
7685
9575
10719
9014
8195
9427
9241
8528
9914
10806
9592
8464
9787
10442
10371
10219
9933
9304
8797
8911
8574
8338
7557
6305
4902
4782
4144
2269
670
305
-1089
-2494
-2985
-3780
-5432
-8180
-8664
-9885
-11768
-13584
-13897
-14756
-16116
-15440
-15742
-17255
-19834
-18201
-16899
-18846
-20141
-19000
-16309
-17698
-16916
-16835
-15757
-14774
-11707
-10348
-10804
-8960
-6410
-5803
-6112
-2356
-162
-311
-83
2462
4054
2874
4359
6145
6617
5044
5160
7149
7550
7083
6148
6199
6326
6107
5854
5796
5286
4305
4495
5998
6255
5594
5123
5454
5718
6780
6820
6073
5731
6670
7797
7285
7482
7577
8094
8308
9414
9219
8660
8814
9090
8590
7566
7921
7768
6829
5758
5251
4846
4432
3911
2751
1236
372
-382
-1288
-2943
-3904
-5859
-6654
-8093
-9430
-10472
-11735
-12461
-14790
-15464
-14896
-14482
-16981
-19547
-19493
-16633
-17841
-19759
-20333
-18682
-17451
-17953
-16428
-16240
-15950
-12997
-10231
-10527
-10692
-7446
-4124
-4956
-4219
-1083
110
195
924
3902
3523
2894
5072
6809
6257
5093
6018
7553
7698
7093
6589
6974
8165
7432
6939
6763
7787
8255
7103
8009
7879
7537
7172
7920
9175
8714
8408
8783
9410
9432
10030
10132
10260
10189
11407
12229
12298
12261
12146
12407
11878
12211
11884
10990
10404
10305
9761
8946
8508
8180
6622
5959
5257
4451
3203
1696
404
-1421
-2906
-4259
-6204
-7542
-7883
-9449
-10817
-12109
-11942
-11708
-14393
-15646
-16286
-14326
-14616
-16580
-16610
-16242
-14440
-14224
-13493
-13440
-13380
-11956
-8767
-8193
-8713
-7833
-5189
-1995
-2159
-517
672
2955
3166
4940
6556
5275
5970
8270
10094
7508
7253
10581
11594
8188
8327
11120
10396
7375
7972
10342
7643
6558
7405
7897
5660
6049
7536
6234
5302
6600
6983
5675
6534
8134
8023
7038
8629
8552
8403
9307
10138
9166
8528
9785
10065
9786
9770
9547
8459
8390
8680
7528
5698
5641
5066
3295
2302
1894
860
-645
-1516
-3194
-4831
-5931
-6811
-8870
-10273
-10990
-11878
-13914
-14436
-15039
-15240
-15782
-17311
-18421
-18557
-16604
-17850
-18905
-18488
-17666
-17218
-16280
-14931
-15681
-15561
-12365
-9229
-10259
-9730
-6339
-4815
-5227
-3880
-1266
-917
-360
1620
3244
2168
2152
4402
5301
4042
3349
4215
5408
5250
4749
4559
4528
4922
4621
4113
3873
3839
3212
3659
3750
3131
2429
2885
4278
3305
2567
3077
4345
3904
3582
4166
4441
4212
4532
5998
6114
5811
6333
7309
7327
7586
7410
7229
7756
8004
7159
6277
6881
7209
5863
4517
4330
3878
2412
1523
489
-811
-1409
-2448
-4333
-6794
-7424
-8155
-9745
-11942
-13246
-14114
-13899
-13580
-15925
-18806
-18962
-15605
-15257
-18564
-19474
-17685
-15121
-15129
-15205
-16015
-15209
-11925
-9554
-10784
-11746
-8087
-4264
-5290
-6778
-3484
-255
83
207
1613
2054
2095
4736
6493
5960
4905
5555
7644
7704
7452
6796
7041
7681
8156
7686
7204
7010
7183
7350
7033
7170
6548
6390
5692
6356
5887
5466
5831
6076
5725
5556
6883
7846
7048
7414
9066
9096
8110
8556
10175
9757
8779
8917
9416
9444
8462
7952
7890
7772
6758
5524
5372
5586
4136
2412
2062
1947
288
-1282
-1813
-2860
-4291
-5618
-5883
-6925
-8248
-9298
-10631
-11222
-10138
-10905
-14362
-15888
-12364
-10249
-13890
-15398
-13231
-11354
-12169
-12166
-10159
-10753
-10298
-7440
-6022
-6887
-5273
-2209
-1880
-3149
-625
2741
2573
2244
3901
5309
5397
6344
7993
7939
7255
7992
9430
9442
8932
8785
9054
8960
8574
8412
8866
8938
8254
7510
7919
8849
8861
8124
7106
7691
8271
8466
7852
7552
7587
7836
8355
8214
7837
8124
8609
8736
8827
8995
8723
8499
9042
9560
9166
8454
8703
9074
8234
7465
7371
6442
5571
5393
4573
3176
2069
1851
819
-592
-1747
-3017
-4345
-5840
-6741
-8224
-9024
-10612
-12223
-13406
-12739
-12647
-14687
-16332
-15357
-13462
-14434
-16456
-16658
-14723
-13993
-14794
-14360
-13353
-13194
-12326
-10120
-9183
-9255
-7600
-4823
-4453
-5210
-3068
-621
-583
-269
1633
2598
2563
4354
5747
5151
4876
6002
7603
7323
6617
6880
6742
7083
7184
6746
6177
5982
6239
6505
6029
5358
5350
6014
5466
4229
5203
5451
4868
3938
4878
5533
4466
4486
4604
4590
4682
5018
5015
4363
4348
4777
4196
4087
4567
4145
3120
3345
3429
2645
2092
1446
910
651
-275
-1519
-2342
-2593
-3492
-4572
-5459
-6555
-7782
-8312
-8840
-10070
-11739
-13178
-14174
-15177
-14555
-13711
-15135
-18153
-18341
-15449
-14865
-17302
-18515
-17003
-15434
-15183
-14748
-14803
-15465
-13537
-9885
-9559
-10637
-8758
-4887
-4363
-5032
-2722
-64
748
1339
3077
3940
4128
6244
8310
8420
7653
7867
9021
9682
9787
8747
8868
9544
10116
9509
9226
8439
8344
8221
9051
8881
7788
7995
8416
8938
7937
8481
8798
9089
8526
7952
7345
7862
8541
7870
7211
7754
8650
7800
7837
8237
8551
7846
7327
7385
7038
6951
6587
6290
5507
4831
4250
3925
3609
2502
1094
403
61
-810
-2196
-4163
-5341
-6400
-7368
-7912
-9711
-11326
-12232
-13344
-13986
-13173
-13533
-16240
-17224
-14946
-13546
-15998
-17297
-14920
-12954
-13556
-12387
-11042
-11463
-10451
-7277
-5870
-7424
-5379
-572
-236
-2254
-241
3602
4079
3841
6141
8023
6823
7486
9984
10508
9664
9717
11705
12537
11916
11396
11529
12295
11693
11259
10958
11665
11247
10293
9831
9849
9777
9561
8831
8357
8509
8175
7581
7067
7676
7981
6852
6426
6965
7285
6751
6348
7103
7034
6515
6537
7395
7276
6011
5659
6381
6164
5500
5111
4382
3897
3479
2911
1945
1205
774
39
-971
-2066
-2975
-3851
-4770
-5705
-7102
-8636
-9147
-8876
-10163
-12463
-13387
-11731
-11902
-14600
-16890
-16322
-13227
-13730
-14636
-15417
-14071
-12910
-11710
-11360
-12697
-12927
-9538
-5710
-6496
-7256
-4321
-879
-1200
-1620
1778
3822
3290
4141
6327
6405
5479
7852
10067
9475
7937
9012
10976
10506
9475
9320
9719
9835
9842
9533
9120
8558
8167
8258
8210
7406
6564
6295
6131
5072
4519
4731
4770
3738
3882
4150
4001
3855
4339
4610
3646
3971
4516
4626
4087
4223
4507
4349
4005
4025
3777
3153
3045
2496
2210
1398
121
-998
-1636
-2151
-3500
-4276
-5284
-6404
-7315
-8645
-9258
-10895
-12234
-13539
-14289
-15074
-16846
-17958
-18630
-16992
-17308
-19659
-20997
-18658
-16383
-18863
-19359
-17796
-16104
-15911
-14024
-12189
-13067
-12456
-8327
-6119
-8189
-6905
-2584
-799
-2493
-449
3274
3820
3632
5375
7589
7246
7708
9492
9535
8667
8591
9636
9863
9175
8431
7992
8173
7838
7133
6644
6278
5836
5260
4775
4480
3777
3666
3288
2378
1479
1743
1735
1303
1118
1443
1373
1915
3156
3060
2814
3381
4684
4475
4456
5349
5777
5109
5177
5390
4530
4019
4059
3725
2307
2262
1813
829
-77
-545
-1267
-3009
-3897
-4678
-5448
-6440
-7307
-8224
-9223
-10184
-10955
-11281
-12611
-13969
-14890
-14504
-15004
-15374
-15890
-15939
-16298
-15651
-14135
-13553
-13162
-13217
-11150
-9545
-7928
-7817
-7366
-5667
-2669
-1532
-1330
771
2745
3879
4238
6139
8050
8273
9239
10248
11424
11294
11312
12025
12227
12141
11779
11721
11687
11524
11357
10770
10540
10416
9873
9579
9037
8247
7835
7308
7497
7052
6490
6369
6353
6821
6597
7244
6877
6324
6724
7395
7219
6846
7651
8667
8641
8289
8319
8738
8865
8493
8316
7536
6903
6546
5644
5055
4204
3493
2638
1322
464
-1078
-1941
-2759
-4201
-5941
-7550
-8453
-9874
-11420
-12525
-13855
-15471
-16796
-16858
-17788
-18883
-18965
-17702
-18161
-20261
-19990
-17460
-16388
-17319
-16896
-15125
-12666
-11361
-9908
-8945
-8063
-5788
-2520
-985
-1099
369
3026
4510
5042
6528
8265
9254
10098
10926
11398
11621
11911
12363
12260
11545
11475
11841
11895
10939
10082
9251
9235
9013
8523
7344
6668
6325
5988
5823
4448
3813
4084
4011
3188
2643
3089
4428
3779
2907
3491
4761
5101
5076
5634
5678
5558
6060
6666
6400
6001
6082
6559
6076
5551
5167
4938
4461
3420
2361
1024
184
-391
-1547
-3128
-4341
-5566
-6742
-7795
-9257
-10896
-12608
-13487
-14649
-15958
-17461
-18084
-18897
-19886
-20517
-20103
-19536
-18650
-19137
-20313
-19204
-16766
-14755
-15374
-14761
-12871
-10014
-8513
-6810
-5725
-4623
-2251
994
2410
2203
3805
6256
7215
6668
8641
10840
10752
10505
11515
12346
11658
11630
12313
11902
10776
10344
10662
9923
8765
7823
7393
7261
6773
6423
5438
5226
4756
4220
3898
3851
3550
2706
2753
3160
3416
2835
2863
3115
3469
3839
3815
3981
4221
5066
5316
5190
5424
5468
5676
5934
5480
4553
3881
3800
3099
1515
336
-106
-1128
-2837
-4106
-4922
-6136
-7985
-9586
-11190
-12430
-13524
-14665
-15968
-17560
-18495
-19172
-19497
-19949
-20605
-20538
-19813
-18501
-19605
-20562
-19610
-16773
-15662
-16155
-15587
-13346
-10218
-8403
-6852
-6486
-4733
-1730
1178
1432
1468
3778
6119
6642
7064
9617
10917
10559
11069
12272
12551
11532
12273
13242
12485
11334
11610
12593
12252
11243
10800
10086
9880
9973
9341
8034
6791
6585
6414
5817
5791
6204
5706
5262
5450
6183
6657
6872
7507
7177
7189
7948
9634
9691
8728
8591
9732
10423
10084
9882
9598
9436
8998
8985
8751
7666
6402
5260
4047
2367
342
-1365
-2246
-3401
-5534
-7407
-7994
-8894
-10654
-12441
-13500
-14030
-14478
-15329
-16415
-17428
-17400
-17426
-17929
-18175
-16944
-15725
-15751
-16268
-15974
-14229
-12683
-11754
-11886
-10721
-8811
-6561
-4945
-3672
-2737
-1549
1475
3908
4290
4818
7135
8598
8480
9162
10907
11502
10824
11233
11924
11371
10282
10799
11479
10472
9451
9625
9774
8779
7999
7667
6990
6395
6302
6026
5466
4793
4404
4947
5049
5243
5027
5154
5516
6127
6401
6698
7399
7799
8147
7604
7382
7850
8229
8088
7174
6303
5895
5495
5275
4513
2968
1862
1563
1049
-166
-1663
-3322
-4703
-6381
-8108
-9563
-11318
-12845
-14004
-15204
-16752
-17590
-18324
-19280
-20290
-20723
-21160
-21593
-21730
-21844
-22017
-22761
-21204
-18576
-17501
-18872
-19309
-16479
-13172
-12494
-13009
-11014
-8245
-6420
-5502
-3717
-2568
-1821
986
4045
4557
4066
5804
8479
8577
8437
10270
11540
10916
10913
11953
12059
10814
10658
11060
9969
8563
8546
9049
8540
7511
6743
6822
6971
6997
6511
6185
5852
5980
5968
6703
6865
6080
6302
6806
7780
7522
7682
8209
8621
8979
8609
8751
9013
9136
9193
8838
8149
7424
6755
6223
5455
4163
2776
1665
1022
36
-1446
-3078
-4417
-5410
-6858
-7789
-8857
-10269
-11253
-12210
-13120
-14211
-14930
-15501
-16474
-17182
-17986
-18437
-18435
-18437
-18270
-18968
-19163
-18709
-17811
-16584
-15590
-15471
-15637
-13885
-10354
-8863
-9149
-8311
-5361
-2844
-1877
-891
-273
404
3135
5853
6212
5537
7472
9861
9539
9002
10670
11474
10495
10281
11087
10622
9166
9558
10099
9217
8375
8598
8928
8360
7693
7592
7814
7957
7663
8049
7555
7939
8161
7880
8010
8890
9601
9073
8989
8768
9443
9920
10596
10017
8902
9289
10375
10357
9312
8870
8393
7857
7257
6774
5879
4714
3892
2821
1671
270
-873
-2088
-3592
-4775
-5999
-7476
-8564
-9604
-10903
-12518
-13765
-13993
-14046
-14777
-16032
-16456
-16513
-16486
-16847
-17182
-16745
-16418
-16354
-15977
-14740
-14131
-12555
-11361
-11124
-11304
-9154
-5750
-5045
-4851
-4060
-1684
-633
361
1492
1948
2361
4918
7458
7099
6482
8636
10526
10092
9926
11440
11958
11157
11619
12730
12539
11475
11870
12438
12079
11300
10996
10870
10467
10502
9895
9494
9581
9685
9562
8750
8769
8715
8890
9055
9436
9698
9286
8872
9157
9696
9359
9393
9300
8775
8077
8147
7820
7081
6133
5882
4600
3014
2545
1635
229
-1336
-2694
-4002
-5346
-6306
-7369
-9188
-10577
-11477
-12658
-13876
-14811
-15611
-16612
-17307
-17416
-17796
-18250
-18469
-18416
-18271
-18202
-18510
-18690
-17895
-17374
-17532
-17455
-16786
-15435
-15177
-13858
-12067
-11235
-11515
-10991
-7918
-6395
-6096
-6216
-4095
-2439
-900
-16
704
969
2618
5435
6329
6102
6560
8587
9002
8921
9228
10107
10093
9775
10190
10333
9878
9638
10101
10098
9641
9268
9735
9645
9137
8217
8314
8242
8596
8316
7548
7249
7725
7966
7591
8064
8196
7999
7475
7888
7626
7349
7448
7573
6231
5374
5804
5064
3675
3220
3017
1020
-275
-531
-1294
-3268
-4219
-5005
-6693
-7700
-8424
-9465
-10837
-11503
-12383
-13733
-14635
-14661
-15196
-16096
-16393
-16533
-16768
-16754
-16675
-16582
-16680
-16332
-15720
-15097
-14316
-13790
-13051
-12824
-12018
-11159
-10652
-9922
-8948
-7280
-6038
-5871
-5323
-3403
-1176
-764
-548
1180
2957
4152
5380
6573
6923
7570
10041
11915
11205
10968
12642
14016
13496
13695
14859
15017
13938
14142
15156
14418
13187
12800
12662
11955
11571
11283
10960
10468
10160
10043
9977
10134
10135
9543
9566
9613
9179
9182
9455
9654
8784
8270
7665
7337
6992
6965
6221
5073
4547
5099
4477
3450
3023
2493
1426
300
303
-319
-1486
-2679
-3436
-4705
-5653
-6408
-7294
-8422
-9143
-9510
-10311
-10505
-10919
-11526
-12171
-12224
-12535
-12919
-12944
-13297
-13572
-13714
-13629
-13485
-13375
-12855
-11879
-11407
-10857
-10081
-8913
-8192
-7556
-7172
-6548
-5240
-3739
-3085
-3705
-3129
-739
911
809
1070
2814
4583
5436
6213
6383
6735
7936
10421
10813
9751
10928
12765
13230
12819
14004
15085
14533
14479
15505
15159
13585
13281
13937
13728
12836
12854
12991
12565
11674
11395
10605
10065
10461
10241
9241
8256
8690
8736
8245
7389
6422
5516
5515
5752
5182
4108
3564
4002
3323
2225
1579
1095
17
-644
-1402
-2710
-4059
-4999
-5646
-6912
-8196
-9355
-9996
-10840
-11201
-12018
-12836
-13094
-13153
-13589
-14370
-14755
-15033
-14971
-15097
-15156
-14844
-14892
-14681
-14237
-13695
-13340
-13127
-12620
-11957
-11183
-10922
-10415
-9654
-8801
-8068
-7812
-6802
-5759
-4886
-4104
-3931
-3551
-1835
645
923
676
1538
3599
4770
5525
6061
6109
7087
9281
10902
10068
9694
11043
11919
11600
11622
12663
12421
11285
11379
11494
10180
9432
9705
9643
8569
7981
7712
7603
6922
6058
5315
4968
4746
5012
3787
2479
1930
1941
1574
479
-52
-476
-1075
-1575
-1167
-1182
-2075
-2686
-2325
-2848
-3368
-4148
-4815
-5616
-6447
-7141
-8381
-8896
-9564
-10213
-10967
-11363
-11768
-12025
-11853
-12017
-12281
-12613
-12507
-11986
-12078
-12154
-12249
-12353
-11945
-11539
-11082
-11061
-10608
-9959
-9224
-9068
-8578
-8001
-7531
-7161
-6699
-6941
-6723
-5952
-5439
-5580
-5549
-4614
-3873
-2902
-2455
-1244
-1268
-260
1433
2972
3310
3416
4382
5877
7292
7402
8334
8651
9449
10516
11350
11293
11707
12698
13122
13191
13730
14403
14227
13757
13631
13668
13436
13389
12781
12062
11507
11504
11811
10569
9986
9282
8936
8394
8386
8271
6923
6079
5705
5013
3739
3615
3423
2596
1428
1318
1040
190
-759
-1144
-1542
-2191
-2525
-2344
-2704
-3347
-3722
-4311
-4417
-5205
-5884
-6422
-6550
-6724
-6918
-6916
-6785
-6660
-6802
-6829
-6852
-7072
-7184
-7141
-7165
-6972
-6906
-6534
-6196
-6009
-5531
-5112
-4681
-4014
-3554
-3346
-3282
-3032
-2564
-2362
-2162
-1629
-834
-726
-476
475
1239
1822
2017
2295
3224
4221
4750
5121
6492
7599
8475
9319
9662
10041
10449
11448
12224
12242
12802
13088
13033
13078
13647
13782
13400
13089
12920
12596
11754
11466
10593
9813
8735
8108
7374
6992
6501
5442
4415
3843
3455
2600
1934
1181
565
399
457
-248
-631
-1120
-1102
-1569
-1995
-2086
-2769
-3272
-3592
-3942
-4701
-5351
-5729
-6016
-6708
-7431
-7800
-8047
-8465
-8658
-8810
-8838
-8634
-8784
-9184
-9234
-8946
-8948
-8874
-8624
-8327
-8579
-8773
-8933
-8857
-8885
-8556
-7918
-7052
-6807
-6891
-6876
-6310
-5838
-6046
-5875
-5369
-4821
-4148
-3893
-3282
-2866
-2804
-2027
-1618
-1038
-280
276
890
1611
2438
3264
3685
4133
5021
5152
5423
6027
6830
7234
7282
7971
8588
8744
8642
8688
8742
8513
8443
8091
7586
7150
6871
6617
6111
5895
5096
4387
4170
3911
3165
2271
1824
1018
251
-349
-1024
-1730
-2528
-2512
-3116
-3845
-4474
-5214
-5665
-6115
-6551
-7061
-7360
-7502
-7659
-8114
-8384
-8653
-9262
-9560
-9697
-9530
-9508
-9414
-9033
-9354
-9414
-9546
-9869
-9894
-10069
-9968
-9773
-9719
-9791
-9586
-9273
-8954
-8450
-8037
-7615
-7459
-7581
-7197
-6912
-6748
-6553
-6353
-5631
-5327
-4810
-4379
-3865
-3928
-3670
-2978
-2267
-1968
-1616
-656
-64
223
819
1605
2095
2497
3351
4102
4563
4903
5488
6113
6487
6584
6760
7177
7376
7108
7376
7930
8011
8250
8412
8658
8339
8707
8908
8540
8196
7960
7979
7539
6981
6683
6334
5913
5649
5073
4617
4014
3717
3393
3073
2561
2044
1849
1348
1147
795
531
116
23
-105
-134
66
41
-308
-700
-756
-1143
-1683
-1717
-1741
-1996
-2506
-2650
-2850
-3320
-3849
-4073
-4269
-4589
-5091
-5116
-5028
-5384
-5064
-5080
-5271
-5207
-4938
-4373
-4168
-3870
-3502
-3222
-2953
-2403
-2035
-2007
-1755
-1455
-1304
-901
-341
-84
448
976
1679
2259
2506
2932
3546
3945
4196
4620
5002
5190
5504
6091
6370
6650
6947
7571
8131
8540
8699
9049
9324
9291
9505
9262
9139
9053
8658
8153
7641
7154
6749
6133
5509
4849
4451
4415
4141
4042
3920
3605
3204
3300
3250
2780
2197
1923
1830
1515
1450
904
702
728
684
612
348
101
-303
-578
-793
-1115
-1106
-1350
-1638
-1924
-2200
-2517
-3040
-3373
-3810
-3792
-4156
-4354
-4897
-5333
-5270
-5445
-5676
-5906
-6380
-6557
-6728
-6849
-6590
-6437
-6433
-6440
-6128
-5889
-5781
-5668
-5727
-5808
-5648
-5207
-4702
-4125
-3848
-3227
-2401
-1835
-1279
-597
280
775
1233
1270
1472
1428
1545
1527
1428
1967
2236
2138
2192
2503
2739
2888
2809
2842
2464
1996
1730
1804
1741
1539
1380
1322
1136
1243
1329
1192
1111
1289
1223
1137
1223
1384
1684
1234
1105
1010
1121
767
901
838
812
1099
1420
1597
1392
1324
1127
966
799
558
411
162
-113
-536
-722
-914
-1304
-1605
-1957
-1989
-2409
-2899
-3246
-3399
-3917
-4625
-4797
-5081
-5356
-5728
-5931
-5749
-5726
-5739
-6194
-6584
-6464
-6634
-6634
-6673
-6661
-6513
-6050
-5724
-5471
-5263
-4787
-4342
-3937
-3253
-2983
-2570
-2173
-1708
-1477
-1512
-1173
-767
-662
-583
176
475
680
1243
1550
1629
1876
2066
2032
2310
2219
1924
2009
2096
1911
1758
1602
1876
1347
1001
848
646
572
534
388
286
316
481
1073
1230
904
973
1294
1375
1346
1390
1445
1541
1531
1405
1684
1616
1485
1656
2103
2268
2071
2241
2456
2027
1666
1368
1239
1201
1113
1063
683
415
319
348
526
832
663
613
369
315
-201
-641
-944
-1303
-1315
-1538
-1235
-1508
-1251
-1595
-1694
-1393
-1494
-1215
-1179
-846
-1248
-973
-496
-275
-448
-114
350
672
1125
1433
1745
1732
2139
2063
2139
2120
2227
2396
2306
2762
2933
3130
3079
2837
3000
3067
3410
3353
3367
3402
3213
3034
2583
2530
2480
2360
2058
1919
1834
1993
2104
2078
1922
1618
1783
1833
1689
1468
1566
1271
1066
1407
1486
1510
1772
2481
2610
2904
2960
3249
3338
3484
3440
3190
2823
2553
2756
2842
2634
2420
2529
2572
2187
1733
1588
1537
1471
1388
982
701
367
209
-202
-233
-346
-619
-582
-464
-271
-394
-179
-60
245
385
304
393
477
504
461
282
99
-147
-327
-589
-968
-1157
-926
-732
-369
-140
-322
-430
-378
-507
-920
-957
-823
-651
-684
-522
-588
-662
-661
-1057
-1282
-1697
-1961
-1799
-2010
-2116
-2124
-2352
-2253
-2748
-2955
-3452
-3605
-3584
-3511
-3255
-3332
-3421
-3564
-3442
-3204
-2782
-2555
-2448
-1906
-1646
-1758
-1606
-1784
-1737
-1763
-1904
-1515
-1012
-1036
-658
-292
-204
-597
-783
-893
-1333
-1486
-1607
-1800
-1809
-1751
-1970
-1989
-2004
-2362
-2564
-2600
-2672
-2545
-2453
-2541
-2495
-2411
-2600
-2475
-2676
-2849
-2881
-3085
-2889
-2870
-2756
-2526
-2541
-2830
-2639
-2295
-2358
-2166
-2368
-2190
-1968
-1657
-1170
-629
-500
-407
-630
-1088
-1236
-1067
-843
-961
-871
-614
-337
-492
-840
-789
-798
-830
-941
-1122
-1181
-1341
-1304
-1249
-1109
-1120
-856
-531
-513
-717
-869
-1037
-1153
-1020
-1050
-961
-761
-508
-684
-764
-805
-574
-480
-452
56
175
318
172
185
302
369
569
299
190
56
118
277
115
98
-67
56
-162
84
-41
-96
86
-35
109
-59
195
80
159
-55
-310
-545
-751
-532
-505
-57
-157
-17
264
569
689
551
747
1021
1068
984
742
870
908
939
1519
1500
2109
2153
2458
2309
2307
2629
2589
2660
2774
