231
708
670
915
1463
1887
2280
2236
2393
2641
2067
1865
1891
1679
1751
1683
1437
1590
1779
1739
1432
1425
997
721
806
688
569
483
396
562
813
335
-7
-441
-1333
-2058
-3062
-3631
-3917
-3897
-4114
-4502
-5391
-6284
-6729
-6807
-6360
-6352
-5890
-5300
-5040
-4636
-4208
-4359
-4388
-4458
-4459
-3728
-3126
-2486
-1968
-716
355
1520
2561
3037
3889
4437
5063
5717
6208
6694
7382
7593
7407
7703
7974
8078
8337
8469
8170
8224
8381
8427
8771
8493
8038
7448
6725
5645
4539
3483
2658
2093
1934
1021
456
391
-19
-662
-825
-1566
-2338
-2724
-2956
-3091
-3113
-2968
-2623
-2464
-2480
-2463
-1863
-1629
-1682
-1624
-1555
-1100
-960
-330
-197
292
719
1057
1320
1309
1003
792
1145
1248
844
217
-255
-786
-1327
-1558
-2055
-2853
-3554
-3935
-4196
-4756
-4800
-4857
-5116
-5090
-5008
-4592
-4130
-3934
-3552
-2838
-2416
-1910
-1526
-1154
-359
-293
-409
37
-24
64
469
797
1252
1790
2093
2870
3515
3444
4052
4272
4766
5168
4761
4912
4812
3967
3259
2682
2081
1573
1046
1029
903
634
-146
-576
-1370
-2288
-2677
-3413
-3724
-4050
-4175
-3900
-3648
-3196
-2680
-2104
-1996
-1866
-2127
-2382
-2652
-2976
-3132
-3377
-3322
-3346
-3263
-3409
-3057
-2987
-2936
-3520
-4084
-3931
-4188
-4642
-4564
-4701
-4676
-4335
-4582
-4722
-4505
-4934
-5316
-5039
-4690
-4046
-3215
-2946
-2297
-1342
-1195
-1218
-1600
-1411
-1189
-928
-765
-180
274
893
2091
3363
4154
4414
4291
3850
3350
2929
2823
2603
2056
1853
1661
1572
1250
1020
618
435
180
-71
-776
-977
-940
-1521
-1424
-1660
-1510
-1186
-1346
-917
-179
8
253
937
1097
773
1130
1328
1392
1350
1321
1801
2191
2344
2943
3100
3030
2535
2086
2210
2556
3167
3210
3604
3870
3429
3688
3346
2922
2742
2474
2366
1937
2240
1396
946
826
468
92
-595
-681
-270
-142
238
740
738
937
1252
2052
2537
3294
4078
4768
5439
5570
5653
5498
5415
5353
5470
5777
6395
6601
6541
6323
6084
6415
6396
6084
5760
5232
4479
3631
3487
2734
2024
1232
386
330
-428
-707
-661
-740
-793
-1106
-1587
-2117
-2492
-3252
-3627
-3938
-3925
-4137
-4527
-4767
-5240
-5819
-5907
-5927
-5427
-4862
-5028
-4672
-4136
-3599
-2909
-2400
-1647
-1297
-514
308
1563
2668
2968
3573
3531
3270
3556
4164
4517
4616
5082
5128
5391
5659
5023
4568
4441
4155
3940
3924
4134
3991
3907
3155
2370
1858
944
697
731
632
667
480
-60
-317
-683
-1227
-1812
-2549
-3328
-3671
-3650
-4096
-4290
-4579
-5032
-5541
-6162
-6227
-6609
-6390
-6271
-5998
-5615
-5021
-4280
-3114
-2353
-2331
-1595
-1280
-988
-405
235
905
1221
1788
1870
2013
2004
2187
2409
2122
1935
1482
1461
1171
1070
607
491
15
-258
-50
-271
-121
-855
-1157
-1880
-2407
-2722
-3176
-3687
-4427
-4742
-5061
-5138
-5156
-5404
-4985
-4711
-4287
-3879
-4167
-3929
-3997
-3811
-3355
-3141
-2607
-2438
-2645
-3040
-3439
-3583
-3893
-3789
-3854
-3736
-3804
-3674
-3488
-2703
-1439
-799
-251
3
117
-129
378
805
1373
2473
3039
3719
4363
4399
4344
4295
4037
3782
3342
2879
2240
1937
1231
424
-271
-391
-631
-1312
-1253
-1387
-1710
-1907
-2383
-2926
-3478
-3948
-4235
-4330
-4880
-5381
-4968
-5052
-5169
-5216
-5529
-5924
-6304
-6255
-6283
-6294
-6606
-6039
-5614
-5304
-5036
-5024
-5237
-4881
-4141
-4183
-3979
-3856
-3142
-2443
-1838
-1231
-1009
-514
-126
530
1010
1341
1463
1725
1933
2030
2287
2667
3156
3462
3926
4339
4938
4856
4980
5152
5092
4814
4569
4063
3785
3914
3818
3192
3156
3194
3073
2896
2689
3084
3195
3302
3386
3310
3252
3385
3610
3516
3191
2952
2625
2156
2134
1510
1110
534
-268
-748
-558
-7
488
1342
1972
2756
3106
3467
3315
3545
3674
3639
3080
2450
2137
1834
1878
2228
2232
2042
1901
1879
1585
1493
1826
1721
1736
1797
1991
2161
2611
2840
3451
3843
4218
4501
4728
5091
5108
5079
5077
4810
4199
3768
3337
3270
3178
2988
2831
2024
1419
947
878
1829
2256
2204
2196
2203
1806
1689
1765
1957
2377
2405
2814
3103
3135
3435
3472
3663
3444
2998
2498
2204
1829
1192
511
85
-375
-141
-182
-323
-380
-629
-609
-726
-526
-496
-906
-1307
-1470
-1461
-1271
-1027
-611
202
1032
1827
2276
2534
2759
3177
3926
4039
4249
4731
5306
5288
5219
5535
5347
5168
5325
5559
5675
5898
5916
5667
5402
5521
5372
4846
4433
3861
3379
2634
2094
1348
716
-249
-1330
-1896
-3215
-4421
-5563
-6254
-6903
-7719
-8432
-9045
-9665
-10189
-9951
-10007
-9491
-9201
-8699
-8249
-8069
-7216
-6307
-5431
-4972
-4199
-3505
-3022
-2286
-1383
-791
29
287
745
1141
1266
1686
2501
2765
2606
2706
2243
2125
2012
2500
2630
2438
2451
2000
1916
1852
1602
1543
1842
2317
2348
2229
2203
2245
1717
1146
1035
542
397
-206
-534
-676
-919
-1316
-1487
-2132
-3251
-3519
-3821
-4093
-4058
-3572
-3515
-3182
-2858
-2727
-2983
-3102
-3194
-3245
-3502
-3528
-3448
-3281
-2906
-2711
-2191
-1621
-1391
-1351
-1288
-1150
-474
-381
-556
-207
237
590
865
920
807
65
-281
-163
-416
-701
-1143
-1622
-1794
-2396
-2698
-2959
-2667
-2893
-2987
-2534
-2528
-2172
-1901
-1761
-1709
-1969
-2302
-2384
-2510
-3011
-3354
-3854
-4447
-4528
-5080
-5249
-5161
-5200
-5334
-5376
-5268
-5015
-4788
-4979
-5264
-5373
-4749
-4380
-4056
-3267
-2670
-1830
-802
120
799
1369
1882
2650
3586
3806
4393
4661
4575
4597
4261
3810
3758
3910
3695
3378
3065
2469
1753
1374
1019
923
356
-74
-342
-175
147
341
601
581
935
970
1199
1663
2100
2894
3768
4420
5616
6475
7294
8051
8572
8585
8414
7894
7212
6557
6111
5665
5242
5010
4765
4105
3676
3463
2812
2733
2164
1499
553
-487
-748
-1080
-1743
-1786
-2254
-2925
-3687
-4248
-4406
-5071
-5382
-6057
-6655
-6748
-6895
-6567
-5904
-5547
-5272
-5400
-4969
-4797
-4933
-4235
-4173
-3756
-3662
-3703
-3573
-3216
-2645
-2430
-1710
-1135
-761
-30
473
1206
2224
2627
3376
4064
4637
5252
5789
6486
6813
7003
7650
7698
8329
8166
7740
7625
7370
6799
5977
5417
5158
4532
3744
3009
2365
2098
1559
922
605
173
-290
-540
-1011
-1020
-1745
-2063
-2179
-2919
-3285
-3135
-3255
-3636
-3307
-2921
-2881
-2792
-2356
-1785
-1730
-1436
-1545
-1035
-989
-858
-587
-392
173
687
1280
1864
1936
1950
2501
2505
2457
2697
2894
2815
2858
2770
2983
2772
2497
2198
2009
1640
1018
171
-662
-1273
-2128
-2719
-3403
-3971
-4826
-5752
-6150
-6414
-6931
-7746
-8501
-8254
-8226
-7878
-7418
-7392
-7047
-6866
-6604
-6218
-5594
-5559
-5774
-5472
-5006
-4350
-3447
-2442
-1546
-983
-789
-817
-856
-1081
-1386
-1170
-719
-598
-336
-447
-147
104
174
99
378
259
329
641
923
1021
735
710
205
643
1180
1237
1385
1498
1850
1436
1129
1156
811
758
620
54
-498
-1163
-2038
-2656
-3336
-3343
-3242
-2850
-2431
-2306
-2411
-2477
-2154
-2296
-2318
-2730
-2857
-3187
-3199
-2377
-2223
-1711
-1167
-1012
-1018
-1244
-924
-1150
-1487
-1822
-2392
-2961
-3472
-3861
-4619
-5151
-5700
-5707
-5775
-5802
-5698
-5758
-5559
-5724
-5902
-5725
-5943
-5948
-5916
-5774
-5204
-5007
-5154
-5085
-4641
-3655
-2646
-1571
-364
410
1304
2076
2716
3217
3290
3633
3918
4322
4886
4951
4994
5032
4764
4516
4176
3513
3065
2789
2457
2001
1741
1432
1689
1943
2054
2292
2144
2113
2404
2138
1734
1909
1697
1707
1430
1010
607
141
-314
-1051
-988
-1110
-1006
-1345
-1762
-1645
-1563
-1361
-1053
-306
266
1056
1606
1819
2085
2332
2896
3861
4148
4651
4649
5078
5352
5481
6036
5912
5583
5455
5115
4496
4120
4172
4452
4018
4548
4543
4367
4232
3864
3309
2682
2242
1215
220
-687
-1335
-2041
-2640
-3122
-3340
-3984
-3978
-3794
-3808
-3696
-3454
-3557
-3793
-3954
-3849
-3601
-3680
-3150
-3010
-2658
-2779
-2450
-2177
-2164
-1615
-1155
-908
-606
-116
417
1281
2095
2674
3118
3663
4402
4838
5185
5455
5576
5976
6164
6300
6558
6866
6654
6703
6343
6105
6375
6270
6143
6055
5732
5894
5480
4772
3992
3111
2609
1758
655
-93
-745
-2009
-2599
-2791
-3037
-3606
-3979
-4221
-4804
-5173
-5631
-6448
-6644
-6688
-6760
-6508
-6278
-5944
-5311
-4694
-4011
-3405
-2863
-1978
-1447
-770
-213
-54
2
390
809
1030
1292
1422
1661
1178
1545
1717
1486
1783
1298
1290
1737
1890
1920
1890
1731
1438
1337
1076
1240
1522
1117
1282
505
-167
-994
-1727
-1989
-2342
-1876
-1258
-673
-247
199
305
729
1002
840
955
765
647
562
-28
-331
-403
-468
-319
-463
-469
-438
-466
-197
-226
126
267
343
452
497
267
548
1082
818
208
-165
-84
-359
-700
-844
-962
-1062
-1538
-1500
-1125
-823
-385
-248
-193
-8
252
356
195
360
330
51
174
21
-110
37
501
991
992
1060
720
606
456
89
-88
-705
-868
-799
-951
-837
-902
-811
-832
-776
-431
-156
379
974
1606
2315
2899
3698
4115
4613
4813
5277
5437
5392
4669
4478
3898
3310
2738
1881
986
-191
-496
-1697
-2155
-2709
-2975
-3454
-4078
-4323
-4814
-5321
-5258
-5786
-5827
-5369
-5429
-5112
-5277
-4850
-4755
-4667
-4035
-3386
-2567
-1824
-681
524
1437
2069
3147
3777
4432
4955
4983
5208
5154
5140
5241
5123
5316
5439
5156
4852
4753
5022
5141
5540
5870
6084
6251
6032
5926
5499
4847
4093
3195
2599
1921
2005
1849
1866
2090
2239
1782
1784
1905
1572
1814
1708
1612
1238
977
574
182
-150
-145
-64
-344
156
387
51
303
515
824
750
473
222
97
106
-204
-409
-512
-483
-570
-237
182
698
1118
1176
1167
1338
1582
1633
1530
1453
1703
1674
1703
1677
1338
1096
739
442
337
285
529
684
851
530
116
-586
-1095
-1504
-1952
-2014
-2288
-2457
-2416
-2653
-2749
-2762
-2789
-2847
-2581
-2618
-2791
-3346
-3513
-3293
-3376
-3097
-2936
-2888
-2654
-2335
-2048
-1696
-1610
-1604
-1161
-1109
-889
-523
-489
-193
347
947
1203
1688
1977
2356
2580
2492
2035
2022
1639
1269
782
-84
-159
-756
-754
-859
-1271
-1172
-1229
-1811
-2159
-2052
-2035
-1989
-2217
-2592
-2512
-2151
-2106
-1725
-1490
-1141
-649
-614
-116
280
510
695
988
1229
1112
826
562
-22
409
911
1006
1401
1323
1152
1110
917
530
232
-4
-247
-132
-701
-855
-777
-1128
-1165
-1395
-2130
-3027
-3059
-3324
-3626
-3812
-3784
-3676
-3523
-3214
-3018
-2487
-2167
-2350
-2155
-2008
-1918
-1837
-2496
-2777
-3160
-3705
-3701
-3793
-3756
-3717
-3687
-3115
-2737
-2422
-2161
-1413
-739
-125
481
905
1023
1429
1517
1519
1222
673
604
26
194
292
58
258
126
49
212
622
882
1225
1298
1192
1308
1105
1267
831
1075
1252
1367
1074
833
807
436
711
728
716
597
762
390
269
493
614
1151
1460
1464
1219
1327
1138
1420
1167
1309
1215
1497
1876
1884
2706
2937
3653
4299
4479
4317
4214
4044
4352
4438
4296
4247
3732
3227
2448
2048
1929
1526
1409
714
-89
-677
-1144
-1560
-1594
-1821
-2144
-2180
-2431
-2713
-2787
-2636
-3232
-3320
-3276
-3049
-3058
-3007
-2629
-2156
-1611
-875
83
1472
3044
3961
4909
5570
6175
6913
7616
8171
8519
8764
8754
8800
8451
8313
8415
7952
7612
7143
6531
5880
5432
4636
4275
3843
3476
2612
1785
897
71
-140
-353
-632
-1033
-2045
-2739
-2916
-3181
-2992
-3205
-3720
-4311
-4058
-3604
-3473
-3218
-3404
-3774
-4342
-4375
-3946
-3888
-3892
-3777
-3086
-2789
-2507
-1996
-1841
-1738
-1398
-1196
-611
243
718
987
1163
1887
2220
2844
3225
3228
3883
4348
4767
5251
5252
5079
4661
4518
3792
3497
2684
1866
1522
603
304
-471
-1172
-1730
-2423
-3354
-3917
-4680
-5207
-5790
-6530
-7021
-7380
-7424
-7497
-7752
-7719
-7622
-7633
-6877
-6428
-5580
-5168
-5116
-4557
-3977
-2927
-2254
-1804
-992
-278
415
1203
1527
1664
1819
1864
1734
1630
1633
1684
1536
1262
1417
1747
1732
1779
2101
2146
1776
1800
1811
1402
955
583
-149
-213
-237
-823
-737
-813
-1297
-1437
-2014
-2707
-3205
-3678
-3982
-4279
-4503
-5432
-6175
-6636
-6804
-6900
-6660
-6383
-6347
-5692
-5592
-5249
-4744
-4855
-4859
-4564
-4140
-3704
-3153
-2481
-2011
-1485
-844
-562
-453
45
694
879
1171
1406
1676
2100
2534
3077
2989
3131
2713
2352
2564
2225
2514
2946
3206
2861
2642
1938
1509
857
370
178
112
169
206
439
371
429
-173
-625
-810
-1208
-1434
-1159
-1020
-1068
-985
-1504
-1576
-1520
-1550
-1248
-1209
-1212
-1687
-1860
-2317
-2566
-2917
-3169
-2850
-2761
-2415
-1973
-1606
-1458
-1267
-1470
-1809
-1781
-1478
-1463
-1121
-1322
-954
-529
-616
-473
-310
-174
-227
202
401
379
435
152
225
301
759
908
1157
1321
1603
1738
2011
2065
1840
1915
1941
2662
3201
3584
4094
4690
4729
5185
5734
6410
6696
6683
6851
6615
6406
6008
6200
6391
6569
6826
7056
7106
7078
7118
6770
6411
5827
5866
5326
5352
5364
4776
4368
4259
3642
3362
3266
2948
2972
2955
2913
2600
2635
2116
1839
1360
1016
587
85
-301
-872
-917
-913
-1542
-2017
-2445
-2699
-2719
-2917
-3195
-3741
-3548
-3321
-3470
-3736
-3533
-3181
-3016
-3034
-2392
-2218
-1888
-1676
-1604
-1195
-1474
-1514
-1828
-1756
-1455
-1725
-2317
-2443
-2271
-2226
-1985
-2049
-2407
-2492
-2269
-1976
-1361
-863
-447
40
698
971
1464
2216
2334
2642
3172
3778
3924
4351
5032
5344
5487
6279
7242
7766
7845
7989
7852
7257
7220
6770
6065
5739
5518
4887
4421
3700
2799
1455
204
-796
-2083
-3428
-4789
-5659
-6125
-6301
-6414
-7102
-7557
-7586
-8083
-8581
-8533
-8553
-8491
-8628
-7859
-7456
-7686
-7477
-6414
-4882
-3775
-2919
-2220
-2343
-1977
84
1048
316
-353
-299
-1184
-1247
-443
-1279
-2979
-3408
-3379
-3738
-4006
-4277
-5432
-6654
-6542
-6210
-6709
-6633
-6318
-6582
-6096
-5140
-4912
-5214
-5019
-3730
-2507
-1399
-504
-430
56
1039
2059
3145
3251
3393
3732
4614
5480
6249
6595
5934
5464
4959
5082
4317
3055
1815
1325
722
720
384
-686
-2412
-3411
-3969
-4220
-4730
-5485
-6939
-7889
-7391
-6954
-6169
-6196
-6214
-6328
-5747
-4832
-4686
-4896
-5388
-5569
-5723
-5326
-5640
-6170
-7210
-7178
-6984
-6880
-6716
-7028
-6873
-6727
-5171
-4676
-4019
-3937
-3899
-3891
-2733
-418
655
1291
2126
2279
3258
5611
7756
8358
8540
9954
10544
10703
12130
12572
11929
11366
11463
10786
9825
9389
8363
6561
5421
4849
3438
1958
981
-11
-1234
-1680
-2205
-3711
-4923
-5361
-5328
-5229
-5161
-6001
-6593
-6064
-5276
-4213
-3557
-3431
-3157
-2273
-902
207
614
815
1174
1339
2255
3027
3204
3126
2402
1907
1693
1056
378
-728
-1741
-2763
-3173
-3437
-4772
-6022
-6703
-6444
-6235
-5543
-5581
-5728
-5651
-4697
-4369
-4246
-3604
-2763
-2028
-1244
-76
159
814
850
1105
1625
2530
3328
3471
3213
3474
3888
2975
3378
2774
1596
1128
1313
899
227
358
-500
-933
-1063
-792
-1737
-2004
-1847
-1719
-1272
-335
265
413
528
1349
2568
3687
4927
5167
5304
5677
6482
6437
6887
6774
6833
7681
8372
8684
8326
8438
8629
9011
9732
9547
7503
6290
6596
6617
6883
6747
5460
3265
3007
3816
3355
2420
1695
231
-551
774
1457
821
-128
21
12
55
990
1194
209
85
1105
1331
769
732
590
777
1399
2355
2649
2002
2322
3349
4053
4029
3723
2671
1819
2283
2947
2559
1596
672
-158
-100
653
330
-1205
-2743
-3755
-4187
-4569
-4950
-6207
-7623
-8424
-8815
-9698
-10730
-11827
-12876
-13812
-14339
-14832
-15575
-16090
-16856
-16938
-16633
-15578
-15489
-14609
-13208
-11617
-9331
-7374
-6351
-6173
-3987
-1147
1523
3459
4174
3395
3502
7065
9659
10914
11542
11686
10690
12054
15489
16093
14116
12765
10848
9199
10312
10469
7874
4174
2823
1571
10
-551
-1396
-3870
-6158
-6278
-6803
-7738
-8005
-8143
-8404
-7400
-6220
-6086
-5915
-5404
-3816
-2197
-290
556
472
926
2366
3814
5095
5494
4769
4442
4742
6654
7200
7154
6204
4801
4425
4749
5175
4540
3707
2152
1369
1342
2405
2054
348
-942
-1334
-860
-1174
-2102
-3909
-5059
-4326
-2396
-2073
-4018
-5165
-4475
-3206
-1119
-32
-1359
-3479
-3403
-1834
-484
-283
-1581
-3298
-4168
-2997
-2118
-2117
-4432
-6628
-6995
-5508
-4006
-4574
-6045
-8058
-7824
-6326
-5394
-6017
-7671
-7845
-7052
-5703
-4448
-4067
-4689
-5517
-4572
-1205
-153
453
647
661
-551
2007
6592
6080
3736
4481
5809
4587
7179
9653
7344
3738
4729
6247
4688
4593
4529
2000
-879
1093
2216
150
-1134
-805
-1089
-1183
577
366
-583
-551
1369
2826
3476
4042
4173
4088
5373
7254
8054
8607
8495
8999
9616
11092
11704
11300
9966
9767
10004
10247
10244
9154
8111
6782
6709
6072
4364
2492
2049
1748
1438
-601
-2064
-4076
-4977
-3776
-3403
-4867
-7452
-7829
-8228
-7587
-6182
-6085
-8047
-9027
-7614
-6314
-5699
-6166
-6353
-6936
-6272
-4471
-3876
-4692
-5004
-4569
-3400
-2385
-2418
-3486
-4120
-3722
-2982
-2696
-3218
-5458
-5633
-5021
-4165
-2647
-2120
-3276
-4405
-3762
-2331
520
2415
1647
-203
-257
1353
3658
6245
7149
6490
5682
7041
8871
11255
12740
12164
9877
9486
11097
11878
11866
10954
9712
7374
6675
6525
5391
3966
2477
1465
335
585
1024
373
250
1501
2166
1791
2106
2216
2102
3010
4134
3658
2775
2903
3279
4429
5446
7107
7385
6449
6059
7691
10156
11563
12413
9813
6858
5748
9727
11003
9157
4711
1074
-909
1714
4754
2111
-2282
-6706
-7487
-6546
-3808
-4989
-9594
-13599
-13418
-11016
-10900
-11777
-14875
-17010
-16776
-13957
-12967
-14136
-16259
-16340
-14609
-11787
-11050
-12850
-15148
-16187
-13758
-10809
-11298
-15512
-18079
-13526
-2398
2271
-7135
-17177
-15865
-5395
9405
19078
7876
-14459
-14064
8392
23024
22705
20230
7098
-6701
3702
27144
30107
14274
4032
1500
1561
11387
21307
9740
-8169
-9051
-1381
-310
-838
-2231
-12048
-19733
-13637
-4809
-7638
-15039
-16167
-12864
-7520
-2080
-2709
-8431
-9115
-1546
6894
9154
6835
3275
2661
8507
17386
21497
17682
10933
8782
13679
22375
25072
19518
11123
9182
13009
16639
17680
13469
6311
1861
5714
7843
5193
932
494
-1389
-1868
-2
-715
-5851
-7651
-2174
-572
-3441
-6927
-7450
-7376
-4821
-1354
-2342
-6723
-9017
-6283
-2927
-1880
-3042
-4716
-6941
-7140
-5076
-3602
-5429
-8569
-9529
-9335
-9636
-10585
-11101
-12557
-13759
-13218
-7286
-5069
-9997
-16999
-13439
-7752
-679
4825
1698
-10861
-12088
4139
13680
12678
9896
7836
-254
5389
22761
29451
17456
9282
9647
10311
16618
23149
18476
4731
1287
6061
7432
6798
4821
-1948
-10190
-8396
-4007
-5398
-11206
-13551
-12190
-9355
-6948
-8507
-11255
-11539
-6538
-1405
-158
-2077
-4500
-3558
2189
10055
13882
11456
7069
6556
11713
18517
22479
20485
16058
13344
13641
16848
20092
21109
17482
12393
6860
7490
11401
12829
9668
5630
493
-3964
-1570
1298
-58
-5182
-8479
-12208
-13969
-11235
-8885
-12277
-18236
-18793
-18421
-18757
-18879
-17644
-19342
-20802
-19352
-18421
-20845
-22198
-20950
-19209
-18723
-20167
-22842
-24397
-24026
-20630
-18978
-11974
-7947
-13698
-25284
-20790
-8838
1972
11615
7111
-14176
-22584
3486
23395
23365
16636
10878
-3138
-1052
20647
32767
20785
7987
5926
5236
12612
23857
21046
3411
-3355
2334
4438
3959
3711
-745
-9373
-9477
-4247
-3822
-8529
-10613
-8463
-5829
-3053
-4835
-8395
-8790
-2260
4944
6871
3918
-826
-268
6067
14961
17480
13034
7540
4308
9329
18017
21459
14416
7882
6214
9097
13395
16304
13560
4936
424
1747
6296
5888
2209
-3022
-5472
-5101
-2815
-1625
-5042
-9018
-9418
-5018
-3794
-6201
-9010
-9361
-9189
-7206
-4746
-7135
-11735
-13069
-8839
-6083
-5853
-7675
-9881
-12109
-11050
-7657
-6875
-10393
-13865
-14701
-13330
-13569
-14613
-16291
-13106
-6756
-6598
-15187
-20492
-14977
-6020
6213
7800
-5560
-19877
-9044
9410
17265
16443
12205
-1550
-7373
11777
30719
27075
11835
5647
3190
8899
21606
24284
8737
-2803
684
3782
4124
4996
1133
-9296
-11904
-5372
-3906
-9192
-12931
-10921
-8138
-3690
-3988
-9657
-12623
-5639
4032
9462
8233
-287
-5834
2509
18117
23307
18162
10978
4825
7110
20941
30892
23703
11068
6957
10581
17296
24163
20761
8385
1393
6083
11750
10790
6031
148
-3344
-1870
2268
1510
-4459
-9395
-7875
-2869
-2221
-6869
-12052
-12852
-10096
-4936
-3690
-9672
-16585
-15141
-7959
-3688
-4773
-9133
-13344
-13489
-8558
-3578
-4731
-9592
-11925
-11518
-10718
-10766
-11254
-10192
-4042
-695
-7089
-15599
-14092
-4630
7985
14893
5164
-12567
-13135
5284
19433
22641
18227
5392
-5945
4033
25635
31950
19102
6464
2356
5660
16951
23851
15243
1127
-2441
314
2328
4164
2101
-6846
-13234
-9333
-5148
-8869
-14563
-14130
-10009
-7076
-7250
-10342
-12704
-10215
-2704
3470
3435
-85
-2551
106
8104
16813
18546
13231
7581
8990
16830
23966
24132
18491
12839
12134
15657
19485
20238
15295
8284
4783
6966
9134
7966
3677
-770
-3380
-3117
-2887
-4724
-7798
-9674
-8937
-7938
-8311
-9839
-11531
-12568
-10961
-8256
-8040
-11307
-14322
-13362
-9496
-7311
-7466
-8797
-11199
-12281
-10038
-7576
-7477
-8549
-9640
-12399
-14072
-13660
-12294
-12497
-8785
-2076
-6500
-18041
-20171
-9288
-585
8748
5855
-12778
-23925
-5067
15507
17126
13215
6745
-6437
-6385
18465
32472
21876
7343
3177
1965
11660
25148
20618
3436
-1764
3183
2604
4440
7009
641
-9063
-7868
-2548
-5034
-9609
-10315
-7376
-4258
-3290
-8476
-13557
-11124
-4033
2540
2772
-1318
-6122
-5518
1092
10549
14967
9955
3323
1094
7308
16004
19936
14899
9169
7293
9954
13301
14923
12725
7235
3801
3459
5219
4896
2539
-159
-392
-1754
-3417
-4412
-5567
-6643
-4767
-3632
-6952
-10774
-11685
-9585
-8214
-6612
-6895
-10668
-13247
-11231
-7523
-6699
-7733
-9025
-10141
-9955
-8642
-8421
-9633
-9935
-10085
-11196
-13680
-15110
-14668
-14818
-14721
-10954
-5760
-9537
-17403
-19730
-11219
-896
7734
4566
-9628
-16149
-1708
16879
20543
16740
9580
972
2692
20281
32552
26634
12740
6386
7902
16257
25059
20995
7576
310
3104
4563
4677
4037
-1838
-10577
-11712
-7173
-7911
-12467
-14716
-13310
-10769
-9388
-11057
-14324
-12807
-6408
-24
1716
-185
-2749
-2197
5184
14348
18185
14858
10353
9237
13408
20669
24705
21415
15752
13722
14615
16434
18327
17170
11510
6146
5353
6060
5476
3217
848
-1730
-4028
-5214
-6057
-7350
-8156
-6807
-6138
-8133
-11182
-12372
-11087
-8346
-6175
-6407
-9204
-11019
-9095
-5259
-2839
-3024
-4743
-6374
-6923
-5876
-4251
-3723
-4924
-8453
-11220
-11454
-10575
-12218
-13903
-14023
-11288
-7915
-9483
-16156
-19640
-12903
-1958
4868
58
-10702
-14226
-3212
10397
16986
14180
6286
-869
3984
21139
32536
27786
15436
9129
11910
21736
28248
22978
10959
5133
6911
8561
9066
6833
-598
-7852
-7404
-4414
-6872
-11419
-13163
-11854
-9189
-8065
-10540
-13292
-11380
-5825
3
1719
-461
-3657
-1359
6731
14472
16723
13996
10427
9950
15590
22644
24989
20759
16161
14309
16088
19204
20417
16354
10278
6338
5625
5659
4368
1397
-2268
-4741
-6671
-8077
-9540
-11403
-12579
-12228
-12022
-13526
-16069
-16660
-14858
-12218
-11498
-12326
-14311
-14591
-11396
-8450
-7301
-8027
-9548
-10521
-9525
-7650
-6538
-6860
-8227
-9615
-10418
-10302
-10552
-13170
-13984
-11434
-6707
-6695
-11949
-18705
-16832
-6577
3917
4241
-6023
-14079
-9734
5097
14225
14163
8212
2340
-331
10871
26332
28964
17696
9058
9796
15262
21922
21692
12781
4014
3839
4361
2477
1768
-678
-7579
-11070
-7442
-8225
-14512
-16584
-12727
-9479
-10020
-11526
-13951
-13314
-8205
-981
2768
1801
-997
-1368
4532
12647
17412
15802
12255
11185
15118
20583
24450
23518
19701
16195
15529
17534
18993
17249
12046
7194
5874
6303
5166
2739
11
-2486
-3971
-5732
-7914
-9546
-10959
-11777
-11437
-10710
-11669
-13042
-13340
-11627
-9267
-9212
-11461
-13458
-12653
-9836
-8296
-7657
-7464
-8151
-9279
-8238
-6107
-6240
-8199
-10036
-11991
-13250
-13688
-14597
-15710
-14611
-9883
-9145
-14043
-20408
-17674
-8852
1459
3252
-4984
-14997
-11450
3137
14601
17799
12135
3416
837
13542
28814
31769
21183
11740
9721
15762
24221
25234
17014
7145
3934
4624
7173
6914
950
-7118
-9602
-7036
-8357
-12400
-14786
-13586
-11579
-11096
-11972
-13843
-13168
-8914
-2045
1978
2379
-579
-1822
3161
12303
18696
17728
13769
12480
16466
22786
26447
25387
21072
17239
16876
19893
21608
19177
13182
7889
5798
6088
6022
3358
-534
-3540
-4702
-6469
-8850
-11104
-12008
-12473
-12346
-12629
-14098
-15630
-16175
-14125
-11247
-10251
-11589
-13530
-13005
-9599
-6644
-6149
-7267
-8451
-9175
-8264
-6019
-5405
-6572
-8360
-9029
-10203
-12612
-12724
-11296
-8239
-5709
-7767
-15242
-18764
-11292
-33
6776
1859
-8608
-13677
-3614
11271
19748
16936
8142
784
5533
21335
32353
28139
15478
9024
12030
20685
25088
21791
11932
4788
3698
5408
6852
4313
-2548
-8293
-8109
-6950
-10546
-15451
-16474
-13439
-10805
-11681
-14873
-16182
-13295
-7121
-1245
-218
-2114
-4060
-1589
5255
13475
16424
13176
8775
9752
16096
22470
24068
20491
16089
14020
15866
18277
18366
15320
10437
6664
5499
6366
5070
1339
-1992
-3492
-4443
-5750
-7526
-9105
-9899
-9144
-8910
-10328
-11829
-12181
-11200
-9826
-7692
-7423
-9450
-11066
-10014
-6931
-4629
-4777
-6944
-8619
-7754
-6400
-6566
-8193
-8965
-9044
-9700
-13093
-15109
-13450
-8154
-3996
-7086
-14884
-19701
-13476
-1773
8233
5150
-6229
-13799
-5339
10434
21586
20615
10694
1498
4763
20150
31678
28885
16479
9464
11614
21001
25904
21642
11957
5042
3753
5238
6688
2817
-5297
-10609
-9105
-8125
-12822
-17220
-18569
-16347
-13918
-12879
-15613
-18367
-16600
-10184
-3654
-2086
-3612
-5963
-2623
5241
12671
14850
12870
10740
11197
16470
22349
24031
20256
16089
14869
17675
19883
19101
15200
10625
8447
8106
7967
5636
2167
-2013
-3971
-4374
-4742
-6753
-9461
-11019
-10674
-10279
-10783
-12298
-13898
-13184
-11461
-10123
-10123
-10946
-11258
-10887
-9400
-7791
-6874
-7658
-8723
-8113
-7245
-7221
-8592
-9731
-10875
-10879
-13212
-14835
-14425
-9213
-5938
-8467
-15752
-18577
-11848
-1633
5321
914
-7583
-10570
-432
11508
18412
15443
8713
4066
9887
23573
31991
27454
16443
11952
16597
24840
26916
21343
12128
7172
7327
8758
8072
1824
-5387
-8421
-7247
-7369
-12164
-16994
-17993
-14978
-12769
-13165
-16558
-16974
-13479
-6910
-2255
-1557
-3815
-4631
1036
8729
14415
13877
11143
10011
13084
19453
23902
23970
19535
16187
16688
19715
20902
18873
13994
9067
6509
6598
6929
4451
784
-3175
-5279
-6049
-6456
-7720
-9500
-11113
-11902
-11855
-12318
-12699
-13341
-12793
-11797
-10855
-10472
-11227
-11380
-10483
-8684
-8119
-8735
-9744
-10057
-9096
-8063
-8505
-10049
-11820
-12594
-12677
-15165
-17006
-16185
-10896
-9269
-12317
-19196
-19248
-11717
-806
3232
-3195
-11492
-10557
2503
14324
18227
12057
5243
3905
14694
27963
32096
23700
14463
13655
20998
28128
26980
19427
10908
8328
9968
11836
8883
840
-5631
-7010
-4828
-6911
-12670
-17217
-16032
-12889
-12325
-14427
-17989
-17567
-13629
-6215
-2993
-4587
-8430
-7352
-115
7686
11954
9987
7355
7176
12671
19245
22775
21004
15944
13305
15518
19548
20233
17727
12045
8697
7828
8143
7216
4359
967
-1924
-3250
-4176
-5259
-7047
-8229
-8761
-8699
-9612
-11221
-12041
-11143
-8953
-7771
-8510
-10104
-10142
-8626
-7010
-5816
-6339
-8058
-9576
-9388
-7479
-6295
-7688
-10382
-11972
-12665
-13399
-13344
-12632
-9715
-9094
-12250
-17674
-16805
-9137
-261
2131
-4064
-10267
-8502
2945
13710
17274
12149
6205
5472
15556
28070
31751
24038
15211
14747
21477
28015
26987
20085
12091
8562
9007
10973
8895
1217
-6042
-7699
-5634
-7304
-12721
-17125
-17186
-14842
-13816
-15441
-18247
-17572
-13626
-8082
-5274
-5247
-7491
-6511
-322
7297
11352
10208
8574
9360
14040
19724
22423
20469
16655
14990
16247
19317
19609
16151
11826
9349
8149
7636
6652
3928
1314
-765
-2389
-4071
-5130
-6510
-7333
-7729
-8534
-10384
-11801
-11625
-10555
-9290
-9313
-10008
-10749
-10455
-9114
-7538
-7260
-8395
-9886
-9925
-9486
-9192
-10156
-11625
-13654
-14725
-16095
-17255
-17153
-16035
-13962
-14788
-17701
-21955
-19101
-12165
-4900
-5441
-10385
-13968
-9243
1120
9955
11584
7072
3645
6748
18679
27872
27744
19407
14846
17796
25245
28029
24600
17505
12477
11673
12667
13446
9028
968
-5104
-5581
-4145
-6753
-11531
-15145
-14513
-13048
-12902
-15602
-17234
-15100
-10896
-7182
-6643
-6932
-6979
-2794
3516
9388
10931
9008
8469
11493
17802
21709
21611
17747
14898
15723
18646
20155
18429
14640
10836
9528
9068
8471
5556
1641
-1074
-2541
-3524
-5483
-7398
-8507
-8480
-8401
-9228
-11319
-12795
-12230
-10615
-9650
-10437
-11523
-11797
-10523
-8659
-7797
-8731
-10319
-10737
-10112
-8832
-9562
-11777
-13662
-13386
-13803
-15649
-16923
-16607
-13802
-13084
-16139
-21031
-18652
-11677
-4920
-4392
-8348
-13187
-9679
1581
11615
12958
7677
3819
6164
17142
27666
29788
21905
15410
16187
24070
29745
28386
20615
13257
11169
12158
13962
11575
5299
-1517
-4620
-4541
-6376
-9490
-12523
-13099
-13220
-13554
-16236
-18090
-16039
-11106
-6738
-6321
-7685
-9002
-4950
2106
9126
10931
8525
6838
8812
14773
20097
22197
18792
15311
14648
17337
19492
18986
15167
10970
9150
8100
7254
4903
1798
-594
-1370
-1735
-3622
-6465
-8497
-8141
-6904
-6512
-7685
-9285
-10139
-9055
-6592
-5383
-5916
-7387
-6984
-5816
-4428
-4222
-5610
-7018
-7496
-6937
-7270
-9448
-12916
-14155
-14650
-14948
-15734
-16663
-15839
-15674
-17243
-21374
-19301
-13859
-7347
-7021
-10848
-15040
-10808
-81
8869
10749
7167
4423
5973
15920
26605
30054
23524
18107
19062
25708
29706
28315
22113
17015
15599
14865
14294
11594
6671
1389
-649
-1174
-5404
-10600
-13197
-11818
-10590
-10633
-14459
-17549
-16457
-11226
-5851
-4791
-6374
-8887
-5857
563
7839
10026
8707
7332
8488
13420
18809
21032
18519
15089
13863
16251
18844
18235
14284
10570
8691
7712
7213
5369
1581
-2057
-3684
-3415
-4080
-5658
-7681
-8849
-8322
-6783
-7251
-8130
-8208
-7219
-5767
-5114
-5152
-5601
-4399
-3197
-2199
-2525
-4063
-5345
-5709
-4950
-5019
-6569
-10529
-13833
-15445
-16444
-16550
-16590
-15783
-17482
-20897
-25104
-23602
-17363
-10347
-9116
-14010
-18836
-16586
-5447
5305
9425
5254
1480
2837
13377
25144
29278
23586
17380
17957
24343
30074
29750
23606
16869
15465
16344
16442
13019
7028
1368
-1231
-1345
-4917
-9887
-13469
-13252
-12254
-12277
-15084
-18556
-17586
-12990
-7723
-6840
-7980
-9642
-6729
-376
5658
8629
7409
6295
7671
13604
18329
19853
17342
14157
13344
15868
18872
18095
14045
8786
6925
7202
7751
4802
473
-3359
-5135
-4914
-5039
-6611
-9163
-10027
-9181
-7792
-7731
-8157
-8400
-6982
-4775
-3497
-3653
-4280
-2948
-1060
892
695
-1006
-2529
-2440
-1348
-1646
-3779
-7652
-10892
-11887
-12372
-14952
-16997
-18238
-16180
-15772
-19078
-25547
-25716
-18894
-9805
-7453
-13593
-20324
-18044
-5643
5759
9961
5894
1482
1618
13159
26545
31662
23918
16283
17119
25462
31536
30097
23558
17145
15280
15725
17042
13551
6655
-280
-1873
-720
-3946
-10104
-14366
-13144
-10851
-10876
-14620
-18563
-17459
-12297
-6548
-4876
-5740
-7875
-5187
1736
9512
12257
10436
9420
10428
15321
20201
22541
19507
15733
15571
17394
18706
17509
13983
9284
7663
6600
5221
1793
-1160
-3638
-5016
-5504
-7102
-8477
-9540
-8937
-8249
-7115
-7068
-7539
-7585
-5542
-2968
-1725
-1572
-1463
-276
696
1436
1062
461
-889
-1792
-2108
-2862
-4826
-7281
-9426
-11592
-13105
-17277
-20768
-22781
-19910
-17743
-20061
-27016
-30869
-25840
-16447
-9077
-11953
-18241
-20561
-10784
1938
10866
9163
4139
1992
10299
24079
31897
28411
19535
17870
23460
31547
31864
26061
17524
13957
14933
16760
14436
6068
-1324
-3948
-1682
-2784
-8279
-14606
-16327
-12677
-10545
-12209
-16903
-17486
-14465
-8196
-4265
-4019
-6485
-5841
521
7757
12914
12248
10706
10115
14454
19745
22560
20695
16395
14700
15098
16870
16296
13917
8845
5655
4413
3867
1814
-1231
-4423
-6837
-7086
-7758
-9075
-10523
-10525
-9983
-8708
-7431
-7525
-7989
-6597
-3858
-1258
244
508
-100
227
2151
3409
3218
2126
384
-684
-1019
-2077
-4222
-6955
-9542
-12075
-14436
-18191
-20818
-21699
-18364
-17680
-20768
-27777
-29158
-22958
-12340
-6956
-11616
-18227
-18272
-7037
5217
12770
9599
4308
2912
13175
25934
32131
26887
19347
18107
24140
30285
29099
22483
14631
12198
12714
13218
9073
1210
-4735
-5771
-4574
-8305
-14568
-19216
-17745
-13792
-12094
-14396
-18434
-17887
-13242
-5771
-2138
-2476
-5399
-3449
3710
12073
16166
14743
12772
13026
18026
22376
24095
21565
18267
16426
16339
16658
14791
11875
8029
5557
2869
542
-2871
-5529
-6817
-7551
-8541
-10958
-12363
-12554
-10966
-9218
-7721
-8112
-8764
-7862
-4933
-1884
-102
575
-42
129
1250
2879
3180
2004
755
-257
-1161
-2758
-4492
-6921
-9136
-11114
-13618
-16333
-20406
-23695
-25130
-21427
-18406
-20220
-27140
-30151
-25064
-13546
-4749
-6164
-14052
-17009
-7542
5838
15703
15260
9435
5031
11937
24212
31958
28845
20739
16510
19544
25486
26160
21136
13169
9219
8630
9757
6361
-1051
-7123
-8458
-6471
-8579
-13846
-19665
-19506
-15331
-11717
-11962
-15390
-16469
-13633
-5725
-49
1545
-841
-387
4768
11934
17435
17574
16158
15089
17954
21249
23508
21802
18223
15334
14637
14756
12950
9988
6178
3661
1239
-693
-3900
-6335
-7876
-8335
-8617
-10303
-11867
-12830
-11413
-9708
-8264
-8134
-7827
-6811
-4896
-2338
-626
224
245
1094
2175
3230
2640
1792
1311
917
-182
-1901
-4126
-6634
-8542
-9913
-11503
-13683
-18258
-22919
-24409
-20349
-15319
-16184
-23060
-29306
-26676
-15864
-4088
-2934
-10819
-17248
-11022
2347
14186
16521
11194
4633
7315
19803
30712
30553
21892
15750
16840
23591
26746
22592
13776
8647
8120
8923
6530
-800
-7962
-10431
-8074
-8584
-14122
-20675
-22123
-18033
-12828
-11189
-14719
-17640
-15670
-7820
-423
2309
746
-537
3270
10458
17406
19251
17854
15470
16369
20487
23649
22840
18359
15198
14220
14993
13541
10192
6114
3412
1108
-485
-2690
-5824
-8387
-9782
-9272
-9792
-10615
-11864
-11855
-10305
-8121
-6728
-6030
-5076
-3926
-1880
315
1805
2365
3250
4034
4697
4989
4597
3634
2277
973
-432
-1950
-4421
-7813
-10281
-11978
-13537
-17126
-21565
-24102
-21602
-16345
-15481
-20788
-26826
-25797
-17254
-5579
-2079
-8404
-15232
-11003
1170
13002
17174
12909
6529
7949
19487
30182
31552
24085
17209
16539
22439
25649
22060
13744
8281
7016
7115
5046
-2141
-9115
-12092
-9706
-9472
-13634
-19943
-22278
-18542
-13046
-9974
-12439
-14967
-13628
-6085
2034
6278
5744
4744
8069
14526
21214
22630
21375
19471
20568
23511
25428
24264
20026
17312
16782
17077
14631
10307
5351
2318
957
-302
-3153
-7381
-10415
-11914
-11094
-10522
-11140
-13010
-13614
-12422
-10171
-7459
-6072
-5685
-5320
-3218
-674
1399
2314
2623
3113
3360
3801
3320
2416
824
-137
-1425
-3055
-5247
-8640
-11566
-13420
-14530
-16815
-20658
-24250
-24896
-20221
-15590
-16992
-23459
-26980
-22086
-10362
-123
-1188
-8574
-11100
-2549
9464
19312
20410
14879
9351
14286
25325
31925
29289
21684
17180
18547
23378
22821
16941
9734
6232
4838
3923
40
-6618
-11462
-11363
-9645
-11996
-17461
-21942
-20970
-15693
-10820
-10588
-13727
-14495
-9952
-1573
4446
6045
4731
5362
10005
16497
20756
20992
19246
17937
19652
21941
22455
19567
16087
14321
14120
12732
8821
3961
581
-574
-1323
-3045
-7193
-11066
-13089
-12148
-10760
-10626
-12479
-14070
-13370
-10907
-7841
-6032
-5357
-5519
-4007
-1376
919
1839
2091
2611
2913
3083
2268
1066
-244
-1019
-1626
-3039
-6081
-10204
-12960
-14279
-14816
-16753
-20945
-24934
-24379
-19193
-15788
-17990
-23970
-25956
-20243
-8455
-1092
-3341
-9301
-9205
-909
10218
18009
17705
12523
10716
17669
27113
31290
27258
20561
17615
20291
23001
20654
14087
7788
4890
4553
2783
-3157
-10413
-14280
-13339
-12154
-14726
-20385
-23797
-21686
-16460
-12428
-12830
-14793
-14269
-8399
-939
4035
4999
4606
6516
11725
17991
20973
20671
19130
19539
21454
23196
22287
18996
15732
14320
13855
11913
7635
2707
-435
-1707
-2727
-5174
-8817
-11633
-12828
-12467
-11753
-11777
-12486
-12620
-11271
-9365
-7240
-5792
-4442
-3040
-935
873
2027
2550
3519
5260
5881
5243
3332
1610
519
186
-496
-2545
-6219
-9905
-12540
-14034
-14581
-16822
-21279
-25281
-24278
-18916
-15410
-17313
-23039
-25083
-19020
-6815
1114
-772
-7138
-7420
1302
12854
20650
20315
14488
11639
17955
28091
32391
28140
21027
17274
19341
22567
20804
13458
6637
3858
3638
2167
-3274
-10886
-15156
-13691
-11390
-13376
-18639
-21898
-20193
-14886
-9662
-8920
-10898
-10879
-5756
2360
8322
10367
9363
10511
15007
21205
24572
24579
22929
22263
23306
24260
23625
20238
16768
14416
13366
11190
7097
2027
-1726
-3136
-4207
-5993
-9574
-12612
-14320
-13500
-12149
-11495
-11768
-12391
-11707
-9473
-6005
-3503
-1808
-1037
254
1877
3667
4509
5318
6169
6297
5347
3078
1671
673
94
-1359
-4485
-8727
-12480
-14850
-15796
-16923
-20340
-24718
-26711
-23222
-18649
-18183
-22308
-25278
-22495
-13039
-3496
-1326
-5596
-7511
-1979
8211
17621
20588
16922
13375
17405
25749
31246
29754
24110
19688
20304
22738
21457
16216
9762
5501
3760
2829
-1469
-9163
-15098
-15940
-13702
-13851
-17716
-22715
-23269
-19212
-13902
-11112
-11231
-11373
-8593
-2012
4430
8017
8945
10154
13355
18581
22673
23548
22448
21867
22825
23550
23086
20587
16977
14178
12694
11051
7878
3630
-896
-3841
-5072
-6177
-8997
-12195
-13984
-14128
-13358
-12842
-12585
-12526
-11167
-8958
-6657
-4736
-2965
-1192
688
2407
3674
4579
4862
5392
5991
5725
3850
1525
1
-911
-2230
-4733
-8443
-11834
-14508
-16286
-18228
-20741
-24271
-27053
-26376
-22138
-19275
-20595
-24094
-24706
-18658
-8346
-813
-1193
-5055
-4509
3045
13459
20983
21267
17199
15567
20944
28416
31684
28446
23132
20038
20693
20767
17961
12209
6612
3381
1948
-423
-6424
-13572
-17489
-16206
-14167
-15933
-20677
-23871
-21869
-16601
-11767
-10201
-10603
-9631
-5080
1699
7381
10088
10644
12307
16238
21330
24058
23830
22572
22282
23195
23457
21979
18676
15034
12513
11226
9017
5186
450
-4124
-6475
-7291
-8318
-11641
-14656
-16338
-15878
-14301
-12913
-12666
-12503
-10723
-7882
-4967
-2595
-785
501
2364
4602
6570
7594
7731
7665
7579
6723
5040
2789
531
-1091
-3090
-6249
-9536
-12589
-15157
-17528
-19931
-23078
-25815
-26017
-22884
-20063
-20160
-23063
-24514
-20024
-10756
-2693
-1394
-3748
-3627
2790
11935
19618
21211
18508
16876
21360
28546
31901
28920
23700
21095
22157
23049
20087
13437
6845
3618
2794
1354
-3531
-11268
-17240
-17618
-15314
-15399
-19213
-22812
-22702
-18801
-14094
-11618
-11061
-9550
-5704
196
5365
8289
9811
12298
16683
21543
24059
23750
22579
22475
24070
24977
23524
19471
15088
12413
11262
9475
5716
1013
-3193
-5929
-7357
-8649
-11272
-13993
-15239
-14461
-13242
-12628
-12653
-12315
-10061
-6435
-3415
-2269
-1455
358
3470
6195
7694
7656
7111
7221
7866
7641
5599
2937
524
-1359
-3299
-6353
-10225
-13816
-16280
-18001
-19920
-23269
-27250
-29399
-27383
-22891
-20594
-22325
-25102
-23587
-16661
-6818
-1728
-2280
-3906
-400
7298
16088
21060
20748
18001
19293
25468
31179
31425
26927
22386
21307
22705
21794
16923
9732
4465
2508
1937
-994
-7488
-14536
-18104
-17259
-15474
-16517
-20172
-22182
-20251
-15861
-12274
-10329
-8773
-6217
-1278
3870
7680
9477
11428
14754
19439
23063
23865
22526
21269
22186
23548
23619
20596
15967
11800
9919
9020
6630
2452
-2545
-6344
-8468
-9526
-11334
-13637
-15584
-15986
-15201
-14066
-13431
-13027
-11635
-8821
-5657
-3058
-1864
-823
1320
4011
6019
6676
6661
6332
6441
6458
5428
3246
947
-913
-2695
-5251
-8596
-12046
-15001
-17018
-18652
-21559
-24603
-26030
-24003
-21458
-20511
-22080
-23168
-20463
-13447
-5904
-3164
-3876
-3541
1428
9082
16892
19953
18384
16485
20070
26711
31084
29619
24666
20947
20535
21870
20889
16311
9311
3811
1588
991
-1899
-7722
-13254
-16276
-16374
-16197
-17475
-19925
-20202
-17806
-14133
-11928
-10714
-8545
-4472
1412
6161
9037
9787
11476
15042
20340
24246
24960
22922
20627
20827
22109
22578
20219
16094
11543
8079
5931
3929
922
-3212
-6462
-9008
-10897
-13200
-14761
-15479
-14840
-13584
-12738
-12619
-12081
-10004
-6746
-2390
741
2029
2382
3995
6504
9251
10737
10611
9640
8701
8296
7201
5311
2680
399
-2177
-5423
-9467
-13182
-16244
-18085
-19591
-22510
-26480
-29783
-30068
-26015
-21106
-20078
-23303
-25231
-21234
-11011
-1276
1020
-2325
-2738
3488
13031
21584
23672
19672
16277
20631
28330
32419
29150
22546
18049
18459
19994
18391
12426
4439
-757
-1282
-1024
-5436
-13180
-18817
-19524
-17125
-16528
-19118
-22295
-21923
-17819
-12257
-9215
-8711
-7568
-3182
3608
9284
11955
11733
12574
16365
21956
25512
25355
22338
19786
20025
21477
21392
18149
13313
8686
6114
4852
2921
-619
-4658
-8050
-9874
-11158
-12621
-14323
-14728
-13782
-12280
-11102
-10539
-9775
-7755
-4216
-248
2318
3211
3720
5269
7804
9863
10480
9684
8247
6965
5927
4367
2115
-361
-2888
-5678
-9172
-13147
-16625
-18690
-19766
-21180
-24607
-28901
-31392
-29286
-23779
-19979
-20619
-24077
-24253
-17852
-6812
418
601
-2006
-538
6096
15964
22953
22879
18445
17674
22851
29340
30868
26245
19850
17061
17816
17747
14192
7696
779
-3060
-3070
-3820
-9094
-16176
-20003
-18848
-16412
-16683
-19185
-20774
-18860
-14027
-9396
-7284
-6250
-4126
816
6872
11506
12825
12724
14291
18621
23125
24905
23239
20268
18561
18716
19373
18164
14250
9211
4977
2587
867
-1452
-4732
-8506
-11175
-12972
-14314
-15629
-16019
-15416
-13976
-12352
-11102
-10237
-8556
-5417
-1480
2191
4177
5096
5917
7801
10216
12117
12196
11090
9754
8391
6682
4828
3122
822
-1993
-5444
-8989
-12303
-14483
-16340
-18130
-19913
-22673
-25588
-27826
-28476
-27203
-21568
-16075
-15078
-18263
-19558
-15523
-5161
6334
9908
5765
3108
7364
15060
23541
27268
23744
17602
17925
23779
28177
26036
19318
13496
12963
14320
11662
5594
-222
-3277
-4544
-5012
-8017
-13913
-18285
-17834
-14038
-12457
-14274
-16932
-16116
-11441
-5341
-1715
-820
-18
2997
8524
13645
16438
15991
16176
18528
21928
23685
22548
19345
16510
16266
16750
15503
11162
5912
2064
1029
563
-1443
-5038
-9351
-11933
-12127
-10949
-10955
-11972
-13011
-12255
-9573
-6449
-4591
-3495
-1878
536
3877
6505
7253
7336
8744
10731
12008
11583
9615
7036
5510
5082
4313
2041
-2265
-6789
-9331
-10267
-11846
-14830
-18535
-21437
-22826
-23422
-24667
-26240
-26783
-25185
-20250
-15595
-14823
-17157
-16759
-10847
-635
7768
8620
4826
4519
9830
17214
23497
24909
20465
16113
17892
22384
24212
20748
14956
10698
10215
9909
6612
1303
-3041
-5534
-6891
-8155
-11166
-15654
-18610
-17476
-14222
-13206
-14827
-15967
-13555
-8761
-3342
-257
799
2148
5688
10515
14125
16337
16674
17339
19141
21380
21502
19546
16501
14931
14600
13712
10635
5955
1891
-227
-405
-1614
-4648
-8558
-11091
-12092
-11300
-10387
-10869
-12391
-12528
-10884
-8364
-5757
-3793
-2719
-1123
1075
3224
5030
6607
7606
7996
8362
8342
7741
6589
5273
3994
2642
168
-3401
-6819
-9154
-10682
-12003
-14550
-17847
-20417
-21444
-21781
-21853
-22294
-23144
-23967
-23180
-20397
-14790
-10160
-8673
-10218
-9430
-4576
4390
11804
12292
8465
7780
12155
17718
22607
22617
17931
13002
14487
17811
19189
15684
10031
5435
5626
6163
2959
-2493
-6702
-8472
-9087
-9022
-11259
-15265
-18052
-16761
-13668
-12085
-12573
-13127
-10866
-6352
-1431
780
1741
3017
6516
10725
14145
15437
14447
13987
15040
17695
18681
17238
13982
11629
10917
10598
9325
6436
3410
1070
-169
-1436
-2690
-4490
-6053
-6703
-6073
-6062
-6984
-7545
-6872
-4527
-1972
-438
-575
-332
882
3354
6145
7571
6789
5740
5430
5896
6454
5771
3667
813
-1443
-3256
-4951
-6830
-9129
-11520
-13417
-15410
-17654
-19107
-19695
-19663
-20120
-20902
-21897
-21428
-19098
-14379
-10583
-9397
-10110
-8670
-3853
3368
9221
9943
8284
8827
13188
17825
21380
21255
18505
16218
18109
20522
20475
17110
12983
10295
10093
9466
6253
1783
-1851
-3950
-5219
-5967
-8149
-11326
-13519
-13062
-11054
-10241
-10324
-10164
-7603
-4407
-880
1317
2992
5254
8703
12257
13890
14774
15167
16203
17206
18407
18262
16754
14370
12608
11937
10940
9181
6214
3599
966
-531
-2249
-3772
-5348
-6352
-7018
-7689
-8046
-8866
-8713
-7502
-5258
-3557
-2445
-1968
-1437
-89
2286
4629
5433
5657
5387
5102
5123
5428
5246
4160
2472
222
-2473
-4714
-6470
-8028
-9618
-11525
-14307
-17001
-18882
-19351
-18965
-18979
-19743
-20795
-20871
-19800
-16132
-11757
-9234
-9308
-9074
-6135
-790
5626
8397
7616
7344
10594
13762
17075
18326
17034
14709
15419
17486
17514
15308
11658
8476
7688
7960
5570
1291
-2723
-5068
-6264
-6381
-7856
-10991
-13548
-13818
-12330
-11141
-10552
-10245
-8536
-6029
-2703
-419
1279
3553
7120
10916
12776
13694
13811
14670
16414
18197
18130
16485
14416
12517
11569
11221
10079
7130
4171
1754
109
-1479
-3278
-5521
-7258
-7640
-8018
-8971
-10230
-10625
-10088
-8014
-5866
-5094
-5117
-5095
-3677
-993
1922
3094
3075
2562
2488
2979
3631
3776
2753
1269
-701
-2803
-4795
-6494
-7891
-9293
-11075
-13521
-15745
-17286
-18016
-18364
-18276
-18557
-19733
-20320
-18524
-14317
-10827
-9616
-9998
-8439
-4611
1447
6092
7586
7070
8087
10988
14643
17359
17753
15916
14565
16248
18054
17549
14492
10787
8141
7663
6942
4041
-195
-3882
-6209
-7034
-7354
-9259
-12335
-14001
-13622
-11853
-10537
-10084
-9486
-7135
-4036
-1306
850
2937
5529
9181
12464
13970
14236
14278
15335
17374
19182
18818
16428
13790
12256
11956
11791
9943
6450
2999
870
5
-1136
-3482
-5909
-7154
-7267
-7343
-7919
-8901
-9390
-8348
-5913
-3711
-2876
-3074
-2690
-456
2812
4843
4820
4306
4112
4971
6024
5855
4308
2410
955
-188
-1747
-4259
-7275
-9418
-10590
-11430
-13120
-16001
-18613
-19666
-19061
-18105
-18030
-19602
-20248
-17136
-12104
-9032
-8933
-9025
-6993
-1070
5890
9070
8304
8040
10739
15043
19636
21191
18527
15390
16477
19489
20929
18763
14229
9917
8924
9161
7486
3375
-1167
-4254
-5296
-5316
-6897
-10223
-13192
-13371
-11408
-9405
-9337
-10034
-8838
-5397
-1602
942
2288
3635
6611
10313
13382
14737
14674
14339
15530
17582
18670
17748
15249
13023
11909
11518
10037
7296
4141
1649
186
-989
-2779
-5294
-7038
-7542
-7628
-7979
-8551
-9106
-8507
-6657
-4579
-3185
-2608
-1959
-703
1801
4125
5281
5348
4995
4894
5406
6126
5478
3647
1758
450
-1124
-3050
-5623
-8352
-10149
-11520
-13106
-15246
-17392
-19150
-19822
-19695
-19535
-19888
-19329
-16876
-14101
-12298
-11352
-10110
-7195
-1393
3643
5173
4806
6454
9201
12636
16356
17648
15897
14670
15952
17528
17904
16333
12751
9744
9065
8023
4974
1322
-1707
-3963
-4952
-5464
-7419
-10529
-12949
-12965
-11468
-10154
-9910
-9486
-8228
-5617
-2661
-387
1701
3976
6961
9731
11912
13179
13779
14426
15610
17018
17218
15872
13756
12298
11254
10408
8652
6002
3237
1137
-622
-2387
-4276
-6225
-7359
-8008
-8523
-9192
-9769
-10090
-8889
-6738
-5076
-4253
-3439
-2272
-431
2041
3933
4509
4591
4707
4840
4702
4372
3969
3109
1700
-99
-2542
-5103
-7089
-8605
-9802
-11425
-14280
-17416
-19213
-19762
-19678
-20157
-21341
-22469
-20857
-17115
-14441
-13025
-12228
-10606
-6943
-790
3184
4145
4828
7834
10888
14588
17444
17369
15797
16330
18756
19967
19276
16362
12803
11132
11436
10061
6552
2316
-934
-2806
-3529
-4427
-6657
-9410
-11168
-11063
-10092
-9280
-9257
-8629
-6696
-3745
-1551
-210
1249
3609
7093
9921
11911
12302
12613
13324
14778
16216
16609
15217
12841
11286
10522
9800
7803
5303
2619
966
-262
-1693
-3898
-5957
-6823
-6968
-6646
-7027
-7797
-8335
-7585
-5488
-3318
-2164
-1886
-1756
-394
2407
4794
5679
5449
5026
4840
4915
4849
4069
2855
1325
-534
-2762
-5192
-7871
-9910
-11190
-12725
-14720
-17031
-19329
-20716
-20547
-19864
-19646
-18745
-16822
-15631
-14798
-13292
-10542
-5898
-99
3309
3562
3885
6624
10837
15603
19122
18939
16485
15868
17528
19467
20002
17750
13835
11165
10048
8446
5888
3094
172
-2517
-4330
-6167
-8677
-10852
-11743
-11615
-10980
-10743
-11220
-10746
-8599
-5197
-2419
-583
770
2647
5643
9097
11688
12800
13264
14016
15204
16384
16580
15546
14148
12677
11565
10582
8515
5589
2877
1217
-318
-1708
-3749
-6376
-8026
-8407
-8331
-8086
-8367
-9211
-9176
-7616
-5411
-3616
-2120
-1400
-453
1051
2747
4119
5052
5586
5326
4776
4008
3124
2201
1138
-361
-2428
-4613
-7267
-9538
-11281
-12367
-13787
-15793
-17987
-19721
-20611
-20887
-20632
-19919
-17892
-15946
-14948
-14751
-13485
-10024
-4521
765
2956
3055
3844
6659
10670
15595
18306
17612
15579
16092
17923
18931
17789
15318
12852
11293
9850
7471
4205
823
-1304
-2588
-3577
-5797
-9009
-11551
-11288
-9673
-8687
-8536
-8934
-8758
-6705
-3145
-392
1353
2704
4474
6870
9652
11394
12059
12785
13539
14340
14570
14204
12645
11325
10330
9324
7943
5817
3016
486
-742
-2279
-3820
-5471
-7315
-8796
-9040
-8930
-8982
-8709
-8232
-7651
-6521
-4890
-3404
-1694
-33
1382
2629
3683
4339
5041
5564
5524
4917
4074
2814
1667
446
-1115
-3095
-5025
-7229
-9435
-11086
-12425
-13808
-15409
-16887
-18425
-19331
-19569
-18201
-16066
-14247
-13882
-13597
-12482
-9038
-3719
761
2512
3179
4978
7625
11169
14364
15844
15218
15352
16686
17736
17322
15498
13038
11284
10687
8988
5959
2307
-595
-2739
-3426
-4013
-6244
-9410
-11653
-11723
-10793
-9862
-9514
-9190
-8284
-6342
-4029
-1900
-254
1896
4599
7138
9136
10196
11132
12568
14343
15443
15593
14700
13140
12004
11762
11427
9717
7113
4113
2142
1006
-148
-1927
-3881
-5686
-6770
-7010
-6918
-7140
-7405
-7118
-6045
-4704
-3852
-2849
-1536
358
2377
3990
4640
4744
5053
5676
6274
6226
5358
3935
2740
1874
687
-1166
-3403
-5614
-7495
-9312
-10685
-12086
-13575
-15064
-16216
-17204
-17920
-17702
-16173
-14277
-12770
-12221
-11806
-10188
-6526
-2306
865
2393
3581
5279
7865
10823
12932
13580
13276
13737
14767
15180
14248
12175
10096
8926
8121
6542
3714
600
-1958
-3769
-4525
-5089
-6781
-8815
-9976
-9846
-9086
-8073
-7282
-6278
-4771
-2715
-899
586
2459
4697
7217
9216
10327
10813
11318
12293
13657
14380
14111
12765
11024
9465
8925
8395
6929
4458
1734
-678
-2074
-3094
-4229
-5665
-6912
-7743
-8278
-8057
-7927
-7558
-6976
-5911
-4802
-3868
-3112
-1933
-377
1244
2579
3380
3803
3870
3965
3975
4025
3466
2159
336
-1424
-2992
-4293
-5633
-7378
-9439
-11405
-13250
-14414
-14862
-15358
-16222
-17138
-17514
-17457
-15910
-13708
-12372
-12212
-11195
-9386
-6202
-2148
560
847
1552
3879
6623
9414
11245
11324
10564
11271
12814
13325
12511
10815
8719
7651
7394
6495
4472
1832
-465
-1897
-2410
-3067
-4470
-6101
-6631
-6282
-5739
-5516
-5250
-4541
-2896
-828
774
1945
2893
4293
6160
8374
9473
9720
9695
9632
10420
11424
11644
10605
8746
6987
6034
5665
4725
2786
658
-1191
-2735
-3642
-4825
-5786
-6234
-6436
-6701
-6818
-6381
-6197
-5392
-4075
-2651
-1622
-630
316
1492
3059
4323
5221
5321
5326
5317
5273
5109
4808
4037
2524
714
-1045
-2815
-4439
-5808
-7303
-8803
-10488
-12093
-13406
-14192
-14301
-14323
-14357
-14514
-13619
-11847
-10296
-9626
-8573
-7227
-4577
-759
1497
1884
2480
4606
6629
9075
10879
10739
9266
9879
10992
11188
10410
8748
6726
5799
5816
4829
3322
1544
-158
-1290
-1292
-1521
-2722
-3889
-4125
-3303
-2323
-1729
-1753
-896
676
2688
4037
5172
5825
7286
9226
10748
11311
11439
11344
11561
12129
12045
11245
10315
9204
7981
7118
5664
3875
2210
1147
-41
-799
-2283
-4143
-5256
-5337
-5202
-4969
-5116
-5643
-5607
-4496
-2908
-1729
-904
-567
-30
944
1962
2510
2977
3053
2868
2516
1781
772
-113
-772
-1600
-2869
-4785
-6912
-8757
-9876
-10557
-11155
-12223
-13395
-14315
-14571
-14260
-13358
-12893
-11379
-9553
-8384
-7915
-7140
-5591
-2816
785
2922
3215
3610
5335
7300
9914
11759
11698
10576
10860
11729
11932
11550
10288
8557
7662
7145
5819
4200
2434
902
-149
-358
-1077
-2660
-3775
-4110
-3685
-3049
-2265
-2248
-2089
-1467
-67
1259
2671
3763
4541
5578
6762
7536
7443
7739
7995
8196
8399
7918
6683
5447
4712
3955
3244
2003
-183
-2258
-3322
-3861
-4210
-5061
-6534
-7559
-7550
-6867
-6212
-5860
-5974
-5651
-4540
-3292
-2115
-1352
-913
-378
622
1580
2118
1893
1334
1188
976
351
-525
-1776
-2980
-3908
-4841
-6166
-7645
-9131
-9813
-10123
-10502
-11432
-12273
-12810
-12228
-10344
-8907
-8745
-8912
-8401
-6994
-4103
-1448
-220
-16
1369
2948
4735
6514
7215
6795
7399
8656
9388
8958
7657
6221
5316
5280
4514
3102
1229
-590
-1882
-2143
-2344
-3612
-4576
-5073
-4849
-4278
-3750
-3807
-3402
-2188
-560
913
1703
1922
2327
4149
5829
7283
7590
7168
6756
7301
8091
8439
8118
7109
5940
5214
4735
3798
2804
1789
927
158
-714
-2043
-3145
-3773
-3752
-3522
-3683
-4396
-5063
-4956
-4029
-3009
-2295
-1857
-1648
-1051
-186
1035
1537
1527
1351
1391
1727
1664
1034
-320
-1682
-2621
-3036
-3514
-4680
-6019
-7580
-8585
-9103
-9203
-9647
-10132
-9995
-9771
-9638
-9391
-8712
-7928
-6224
-4501
-3152
-2662
-1907
-831
1032
3102
4645
5006
4969
5504
6213
7201
7721
7491
6653
5913
5275
4904
4508
3713
2535
1687
1320
697
-15
-640
-952
-1140
-817
-496
-115
302
949
1892
3025
3956
4632
5204
5934
6988
7849
8314
8376
8315
8481
8792
8883
8461
7702
6924
6312
5762
5073
4462
3555
2522
1813
1378
444
-646
-1390
-1944
-2207
-2453
-2845
-3523
-3915
-3592
-3100
-2685
-2352
-2259
-1934
-1288
-632
-84
81
166
552
641
508
159
-452
-1006
-1572
-2210
-3154
-4276
-5067
-5553
-5929
-6196
-6756
-7068
-7235
-7065
-6659
-6117
-5690
-5402
-4370
-3576
-2933
-2318
-1589
-1030
141
1399
1891
2006
2405
3223
4016
4949
5335
4923
4382
4374
4412
4483
4255
3215
2248
1759
1658
1430
957
105
-577
-761
-173
62
147
44
456
1236
1992
2493
2585
2928
3560
4672
5196
5458
5267
5403
5669
5860
5740
5280
4330
3557
3009
2472
2013
1187
322
-469
-1005
-1586
-1910
-2323
-2695
-2852
-3071
-3402
-3716
-3805
-3699
-3436
-3102
-2982
-3038
-2720
-2347
-1963
-1636
-1281
-1329
-1458
-1614
-1471
-1234
-1227
-1454
-1976
-2512
-2974
-3202
-3500
-3868
-4360
-4665
-4971
-4982
-4939
-4867
-4748
-4456
-3919
-3536
-3035
-2682
-2041
-1374
-450
425
1078
1540
2216
2813
3348
3856
4077
4244
4074
3894
3621
3545
3422
3481
3300
2918
2231
1641
1380
1108
1053
729
295
-241
-616
-714
-568
-286
-148
-111
-190
-7
171
574
1151
1771
1854
1715
1588
1822
2129
2568
2828
2444
1762
1520
1467
1311
1175
905
413
-122
-592
-1149
-1594
-1699
-1727
-1697
-1993
-2416
-2620
-2821
-2532
-2087
-1562
-1611
-1835
-1905
-1943
-1739
-1451
-1427
-1851
-2150
-2311
-2259
-2244
-1984
-1913
-1990
-2275
-2378
-2670
-2748
-2720
-2845
-3132
-3558
-3846
-3901
-3529
-3221
-3093
-3173
-3139
-2845
-2254
-1777
-1769
-1505
-992
-305
213
477
218
411
1172
1903
2334
2357
2445
2352
2697
3318
3577
3464
3184
3017
3325
3658
3797
3619
3271
3095
3394
3615
3593
3259
3063
3060
3422
3626
3271
2978
2798
3003
3519
3974
4073
3830
3393
3413
3859
4322
4181
3612
3129
2903
2943
2693
2111
1419
640
227
-66
-258
-581
-1055
-1300
-1390
-1510
-1798
-2023
-2063
-2157
-2063
-1899
-1991
-2088
-1968
-1875
-1567
-1364
-1375
-1475
-1508
-1433
-1204
-860
-811
-963
-1343
-1706
-1749
-1481
-1233
-1292
-1545
-1893
-2095
-2039
-1673
-1513
-1307
-1180
-1187
-1176
-1198
-1135
-1167
-907
-478
-144
-114
-145
-85
231
889
1384
1750
1877
1992
2035
2421
2958
3293
3295
3281
3313
3336
3492
3780
3854
3447
3272
3162
3198
3259
3392
3228
2797
2480
2597
2601
2481
1992
1541
1506
1401
1303
892
373
94
247
554
422
40
-524
-913
-993
-816
-882
-1186
-1521
-1936
-2091
-2299
-2553
-2741
-2757
-2707
-2675
-2829
-3113
-3234
-3110
-2876
-2537
-2562
-2781
-2984
-2916
-2662
-2485
-2322
-2330
-2497
-2720
-2547
-2237
-1989
-1813
-1668
-1609
-1543
-1338
-969
-659
-427
-139
41
200
236
198
210
426
573
614
453
266
137
243
362
410
146
5
-266
-332
-98
139
290
102
108
223
508
891
1362
1657
1967
2220
2509
2709
2800
2940
2924
2972
3222
3556
3577
3520
3241
2978
2871
2899
2541
2107
1939
1698
1216
627
142
-362
-666
-590
-401
-526
-858
-1189
-1214
-1072
-965
-995
-906
-913
-1010
-1078
-1074
-1255
-1397
-1250
-1059
-939
-1130
-1483
-1832
-2076
-2230
-2366
-2561
-2908
-3322
-3782
-3960
-3793
-3846
-3749
-3885
-4011
-3752
-3322
-3036
-2791
-2280
-1739
-1285
-865
-446
-173
429
923
1464
1765
2028
2163
2431
2908
3047
2933
2536
2292
1952
1538
1195
875
699
689
400
58
-341
-678
-738
-673
-590
-771
-959
-1100
-938
-765
-647
-466
-249
51
201
549
802
1055
1226
1608
1971
2061
1951
1770
1609
1743
1800
1585
1173
538
121
-124
-192
-306
-751
-1289
-1673
-2028
-2165
-2372
-2557
-2790
-3018
-2913
-2883
-3065
-3139
-3040
-2810
-2512
-2277
-2171
-2136
-2076
-1808
-1668
-1607
-1658
-1701
-1744
-1752
-1860
-1841
-1840
-1847
-1834
-2150
-2324
-2723
-2769
-2688
-2559
-2674
-2863
-2894
-2668
-2294
-1912
-1504
-1093
-594
-76
639
1218
1538
1817
2041
2699
3263
3434
3392
3266
3327
3573
3993
4001
3831
3408
3210
3131
2888
2683
2185
1448
866
530
317
84
-182
-570
-775
-899
-886
-749
-727
-642
-455
-31
342
644
966
1241
1476
1969
2213
2393
2553
2515
2340
2310
2204
1897
1575
1147
689
79
-332
-1032
-1670
-2117
-2641
-3009
-3152
-3265
-3648
-3860
-4050
-4017
-3745
-3591
-3407
-3419
-3204
-2943
-2493
-2014
-1747
-1630
-1407
-1095
-795
-630
-592
-606
-436
-239
-278
-383
-840
-1259
-1440
-1639
-1756
-2046
-2342
-2545
-2438
-2011
-1848
-1757
-1791
-1777
-1706
-965
-77
362
727
1008
1486
2114
2663
3032
3223
3463
3613
3839
4077
4001
3710
3358
2896
2675
2525
2079
1476
1027
762
602
308
-129
-657
-1114
-1242
-1302
-1478
-1639
-1655
-1537
-1373
-934
-697
-450
-138
179
628
1059
1437
1700
1791
1995
2062
2213
1976
1631
1423
1291
1171
729
234
-396
-737
-1212
-1672
-2071
-2140
-2452
-2661
-2712
-2804
-2742
-2605
-2225
-2133
-2036
-1879
-1712
-1389
-770
-248
-12
-122
-66
138
247
720
1118
1298
1286
1065
1198
1274
1414
1518
1271
1147
1111
1121
960
669
436
511
764
972
1045
1015
1134
1389
1640
2170
2422
2527
2441
2738
3239
3567
3623
3536
3547
3730
3793
3792
3899
3816
3474
3153
3076
2797
2404
1954
1585
1069
605
172
-248
-801
-1285
-1823
-2269
-2569
-2899
-2895
-2979
-2870
-2912
-3024
-2973
-2762
-2613
-2366
-2177
-2120
-1883
-1624
-1206
-1000
-893
-751
-768
-555
-547
-543
-664
-863
-891
-983
-1003
-1170
-1421
-1681
-1847
-1838
-1896
-2031
-2143
-2190
-2102
-1940
-1790
-1709
-1369
-1126
-847
-576
-242
135
436
678
897
1115
1136
1036
1114
1321
1512
1576
1407
1174
830
601
656
773
491
233
-128
-660
-902
-1030
-1133
-1084
-888
-619
-480
-260
76
285
649
1049
1505
1653
1688
2114
2580
3113
3497
3462
3391
3093
3073
3307
3110
2977
2627
2270
1941
1783
1484
987
406
-44
-443
-796
-885
-1242
-1632
-1787
-1805
-1779
-1783
-1879
-1885
-1739
-1695
-1745
-1816
-1896
-1567
-1193
-903
-817
-856
-841
-792
-580
-427
-410
-352
-639
-780
-903
-989
-1132
-1177
-1338
-1526
-1345
-1278
-1084
-1004
-783
-709
-578
-477
-309
-178
104
253
295
597
670
923
1019
1005
1176
1497
1718
1793
1697
1609
1680
1736
1685
1329
1125
1067
988
920
643
288
105
74
12
-235
-350
-293
-250
-43
171
515
873
1096
1239
1513
1753
2142
2559
2684
2747
2936
3213
3309
3288
3181
2963
2867
2659
2412
2305
1962
1806
1525
1194
764
254
-89
-622
-932
-1151
-1374
-1666
-1880
-2086
-2225
-2521
-2714
-2566
-2460
-2409
-2231
-2069
-2205
-2270
-2322
-2129
-1895
-1871
-1871
-1798
-1616
-1515
-1378
-1280
-1343
-1532
-1621
-1749
-1689
-1669
-1650
-1517
-1491
-1441
-1278
-1235
-922
-781
-715
-520
-544
-423
-104
284
577
819
894
1182
1561
1966
2473
2584
2774
2865
3101
3333
3447
3534
3726
3802
3648
3376
3065
2816
2629
2701
2713
2593
2457
2242
1977
1739
1786
1934
1903
1923
1879
1836
1800
1966
2146
2532
2784
2930
3140
3229
3382
3518
3841
4045
3929
3823
3730
3696
3735
3742
3441
2911
2437
1892
1425
918
234
-271
-841
-1375
-1740
-1995
-2256
-2567
-2858
-3164
-3054
-3234
-3347
-3283
-3231
-3054
-2827
-2751
-2780
-2804
-2667
-2211
-1900
-1745
-1809
-1512
-1292
-871
-455
-396
-406
-420
-518
-425
-330
-346
-438
-644
-689
-618
-426
-296
112
177
356
837
1119
1286
1423
1715
1995
2367
2666
2876
2875
2811
3070
3241
3379
3319
3017
2600
2398
2291
1904
1424
682
23
-314
-693
-958
-1132
-1379
-1578
-1962
-2291
-2447
-2526
-2185
-1987
-1714
-1500
-1449
-1497
-1331
-807
-459
-78
206
281
378
690
1051
1261
1491
1407
1161
910
455
249
-64
-446
-757
-1196
-1547
-1824
-2222
-2420
-2622
-3001
-3337
-3524
-3663
-3973
-4115
-4248
-4197
-4121
-4115
-3992
-3875
-3768
-3355
-2880
-2577
-2301
-2339
-2236
-1971
-1928
-2113
-2149
-2189
-2254
-2067
-1872
-1719
-1717
-1497
-1274
-875
-832
-760
-610
-425
-364
-346
-342
-385
-210
-43
363
716
885
1140
1284
1533
1885
2070
2039
1972
1866
1735
1501
1332
1074
1066
911
951
940
874
716
711
677
501
481
365
356
143
258
129
-22
51
41
24
78
243
365
470
473
486
626
758
963
955
722
599
569
564
518
567
601
607
573
270
108
-160
-432
-588
-769
-816
-1216
-1792
-2164
-2559
-2661
-2789
-3039
-3150
-3181
-2920
-2756
-2469
-2255
-2189
-2013
-1886
-1798
-1765
-1737
-1893
-1622
-1396
-1252
-1091
-1261
-1256
-1146
-954
-876
-1129
-1521
-1720
-1895
-2004
-1954
-1985
-1977
-1789
-1847
-1649
-1478
-1420
-1380
-1294
-1132
-983
-664
-614
-387
-221
99
517
477
906
1300
1745
2272
2733
3085
3321
3466
3686
3829
3824
3756
3528
3323
3082
2718
2429
2240
2220
2036
1753
1662
1684
1575
1355
1152
1149
1298
1481
1658
1709
1841
1750
1643
1639
1613
1788
1808
1815
1768
1473
1299
1071
759
394
-39
-353
-680
-947
-1424
-1672
-1702
-1929
-2104
-2232
-2238
-2433
-2547
-2618
-2760
-2768
-2639
-2634
-2457
-2335
-2411
-2308
-2241
-1989
-1912
-1666
-1452
-1324
-1138
-996
-861
-716
-349
-88
256
640
1156
1173
1262
1351
1188
1177
1114
982
958
964
788
558
468
503
565
675
727
842
1013
1233
1362
1577
1647
2028
2213
2262
2232
2201
2182
2179
2065
2079
1982
1759
1579
1436
1412
1243
1012
917
864
823
657
688
393
96
246
68
-28
-200
-511
-781
-850
-754
-737
-597
-544
-581
-599
-521
-587
-434
-277
-288
-331
-482
-669
-930
-1067
-1165
-1242
-1263
-1551
-1870
-2034
-2289
-2352
-2415
-2495
-2476
-2642
-2757
-2739
-2662
-2337
-2295
-2249
-2351
-2382
-2247
-2274
-2146
-1966
-1823
-1455
-1101
-822
-660
-647
-470
-302
-130
-6
17
-120
-148
-315
-519
-544
-706
-957
-1013
-921
-646
-581
-581
-384
-392
-500
-536
-371
-471
-174
31
24
-7
-58
-10
45
153
186
314
559
638
632
586
555
569
554
634
506
411
371
376
266
398
389
266
225
127
-27
-82
-96
-228
-196
-289
-300
-387
-588
-592
-571
-400
-307
-412
-321
-165
-84
172
275
332
599
570
602
640
784
728
696
832
772
576
391
340
180
64
-22
-216
-381
-637
-619
-689
-764
-850
-883
-936
-1175
-1006
-1019
-950
-923
-827
-650
-381
-267
-102
-11
-69
-80
-46
-211
-386
-604
-1010
-863
-899
-940
-1203
-1332
-1531
-1605
-1497
-1508
-1494
-1624
-1641
-1566
-1573
-1645
-1696
-1468
-1252
-1100
-769
-634
-488
-236
214
811
1072
1337
1503
1586
1764
1950
2073
2171
2352
2334
2229
2077
2115
2119
1924
1821
1941
1724
1283
960
678
468
340
275
-24
-161
-299
-356
-394
-400
-307
-135
85
102
168
230
296
291
260
113
-76
-140
-173
-242
-211
-429
-761
-828
-1113
-1338
-1654
-1917
-2198
-2459
-2588
-2680
-2610
-2375
-2186
-1934
-1644
-1390
-936
-476
-136
18
114
288
553
644
816
929
1039
1058
1046
1149
1322
1473
1685
1653
1715
1688
1818
1856
1713
1587
1236
1348
1281
1239
1405
1457
1644
1655
1591
1742
1784
1880
1956
2104
2122
2261
2487
2680
2941
3070
3256
3315
3152
3019
2838
2638
2591
2521
2243
1882
1506
1055
887
853
973
1207
1279
1586
1512
1520
1628
1417
1231
923
706
540
450
265
5
-434
-444
-341
-304
-169
-230
-108
44
-32
30
110
-34
-282
-337
-414
-311
-101
-49
176
249
450
573
767
828
899
1028
977
691
522
553
603
576
571
543
268
131
29
98
70
168
64
-53
-9
6
76
129
246
44
-145
-192
-289
-416
-632
-681
-820
-1291
-1638
-1894
-2094
-2289
-2668
-2784
-2845
-2763
-2495
-2365
-2104
-1912
-1651
-1269
-740
-511
-325
-162
-80
173
415
561
798
836
1149
1355
1365
1407
1348
1343
1394
1350
1170
1002
732
614
516
536
253
115
-47
-109
-242
-352
-364
-373
-333
-238
-317
-426
-217
0
166
448
694
696
799
793
984
1166
1193
1036
905
914
722
351
133
32
-76
-25
35
-90
-388
-578
-765
-920
-908
-879
-883
-955
-991
-895
-939
-860
-684
-764
-746
-692
-489
-502
-731
-600
-513
-522
-435
-334
-493
-509
-618
-802
-819
-1055
-1226
-1132
-1230
-1381
-1442
-1761
-1728
-1739
-1908
-1810
-1721
-1918
-1975
-1762
-1631
-1541
-1384
-1166
-979
-773
-470
-284
-61
305
609
740
889
1056
1371
1706
1873
2145
2423
2732
2887
3099
3129
3321
3484
3242
3110
2916
2657
2509
2406
2301
1962
1830
1786
1685
1685
1680
1802
1591
1621
1490
1318
1299
1015
829
570
386
5
-433
-592
-817
-1181
-1397
-1952
-2273
-2617
-3064
-3496
-4007
-4420
-4689
-5040
-5069
-5100
-4874
-4830
-5051
-4993
-5105
-5094
-5042
-5014
-5120
-5061
-5193
-5052
-4919
-4588
-4237
-4004
-3296
-2729
-2271
-1761
-1084
-449
12
365
714
1196
1652
1908
2179
2320
2447
2677
2814
2898
2972
3226
3336
3092
2874
2796
2507
2160
2293
2473
2318
2303
2191
2061
2167
1938
2015
2069
2105
2144
2278
2399
2465
2300
2084
2047
1907
1787
1626
1541
1389
1396
1241
1343
1300
1417
1300
1240
1163
1217
1449
1310
1223
1007
872
768
533
498
621
597
534
562
611
419
377
219
-92
-44
-1
-154
-300
-415
-509
-495
-392
-225
-207
-258
-470
-621
-807
-710
-655
-686
-718
-709
-382
-231
-35
133
148
231
294
216
362
403
392
620
648
660
623
729
899
901
995
1166
996
1162
1241
912
1060
1011
848
894
771
682
554
464
578
673
833
851
817
842
1049
1106
1155
925
766
808
395
131
-196
-412
-290
-373
-452
-281
-167
-155
-213
-213
-74
-66
-21
60
163
210
382
409
289
203
23
-115
117
425
221
315
435
475
737
683
431
363
318
108
-31
154
219
272
363
384
381
356
242
271
182
123
225
130
-207
-531
-428
-462
-523
-330
-305
-298
-323
-294
-341
-502
-397
-185
6
94
247
571
646
664
971
1196
1282
1551
1591
1552
1535
1450
1312
1226
908
626
362
264
168
16
277
258
301
440
320
120
-84
-177
-154
-128
-219
-394
-379
-449
-579
-740
-836
-934
-1076
-1210
-1297
-1553
-1638
-1697
-1813
-1613
-1586
-1481
-1296
-1120
-981
-846
-563
-539
-588
-346
-129
-17
359
672
701
823
618
566
803
868
1088
1224
1184
1244
1223
1200
1151
1060
935
1023
820
490
197
-226
-391
-746
-931
-1152
-1350
-1643
-2150
-2387
-2564
-2865
-3209
-3606
-3863
-3988
-4078
-4040
