-564
-493
-304
-76
-32
-10
-69
66
-263
-478
-546
-769
-786
-783
-645
-574
-885
-723
-848
-768
-640
-345
94
-72
-157
82
43
86
180
96
-98
-254
108
126
182
183
304
308
121
268
11
184
485
935
989
770
838
1031
800
740
580
698
669
749
773
644
873
722
827
456
101
15
-249
-60
316
396
436
629
676
832
898
768
726
448
125
-158
-430
-437
-476
-228
-38
-312
-241
-157
67
365
853
1197
1021
1063
916
1054
880
850
903
1135
896
997
1012
1080
1285
1030
1118
869
878
711
707
822
598
1136
1159
1450
1491
1598
1812
1393
1491
1422
954
888
631
466
707
968
930
1021
766
584
782
645
677
653
601
410
564
200
111
-123
-401
-519
-522
-661
-855
-933
-1122
-1384
-1288
-1117
-1473
-1157
-1011
-1281
-1355
-1273
-1321
-1301
-950
-1159
-1177
-1206
-918
-1043
-1026
-1022
-1223
-1081
-1249
-887
-966
-953
-857
-828
-807
-920
-759
-725
-559
-685
-525
-445
-359
-166
102
527
530
737
1011
1202
1297
1258
1421
1219
833
824
558
647
423
551
560
260
150
-53
-76
-88
-625
-680
-586
-460
-482
-644
-91
-61
167
251
26
33
-80
-531
-842
-1259
-1356
-1482
-1569
-1329
-1187
-1124
-654
-431
-586
-266
-305
-376
-551
-625
-808
-780
-520
-744
-456
-300
-253
-182
15
269
170
344
777
1296
1438
1427
1496
1556
1646
1390
1632
1620
1901
1663
1459
1586
1664
1961
1833
2270
2049
2157
2038
1945
2004
2001
2143
1924
1764
1579
1447
1317
1335
1213
1181
1215
1197
1261
1238
1388
1267
1742
1578
1514
1693
1370
1343
1130
1093
1140
1169
1127
1266
1266
1287
1366
1279
1478
1536
1823
2190
2087
2020
1992
1810
2026
1664
1400
1426
1393
1433
1054
1065
842
642
277
173
16
-285
-140
-48
-147
-228
-59
317
506
466
337
189
-135
-438
-565
-609
-724
-941
-959
-588
-756
-768
-475
-528
-825
-542
-637
-806
-859
-899
-713
-1072
-1169
-1106
-1131
-1564
-1750
-1767
-1789
-1411
-1525
-1563
-1646
-1934
-1955
-1917
-2188
-2293
-2330
-2241
-2458
-2474
-2012
-1825
-1663
-1266
-1133
-1343
-1240
-893
-1000
-846
-544
-563
-687
-714
-478
-800
-624
-674
-1083
-1319
-1333
-1260
-1313
-766
-889
-651
-751
-875
-970
-1241
-1243
-1124
-961
-1000
-879
-674
-762
-642
-452
-510
-567
-554
-366
-433
-377
-241
-480
-305
-253
113
434
729
859
647
758
753
869
810
1312
1416
1539
1571
1404
1674
1696
1440
1504
1611
1725
1706
1382
1479
1492
1500
1597
1448
1661
1447
1141
1259
1399
1182
839
1042
1018
1163
1157
1217
1110
1326
1320
1129
1492
1185
1285
1160
663
431
153
-207
-191
-440
-453
-390
-469
-490
-543
-302
-457
438
602
556
1052
1205
982
815
858
478
244
451
258
74
126
135
118
444
620
250
372
339
382
462
238
147
465
746
452
443
492
521
463
390
283
-47
-223
-404
-466
-520
-663
-955
-1018
-706
-596
-688
-694
-499
-633
-997
-618
-410
-203
-99
15
-103
-494
-485
-627
-593
-466
-812
-610
-657
-579
-986
-1327
-1228
-1475
-1391
-1198
-1171
-1314
-1163
-1029
-957
-1149
-1014
-918
-908
-610
-597
-388
-218
-24
-143
148
-209
-467
-148
-202
62
-47
0
71
53
-161
-127
-45
92
353
394
194
235
311
635
590
658
513
625
734
857
1202
1375
1522
1169
1661
1449
1642
1793
1600
1749
1453
1437
1197
1117
908
810
745
970
837
852
1024
989
1032
770
753
943
871
789
898
866
713
656
1112
1026
1110
1034
839
719
749
545
182
-233
-411
-224
-448
-548
-269
-391
-443
-188
-349
-314
-396
-312
35
149
58
-194
-326
-283
-356
-345
-319
-746
-568
-478
-583
-574
-929
-815
-854
-1175
-963
-1197
-1085
-924
-869
-581
-496
-535
-651
-515
-674
-664
-1040
-810
-560
-706
-245
-633
-483
-337
-371
-425
-545
-421
-841
-788
-1112
-1208
-974
-1116
-746
-759
-517
-472
-450
-314
-547
-557
-490
-375
-329
-342
-161
-396
-882
-775
-908
-843
-732
-868
-1278
-1491
-1470
-1779
-1409
-1596
-1563
-1757
-1873
-2087
-2302
-2240
-2409
-2349
-2611
-2149
-1969
-2396
-2310
-2399
-2316
-2385
-1927
-1749
-1514
-1429
-1624
-1045
-1155
-1449
-1286
-1266
-1020
-848
-1346
-1456
-1606
-1877
-2396
-2442
-2521
-2865
-2696
-2296
-1850
-1832
-1668
-1381
-1095
-962
-1034
-552
-40
-69
535
585
860
839
717
624
794
1101
1127
1089
1156
1326
1140
1502
1462
1356
1394
1367
1352
1493
1536
1527
1671
1849
1791
2174
2043
1847
1557
1223
1352
1210
1019
1099
1159
1231
857
635
829
649
545
405
368
288
602
389
438
440
74
-37
-145
12
133
139
221
135
545
580
498
604
939
906
655
1034
932
751
512
491
410
128
78
294
-8
-280
-364
-333
-102
-291
-164
-267
-338
-322
-446
-259
-141
-51
-339
-361
-261
-369
-419
-373
-443
-723
-1003
-930
-1127
-1279
-1490
-1291
-1340
-1250
-1453
-1565
-1647
-1311
-1275
-1296
-1053
-1244
-1170
-1371
-1367
-1292
-1218
-1238
-818
-897
-794
-806
-661
-472
-424
-383
-134
79
59
277
584
310
268
578
585
821
966
1396
1272
1487
1424
1501
1958
1639
1779
1931
1603
1501
1591
1712
1787
1694
1313
1032
900
585
815
971
759
666
568
629
208
511
478
186
223
-165
-58
-58
-284
-346
-243
40
399
133
326
362
733
564
417
743
556
411
428
498
633
625
609
234
0
72
182
133
129
546
451
303
348
852
948
944
1173
831
783
818
547
828
983
1143
1326
1317
1261
1452
1284
1273
1161
1405
1782
1334
1050
768
638
255
9
-181
-265
194
31
-121
-262
-358
-476
-726
-615
-693
-740
-766
-736
-589
-635
-567
-722
-1004
-905
-1061
-1184
-1324
-1261
-1359
-1580
-1633
-1598
-1671
-1550
-1325
-1084
-911
-805
-857
-659
-555
-705
-640
-686
-513
-823
-828
-377
-578
-548
-399
-863
-1235
-1333
-1400
-1648
-1532
-1522
-1230
-1311
-1354
-1268
-1021
-1095
-1032
-696
-475
-318
-518
-873
-1039
-1057
-1063
-803
-456
-172
342
700
635
531
461
687
475
347
46
252
495
543
476
249
171
23
118
250
149
-1
346
551
529
672
297
164
147
-33
-145
229
20
74
46
142
91
231
235
69
264
240
53
-176
-18
-650
-916
-785
-795
-852
-734
-812
-847
-687
-587
-565
-257
-131
-214
-318
-345
-382
-531
-286
-289
-338
-176
-270
-326
-552
-626
-377
-142
-115
-39
-9
320
231
522
831
448
698
50
9
176
-87
54
184
-84
244
881
941
1012
786
871
1187
1034
979
865
837
533
98
-102
-489
-333
-762
-967
-1272
-1153
-1045
-878
-461
-534
-469
-697
-723
-633
-571
-455
-421
-445
-296
-337
-208
-280
-100
-7
333
611
952
970
571
303
305
176
115
277
-77
-372
-383
-424
-520
-791
-807
-898
-926
-671
-422
-531
-288
206
258
770
906
1201
1516
1263
1681
1402
1228
898
806
883
388
317
377
494
616
634
699
1053
1193
1205
1059
876
896
794
441
205
119
27
190
99
84
-86
275
317
403
517
654
758
847
827
690
768
702
278
-18
-192
-160
-284
-131
-32
61
359
469
692
1069
1559
1576
1362
1336
863
878
967
729
437
231
479
481
527
424
438
537
900
933
916
835
657
668
803
796
1013
1090
1098
1147
1373
1202
1152
1042
1098
1022
802
901
687
805
676
878
929
1004
719
891
368
419
807
549
647
850
746
420
224
234
176
-85
-201
-293
-631
-614
-689
-950
-677
-632
-494
-187
-50
-242
-228
-261
-397
-578
-341
-130
-375
-489
-484
-554
-632
-966
-817
-1335
-1351
-1339
-1595
-1567
-1761
-1590
-1559
-1511
-1294
-1194
-1008
-899
-850
-791
-445
-248
-120
267
414
574
498
713
333
-145
-237
-570
-593
-618
-683
-410
-420
-420
-269
-325
-85
-132
69
152
19
212
-123
-150
-285
-235
-432
-394
-615
-753
-847
-820
-670
-877
-1003
-989
-1105
-1211
-1208
-1408
-1632
-2022
-2120
-2192
-2277
-2374
-2153
-2283
-2155
-1877
-1905
-1489
-1318
-1144
-1094
-761
-816
-425
-240
155
0
-6
-4
-193
5
55
378
582
1014
1136
1213
1104
932
510
363
399
252
332
136
62
-47
25
-27
-371
-297
-279
218
226
103
37
-84
-298
-201
-47
61
128
298
520
611
842
729
784
635
196
-148
-431
-763
-968
-1071
-1135
-1205
-1351
-1257
-956
-809
-521
-442
-511
-323
-85
-254
-27
10
142
79
-264
-139
-213
63
-169
116
-52
88
173
144
312
145
413
315
258
422
323
389
567
569
671
784
1029
1113
1325
962
1138
976
995
978
864
1343
1076
1117
1212
1120
817
421
41
371
485
592
994
1328
1477
1659
1718
1744
1816
1678
1532
1278
979
889
820
783
866
956
1293
1395
1269
1194
1144
1105
947
570
343
326
345
-69
-370
-537
-501
-894
-1477
-1407
-1451
-1500
-1173
-1048
-657
-858
-1036
-694
-865
-657
-835
-936
-1055
-1037
-925
-1215
-1313
-1351
-1545
-1505
-1595
-1384
-1429
-1046
-683
-557
-583
-689
-587
-777
-506
-598
-837
-896
-773
-1003
-315
-400
-414
-277
-651
-237
-314
-217
-150
-97
141
324
428
545
747
639
745
1329
1566
1333
1435
1519
1522
1366
1582
1650
1385
1574
1188
910
429
148
-138
-238
-133
-181
-4
183
283
169
299
-50
-222
-148
-203
-375
-241
-413
-604
-846
-685
-614
-758
-501
-529
-441
-203
-382
-68
131
32
404
148
864
877
1217
1616
1376
1444
1584
1721
1739
2055
2119
2198
2638
2643
2254
2029
1899
1656
1706
1844
1792
1988
2148
2049
2385
2576
2592
2734
2817
2758
2596
2445
2245
2392
2008
1680
1432
1284
1670
1356
1220
1423
1204
1191
1130
1072
1231
1128
1321
1029
883
902
843
891
698
552
287
-214
-533
-545
-930
-1137
-1400
-1454
-1174
-1251
-934
-613
-401
-451
-24
-207
-276
-135
-404
-373
-619
-701
-632
-392
-491
-526
-538
-645
-574
-503
-339
-351
-285
-116
-1
-78
323
287
175
379
595
283
63
302
-390
-311
-100
-86
-115
44
284
7
188
-149
-43
37
-297
-533
-706
-648
-528
-185
-185
-468
-295
-183
-401
-440
-509
-842
-782
-736
-525
-361
-166
-356
-220
-19
32
72
-244
-688
-820
-816
-908
-537
-477
-459
-651
-471
-399
-556
-492
-734
-917
-934
-849
-836
-892
-1071
-1616
-1812
-1646
-1568
-1559
-1469
-1130
-1214
-875
-768
-1106
-1057
-842
-1001
-878
-756
-799
-685
-667
-679
-949
-888
-469
-503
-211
-20
142
301
348
692
436
661
431
623
898
705
882
945
661
358
106
195
420
217
279
403
469
645
440
397
413
609
655
835
941
985
1099
1253
1506
1246
1340
1291
1063
702
610
514
336
572
445
657
562
447
353
235
103
24
62
253
300
-45
-3
229
369
343
386
-105
-374
-389
-656
-701
-1090
-1311
-1081
-898
-791
-742
-738
-426
-755
-728
-836
-758
-180
-39
190
-30
-320
-401
-673
-654
-391
-92
161
495
672
670
740
652
450
221
457
445
625
726
512
794
563
704
372
135
248
215
-63
-119
-288
-410
-412
-404
-701
-710
-678
-838
-539
-487
-369
-303
-292
-351
-383
-492
-602
-844
-993
-1003
-1304
-1504
-1732
-1683
-1740
-1841
-1784
-1643
-1220
-1068
-987
-903
-522
-289
-233
-99
-52
-42
202
444
222
505
1014
1202
1448
1757
1510
1443
1572
1492
1528
1146
1468
1597
1525
1744
1592
1555
1879
1988
1960
2072
2017
1867
1842
1921
1467
1211
1078
922
1090
770
869
1130
1178
1264
1184
1287
1323
1672
1781
1836
1973
1715
1762
1521
1273
1049
730
525
125
97
-27
-447
-425
-499
-569
-642
-625
-279
-176
-17
439
726
1133
907
710
704
555
515
439
494
436
291
531
352
244
43
35
-79
-359
2
361
804
657
675
451
617
374
91
132
142
141
135
60
-179
-105
-329
-481
-757
-814
-1047
-1036
-961
-903
-893
-904
-802
-971
-1138
-1218
-1069
-1232
-1409
-1520
-1423
-1400
-1452
-1520
-1897
-1947
-2395
-2657
-2482
-2538
-2402
-2355
-2004
-1968
-2059
-1892
-1396
-1161
-869
-826
-975
-888
-921
-893
-772
-704
-649
-919
-1556
-1772
-2003
-2201
-2331
-2480
-2866
-2755
-2890
-2931
-2392
-2285
-1870
-1503
-1107
-528
-378
-194
282
-230
-160
-119
178
289
-54
-47
-123
136
93
118
87
54
-107
-346
-398
-541
-688
-467
-302
-224
-212
-221
-193
-68
-130
-338
-419
-465
-528
-454
-541
-323
-7
-72
-140
107
2
171
471
525
691
795
1078
1265
1529
1860
2013
2292
2539
2466
2470
2340
2242
1870
1683
1337
1026
942
847
645
450
479
500
746
1049
906
809
984
634
682
790
942
925
613
527
506
197
124
-91
-496
-495
-508
-421
-244
-213
-162
17
-189
-413
-335
-289
-548
-941
-649
-654
-1048
-1276
-1201
-1114
-1236
-1410
-1518
-1232
-1271
-1258
-1030
-1077
-911
-913
-805
-641
-530
-617
-771
-827
-984
-1069
-920
-827
-755
-409
-428
-416
-450
-597
-645
-581
-918
-823
-674
-591
-902
-828
-789
-837
-763
-702
-621
-564
-422
134
-82
-152
-54
-334
-301
-123
-375
-377
-95
0
314
276
168
103
405
309
267
368
149
354
705
426
289
366
253
393
284
265
264
282
370
517
703
872
692
442
399
434
8
-86
-48
-176
-193
-183
-217
-225
148
45
-27
-58
-506
-806
-1000
-862
-717
-722
-294
-308
22
216
351
50
161
597
485
905
958
949
892
1012
846
754
737
729
1233
1061
1100
1457
1479
1324
1340
1258
1068
1317
839
1006
1206
1350
1578
1522
1555
1259
1462
1479
1723
1811
1835
1790
1787
1659
1866
1662
1319
1714
1462
1501
1529
1410
1333
1119
704
667
444
181
-173
-240
-206
-376
-410
-194
66
35
319
498
416
119
202
306
470
399
379
57
81
-35
-104
-171
-206
-219
-706
-473
-368
-391
-424
-522
-733
-821
-909
-912
-1025
-1100
-1035
-1301
-1186
-1329
-1182
-963
-1266
-1191
-1169
-1290
-1127
-1107
-1360
-1524
-1421
-1475
-1617
-1459
-1414
-1034
-885
-1023
-753
-713
-357
-60
-143
-74
55
96
-12
227
-102
-182
-313
-591
-375
-355
-570
-694
-632
-636
-835
-1010
-883
-918
-875
-1155
-1317
-1040
-620
-480
-357
-550
-377
-895
-1043
-923
-1101
-1385
-1252
-1184
-1255
-1033
-949
-936
-1069
-437
-379
-314
-689
-575
-210
-162
-173
31
1
-74
495
889
1042
1262
1385
1330
1119
983
981
935
796
707
787
738
1106
1253
1051
1296
1083
1372
1187
1503
1658
1495
1412
1222
1130
924
1095
980
995
875
918
758
533
492
386
133
121
428
759
922
992
871
554
551
349
-21
-229
-396
-340
-576
-621
-823
-951
-782
-889
-907
-827
-823
-861
-724
-690
-902
-730
-511
-490
-486
-375
-124
48
703
573
379
463
159
317
547
741
775
915
593
627
359
487
611
430
545
465
477
562
563
312
301
-103
82
32
131
77
-49
-12
-147
-292
-655
-506
-460
-507
-847
-565
-470
-358
-226
-321
-68
-114
381
405
342
402
576
249
-7
-1
-504
-954
-1152
-1006
-1050
-967
-959
-1122
-992
-1262
-1399
-1031
-1037
-916
-837
-509
-445
-658
-667
-917
-690
-663
-389
-297
-217
-158
-222
-262
-290
-224
-454
-447
-479
-423
-325
-569
-197
-11
-197
123
135
152
98
180
157
162
74
-325
-199
-237
-73
56
-35
139
199
177
397
107
195
212
-87
-24
-412
-203
-260
-45
-396
-505
-674
-1014
-836
-967
-1019
-1346
-1397
-1438
-1120
-1036
-1025
-927
-928
-684
-408
-10
109
-15
-267
-409
-339
-384
-395
-709
-418
61
188
43
29
157
41
-201
-139
-58
-299
-478
-389
-610
-339
-196
143
45
-62
-61
231
438
296
329
551
618
463
772
877
1018
1350
1533
1454
1167
1196
1288
1303
1173
1016
868
932
848
779
805
910
1036
941
992
849
758
568
213
-377
-537
-620
-571
-350
-647
-371
-104
149
94
202
469
447
609
801
1012
1104
1093
1122
1293
1082
1115
1175
747
737
796
854
707
859
1080
949
887
1059
1045
706
650
616
590
246
21
-83
2
-107
22
211
210
549
179
94
374
410
461
74
276
192
-108
139
-82
-413
-340
-235
-796
-858
-1137
-1474
-1445
-1226
-1022
-1393
-1030
-885
-697
-442
-1005
-1146
-840
-758
-929
-1090
-1081
-781
-997
-952
-262
-55
149
372
349
493
636
1179
1350
1403
1567
1835
2108
1707
1710
1467
1289
1261
1166
1293
1145
1223
1343
1430
1303
1169
1744
2005
2222
2167
2228
2116
2239
1940
1515
1583
1514
1167
912
1064
976
1026
1073
912
1084
809
732
738
354
238
-250
-551
-664
-557
-284
-286
-296
-157
-296
-280
-401
-371
-442
-426
-451
-954
-1167
-1590
-1777
-1500
-975
-653
-150
188
616
1229
1513
1577
1775
2008
1590
1061
600
-57
-671
-920
-1062
-803
-708
-714
-203
258
709
1494
1759
1495
1307
1303
919
563
202
-121
-256
-583
-809
-1389
-1709
-2014
-2224
-2282
-2184
-2192
-2127
-1537
-1507
-1561
-1908
-2068
-2317
-2583
-3001
-3189
-3393
-3870
-3590
-3834
-4012
-3414
-3090
-3167
-2939
-2856
-2867
-2936
-3213
-3708
-4007
-4628
-5101
-4412
-3311
-3065
-2815
-1805
270
1103
368
-310
-1042
-1412
-1650
-2576
-4116
-4615
-3904
-3522
-2949
-2712
-2009
-1141
-14
1057
768
406
108
19
-733
-970
-1275
-1456
-1135
-635
585
801
883
1391
1728
1516
1634
1650
1652
1806
2031
2518
2771
2690
2585
2432
2125
1805
957
472
26
73
458
744
1124
1340
1696
1838
1720
1228
535
385
405
610
766
1344
2004
2367
2146
1961
1372
525
-48
-354
-200
377
934
1278
1785
2164
1932
1748
1470
917
725
745
1053
1155
913
1126
1452
1538
1643
1483
1295
1060
1095
1447
1776
2414
3475
4053
4544
4720
4544
3776
3190
2300
1664
1129
1141
1799
1915
2436
2728
3057
3311
3856
3765
3792
3551
2832
2719
2378
2299
2359
2405
2371
2053
1954
2017
1738
1803
2269
2615
2764
2991
2914
3132
2907
2616
2364
1778
1423
801
488
361
-116
-240
-313
-229
-354
-344
119
212
501
288
433
544
454
482
182
132
-429
-527
-740
-1153
-1205
-905
-907
-637
-209
274
801
792
892
778
729
195
67
-435
-429
-360
-239
-93
-232
-227
-390
-946
-1545
-1525
-1644
-1682
-1808
-1561
-1506
-1065
-1005
-1186
-871
-1029
-1228
-611
-846
-817
-905
-1333
-1242
-1178
-1294
-1863
-1723
-2391
-2220
-2521
-3278
-3045
-2904
-2602
-2303
-2510
-2749
-2638
-2988
-2981
-3146
-3585
-3759
-3736
-3340
-2933
-2644
-2330
-2519
-2323
-1865
-1973
-2444
-2414
-2237
-2210
-2320
-2361
-2546
-2379
-1934
-1501
-1689
-1951
-1497
-1153
-588
-67
4
-193
152
-146
95
58
-169
-369
-1041
-1263
-1118
-1272
-934
-530
-607
-177
-489
-29
505
265
455
-57
-50
7
-267
408
387
-29
-89
-144
-514
-960
-1606
-1541
-1466
-1567
-940
-1180
-1027
-467
-254
151
238
382
455
829
870
961
1263
1308
1094
1436
1465
1067
809
356
542
810
736
1078
1306
1577
1862
1516
1137
1051
696
612
80
-556
-510
-1049
-1121
-704
-785
-1142
-1231
-1706
-1684
-2000
-2451
-2696
-2264
-2420
-2673
-2883
-3157
-2925
-3095
-3294
-3199
-3510
-3002
-2736
-3346
-2600
-2480
-3049
-2404
-2716
-3601
-2826
-2800
69
3580
5179
3991
3254
4882
4349
1960
-273
-3811
-5868
-4576
-4685
-5318
-4640
-2380
6
1808
3810
3832
3502
4212
4654
3889
2718
798
-72
-636
-677
-348
-931
-828
-236
1085
1255
1429
2554
3605
5972
8672
8744
6708
5790
6076
5540
2992
226
-1929
-2807
-1458
-1780
-1964
306
2229
4838
6722
6540
6397
6113
6219
5653
3515
1630
617
279
1088
971
241
228
225
380
729
552
42
639
1428
1941
1684
955
827
355
-130
-1340
-2882
-3614
-3353
-2323
-1577
-1142
-1493
-866
87
128
-801
-2039
-2197
-2244
-1681
-1559
-2026
-1443
-144
-398
-723
-1195
-1470
-902
278
1732
2626
3618
4688
6362
6911
6834
5273
3063
1571
-147
-1727
-3244
-3464
-2962
-1623
52
1554
2756
3737
4456
4493
4421
3405
2506
2305
1929
2064
1636
1222
786
867
718
-224
-1065
-1326
-1894
-1629
-332
395
1126
2306
2998
3688
3976
3333
2526
1188
336
-61
-554
-989
-1168
-926
-658
-1029
-1365
-1048
-1400
-784
-580
-670
-630
-1190
-1039
-1371
-1485
-2374
-4232
-5969
-7333
-8431
-8936
-8641
-8153
-8002
-7168
-6387
-5205
-4551
-5657
-6313
-6316
-7662
-8032
-9236
-10435
-10226
-9669
-10240
-10613
-11216
-10543
-8900
-6377
-2294
1125
6026
9846
9700
9031
8970
5588
1875
-2589
-7146
-9557
-10887
-9656
-8831
-6863
-2655
811
3858
6050
7536
7717
6930
5917
4761
2412
-275
-1622
-2256
-2857
-3362
-3050
-3457
-3196
-2088
-1120
-250
1031
3959
6226
8184
10252
11329
11072
10650
8662
4669
845
-1105
-2689
-4532
-4640
-3251
-1411
1899
3897
4901
6555
6905
7588
7465
6188
5287
5311
4525
3323
2304
1041
-330
-1425
-2240
-3327
-3799
-2593
-938
518
1994
3576
4354
4841
4564
2419
-205
-2283
-4802
-6206
-6883
-7643
-7213
-6913
-5673
-4700
-4979
-5298
-5756
-6821
-6702
-7016
-7447
-6224
-5507
-4817
-4537
-4664
-6017
-7433
-9600
-10785
-11472
-11812
-7667
-2965
2407
10846
15627
10732
9750
12892
9204
2088
-3335
-7983
-11041
-9887
-7149
-7624
-8481
-2699
2641
4041
6291
7918
8337
7734
8920
9391
5453
1679
2040
1895
-462
-1343
-1719
-3958
-4837
-1803
15
-957
158
3479
5536
7871
11723
12607
10689
10892
12037
10561
8145
4916
-1600
-4918
-3688
-2373
-911
-770
-170
2405
6856
7477
6464
4908
4531
4593
5239
4021
940
896
490
521
-461
-3051
-5143
-5108
-3843
-2974
-2383
-1437
447
1420
2357
1774
-843
-3096
-5993
-7587
-9133
-10675
-11220
-10455
-9019
-7841
-7230
-7717
-8350
-8816
-7591
-8115
-9428
-8151
-6206
-5820
-4672
-4383
-6931
-6643
-6541
-9936
-11931
-11662
-9563
-2406
9336
18682
14268
10550
19163
22397
14044
6702
-2171
-9395
-8850
-7396
-9007
-13672
-8974
1120
6408
8033
10699
11918
10537
12203
14107
10561
2965
1401
3469
1954
1219
932
-1673
-5048
-1441
1902
-1476
-3196
-1001
2741
6468
11139
13798
12487
11458
14009
13616
8089
1447
-4679
-7588
-9742
-9913
-9166
-7245
3359
14356
11188
6261
7656
7935
8111
3723
-5595
-6881
-3162
-1023
-367
-3662
-4245
-1277
-122
-2732
-5169
-5514
-4400
-1330
1577
1348
-655
-181
1037
605
-3262
-6973
-9217
-11088
-10462
-10026
-11025
-10577
-8333
-6345
-6338
-6973
-8188
-10446
-11174
-10833
-12169
-11892
-11754
-11771
-8884
-8543
-8362
-6802
-7676
-8659
-9745
-13479
-16746
-19136
-20494
-18664
-9727
10889
23810
14618
12464
24261
27515
19773
7639
-7468
-16639
-14596
-11367
-15457
-21753
-13770
281
7052
10341
14107
15751
14255
16230
18550
11891
102
-2250
-755
-2701
-1961
-1228
-5429
-8222
-1330
3310
-231
-2739
-733
3280
8212
15534
19538
17581
16944
20990
21817
14759
3855
-4144
-8489
-11348
-8783
-3578
-5296
-3425
11799
26446
26365
20686
15744
12299
14573
13818
4777
-4418
-3997
3279
6280
2050
-587
-342
1044
4330
5367
2345
1432
6484
12261
11663
8198
5789
2695
-481
-2197
-5353
-12209
-16288
-13179
-10293
-9767
-8064
-6267
-5638
-5055
-4113
-6119
-10280
-12338
-12315
-12105
-9681
-8733
-10236
-9665
-7009
-5967
-9965
-15839
-18847
-22960
-25706
-20504
-1877
22502
26204
12863
16979
30848
29637
17817
3893
-9097
-13341
-12194
-12212
-18681
-21594
-9199
2981
8049
11360
15764
16659
15067
16980
17485
8965
-783
-1685
-712
-2207
-3087
-4389
-8741
-9337
-2873
-1740
-5665
-6864
-3632
2320
8532
15297
18293
16570
16793
20810
20254
12031
408
-6447
-9798
-13264
-13033
-11956
-12015
-5595
5769
10016
8755
11288
14296
13709
15773
19252
17726
13869
10327
5257
1495
-3885
-11304
-15528
-18172
-16952
-9702
-5207
558
10207
16756
21833
22380
17663
11582
3472
-5051
-12850
-19859
-22820
-21460
-18288
-12372
-6361
-2662
149
1735
380
-3480
-6308
-8810
-10653
-11825
-11000
-7839
-5380
-4360
-4710
-6107
-7923
-10737
-15599
-21843
-27782
-29046
-22335
-7760
15386
30919
22085
15485
27215
32263
20062
4211
-11225
-19420
-18324
-15543
-17645
-24205
-17007
-2296
5268
8207
10748
13132
13103
14065
16726
13000
2039
-2867
-2125
-2684
-3772
-5888
-9609
-12869
-8347
-2976
-4335
-6960
-5268
298
6111
12753
16802
15932
15307
19514
21740
16594
6434
-3681
-8589
-11846
-12518
-11570
-12707
-9886
-118
9513
10707
10206
14070
15783
13256
13239
11348
6113
5768
3706
-1255
-3721
-6716
-10672
-14148
-15605
-11372
-7081
-4379
3189
9975
13638
16114
15342
10313
2762
-2830
-9512
-17310
-20391
-19388
-16403
-12223
-6934
-944
1462
995
1277
-3090
-8309
-11515
-14373
-15021
-13399
-9816
-6253
-2153
1641
3164
631
-3562
-9509
-15717
-21721
-28160
-31119
-25550
-14522
-2643
13365
30853
27542
12811
18912
26718
15820
475
-13622
-21624
-16528
-12030
-13393
-18595
-12701
3456
10499
11580
12285
12714
12909
13168
12530
7173
-1940
-4988
-2470
-2486
-1053
-949
-4235
-6466
-2610
1281
-3326
-4972
-2502
909
6964
13708
16257
15798
16069
17651
17098
11037
2938
-5306
-8657
-8089
-6712
-3633
-2025
159
6935
14980
19463
14307
8063
9377
9376
8259
6036
-1793
-2657
2383
750
-233
-3911
-5745
-1701
831
3148
3547
5083
9124
10015
9017
6142
566
-4068
-6881
-8151
-9147
-11217
-8433
-2860
1590
4559
4478
3572
-928
-4672
-7037
-12546
-15969
-15194
-12532
-9164
-4350
1389
4439
4507
5132
2463
-4752
-10728
-16637
-16808
-10456
-8285
-9013
-1688
9743
14355
15877
13901
8549
6613
5738
-515
-7562
-9265
-8037
-5514
-3592
-1249
590
2790
5963
8109
8252
5910
5431
5334
3593
3157
3058
1249
-158
1240
1784
936
920
2305
1694
1159
3268
4162
4028
3922
5977
7972
9283
9926
9764
8694
7801
7031
4724
2828
317
-600
542
1443
2530
3172
3576
3600
4537
4553
3793
5022
5438
4209
4180
4068
2694
990
-1380
-3381
-5169
-5649
-4394
-3543
-1127
3252
6851
8272
7198
5449
2758
-1553
-6846
-10963
-12122
-10601
-8054
-5586
-2839
318
2106
1992
-93
-4478
-9179
-14369
-17246
-16769
-15889
-14074
-10592
-5924
-2465
-1093
-2284
-6276
-10745
-16351
-24380
-29670
-28284
-15590
7578
25540
17644
8241
22432
30216
24864
14075
-10265
-22150
-11966
-10212
-17512
-25156
-18355
-1412
8431
14175
13834
12714
16019
18925
15944
5261
-6192
-9189
-9464
-9271
-4798
-4960
-6322
-3395
4025
6228
1771
934
-1421
-573
4878
8211
8368
8771
10364
15237
17790
14193
7094
-1574
-4293
-6074
-6782
-5271
-4665
372
7347
10602
10704
8786
5836
3202
-78
-2454
-3377
-3809
-74
3670
4508
5636
4873
1980
-661
-4872
-8297
-8845
-8186
-5209
-1657
1884
6047
8711
9164
7476
3543
-1216
-5795
-9156
-11483
-9803
-6528
-5149
-2888
-1320
-1082
-2192
-6013
-9465
-12308
-14796
-13925
-11899
-7807
-2412
1837
5790
5587
2840
-585
-7972
-14927
-21045
-26438
-30647
-32276
-27752
-14551
5688
22670
20786
18971
28382
30801
26246
14026
-3707
-11943
-12114
-14537
-20414
-26036
-18961
-7702
1237
9017
12507
16678
20419
22469
20978
12751
3975
-2311
-7233
-7974
-6636
-7001
-6360
-3785
2347
4351
3498
2861
-585
-282
3086
6180
7799
9482
11969
16516
18888
17133
10502
3026
-906
-5070
-6957
-7527
-6680
-2764
2244
6836
9309
9317
8619
6989
3880
2043
320
-165
1403
1915
3658
4751
2638
1274
180
-2355
-4205
-5565
-5027
-2691
-794
2702
5538
6959
7906
7787
5545
684
-4443
-6984
-7938
-7124
-4911
-3362
-1160
1122
701
-2127
-6619
-10397
-11882
-12762
-11897
-8936
-3765
1791
6359
9238
7567
2567
-2794
-10805
-19473
-26536
-31110
-31955
-26974
-12892
5458
17752
17882
19485
27312
32379
28005
10765
-6918
-8169
-7340
-12353
-18964
-25495
-18099
-6166
723
3344
5585
12529
19206
22694
20293
13059
6965
3287
-1197
-4983
-8776
-11660
-9725
-6454
-528
1487
1214
2530
2964
4417
4404
5155
5969
6476
9115
13523
14527
13172
9710
4865
1697
-2541
-5450
-7812
-7879
-4831
-1535
1532
3466
5116
5876
6385
6080
4042
1881
1411
2196
1816
690
-872
-1839
-3097
-3825
-3812
-5202
-3893
-1010
752
2007
2895
4275
4099
1726
1022
479
-1787
-3160
-3914
-3734
-2496
-1305
-1502
-2436
-3652
-5408
-7333
-9202
-10895
-10621
-9404
-7267
-3719
-951
2272
4140
3748
2559
-328
-6662
-12399
-15649
-21035
-25127
-26494
-27476
-23491
-12807
1421
16127
16892
13744
21926
25308
22106
14298
-62
-7092
-7368
-11636
-18348
-24904
-20826
-12118
-5826
1561
6434
12279
17917
20830
21596
15884
7462
1582
-3827
-7431
-9175
-11476
-11607
-9587
-3814
-1224
-1559
-22
-39
1941
5695
8324
9491
10090
10950
13014
13194
10947
6153
683
-2005
-4656
-6168
-6158
-5970
-3549
333
3726
5241
5238
5248
6064
5965
4084
2705
2227
3035
4068
3183
65
-2353
-3526
-4171
-3746
-4771
-4074
-585
3116
5769
6817
6051
4856
3464
2559
911
-2197
-3208
-3088
-1977
318
616
310
-1113
-2872
-4175
-7141
-9391
-9999
-9514
-6741
-4179
-2773
302
1793
3818
4045
390
-2940
-6940
-10365
-14736
-20329
-23676
-26823
-27904
-21772
-10886
4133
16649
15479
18027
25646
26449
22966
11959
-1716
-7124
-10193
-14708
-20313
-24223
-18519
-11231
-2720
4709
9391
15568
19700
22615
21645
14628
6640
883
-4428
-7202
-9456
-11272
-11133
-8773
-3427
-2749
-938
790
951
3833
7584
10930
11837
11839
13054
14867
13589
11108
5756
769
-1692
-3836
-4610
-6050
-4815
-1672
742
3782
4971
4982
5755
5995
5706
4541
3452
3979
2732
1642
511
-1641
-1797
-3893
-5232
-4265
-3451
-12
3220
4824
6902
6837
6311
4631
2055
1383
-1364
-3423
-2367
-1387
814
2434
2507
2799
460
-1531
-4119
-7659
-8873
-10026
-8956
-6052
-3868
-449
2010
2940
4715
3864
1835
-1347
-4978
-8433
-13337
-16878
-19237
-21155
-24160
-26141
-23117
-14966
-549
14690
17613
16618
23787
27266
24830
17929
3852
-8547
-11556
-15046
-20705
-25542
-23113
-13925
-4431
4120
8258
13722
20175
24413
23577
16889
9285
3099
-2239
-7685
-10057
-13189
-13932
-10962
-6546
-3299
-1268
2197
3268
6703
9650
10757
10043
9258
9782
11254
11534
9876
7121
2914
644
-2103
-5640
-7897
-8362
-6189
-3812
-145
4281
7477
9958
10555
8940
7242
3805
-650
-2360
-5095
-5227
-4495
-4899
-2351
-1011
900
3224
2363
2451
2690
494
-34
-957
-215
1752
2259
3397
3115
2271
1351
79
-1000
-2687
-4238
-4469
-5522
-5287
-5278
-6813
-7228
-6627
-6209
-6606
-6324
-2961
-1
1402
2696
2268
496
-1968
-6901
-12741
-17109
-22467
-26124
-28299
-29252
-25067
-10796
8511
19432
18643
20236
26450
26964
23005
10416
-5273
-10315
-10627
-14712
-21450
-23140
-15937
-8030
-939
3649
6647
13063
19722
22532
20977
15053
8980
3020
-4107
-8382
-12388
-15779
-14479
-10270
-5483
-2187
2163
4909
6420
8297
8991
8292
7525
7628
8652
10739
11642
11265
8783
5921
2442
-1638
-5542
-8432
-8671
-7090
-4059
1087
6655
10388
12142
12292
11614
8564
3705
-263
-4292
-5384
-4374
-4505
-2121
334
2804
4988
3966
3360
2163
-972
-1666
-2410
-1588
1092
3245
6441
7735
7246
5456
2680
344
-1958
-4767
-5761
-6359
-5373
-3966
-3770
-3624
-3635
-4022
-4774
-5093
-3871
-2118
-1101
1128
1900
1802
498
-4241
-10140
-16344
-20928
-25129
-30701
-32486
-24535
-6241
12273
17429
16299
24633
31348
30941
21820
4839
-6862
-8710
-11954
-18794
-24537
-22115
-12506
-5124
676
3584
8032
14254
19448
21305
17077
11439
6892
1851
-3119
-7657
-13362
-15441
-14432
-10988
-7188
-4386
137
2841
5979
8385
8967
8455
7791
7216
8757
10781
10633
9084
6432
4193
595
-2789
-5644
-7787
-7558
-5483
-1719
1887
5220
8214
9749
9272
7981
6322
2229
-673
-1712
-2926
-3433
-2658
-2086
-654
53
67
1170
333
-109
-808
-812
119
567
2028
3835
5366
6587
5118
3345
1192
-304
-1644
-4077
-4194
-4541
-5308
-4961
-5442
-5685
-6170
-6438
-5246
-4440
-1868
-3
1251
3686
4167
2999
485
-3961
-9003
-14920
-19764
-22679
-24869
-26339
-26353
-23376
-11268
8594
19161
16572
17258
22879
24833
22830
11914
-2982
-8512
-8634
-11811
-18086
-22038
-17398
-10065
-2781
2991
6556
12136
18204
23187
22559
15779
8462
2444
-3436
-7212
-10254
-14212
-14129
-9880
-4064
-602
1228
2979
4569
6574
7283
7332
6544
6486
8667
11568
11980
10437
7907
4864
2362
-982
-5224
-8384
-8027
-4582
-868
2289
5204
7677
8838
8291
6636
4180
1151
378
390
-1187
-1139
-153
936
1529
479
-497
-1946
-2750
-1641
-1659
-1759
-181
2318
5409
7281
8020
6872
4779
3092
1213
-842
-2598
-3595
-3103
-2939
-2861
-2785
-5135
-5909
-5672
-5459
-4912
-4509
-2315
638
2175
4559
5550
3724
227
-4734
-8094
-12274
-17178
-20823
-23470
-23421
-22756
-23158
-18305
-2966
14159
20642
16375
17441
24389
26876
20812
7426
-4762
-7610
-8002
-13603
-20855
-22893
-15601
-7816
-927
4278
9036
15824
22403
25391
20994
12982
5446
-368
-5843
-10430
-15411
-16828
-12832
-7385
-2173
-377
2860
5807
7360
8324
8472
8137
8626
9369
10741
12094
11501
10099
7295
4100
169
-3746
-5310
-5345
-3679
-960
1936
5209
7517
9168
8529
6559
5964
5371
2300
693
929
1631
2991
1884
935
1256
1049
801
-266
-1703
-1065
-915
37
2357
4724
7520
8670
8477
7789
6472
4206
1004
-2019
-4044
-4573
-3367
-2961
-3471
-3537
-3713
-3841
-4032
-4945
-5416
-5336
-2930
55
1908
3449
3306
1590
-979
-5159
-10830
-16552
-20674
-22699
-24699
-25404
-25610
-25089
-15462
679
14248
18361
14703
19496
25808
24051
17062
2886
-8167
-8382
-10476
-16827
-24662
-25392
-16725
-9081
-1382
3049
8195
16878
23065
24542
19580
10492
3281
-3024
-9143
-13101
-17414
-17692
-13066
-5811
223
2563
5149
6119
7120
7349
5814
4790
4893
6161
9445
11723
11861
10168
6755
3547
-757
-4292
-6608
-8127
-6443
-3431
79
3432
5315
7502
8111
7439
5973
2437
-44
-1181
-2072
-2044
-3199
-2462
-523
-189
647
-710
-1602
-1189
-2155
-1538
-387
1588
4729
6607
8114
8263
6870
4551
1259
-1994
-4028
-4704
-4788
-3996
-3105
-3039
-3750
-4553
-4946
-5435
-6695
-7464
-6125
-2558
223
1212
1303
1313
-398
-5083
-10726
-15777
-18228
-20029
-22286
-24080
-24726
-23250
-17033
-5158
7541
16176
14862
16475
24661
26071
20424
11151
-907
-5223
-7532
-14791
-22232
-26436
-20324
-12845
-5199
1756
7886
16651
24439
26730
23295
15548
5859
-438
-7170
-11637
-15041
-15984
-11509
-4642
2585
4452
5473
6754
7083
6535
5204
3702
4233
6979
11075
14975
15583
14807
12052
8063
3515
-1724
-5740
-7474
-6743
-4128
-764
2501
6414
9400
10103
10004
8695
5658
2428
421
-424
425
-5
-952
428
1742
2372
1765
-1146
-1422
-503
-291
537
1111
4095
7216
9511
10610
8706
6157
4336
1389
-1181
-4337
-6453
-5589
-4773
-3926
-4521
-4771
-4203
-4211
-4234
-5143
-5288
-2977
-923
392
657
99
-1755
-5324
-8954
-13361
-16897
-18221
-20166
-21829
-22010
-22666
-22065
-15508
-5690
5234
15377
15911
18160
25025
25503
21886
13066
439
-5722
-11148
-17015
-23044
-26889
-21015
-12785
-3153
4984
11325
18769
24728
26343
22835
13427
3794
-2112
-7419
-10566
-13181
-12807
-8348
-2475
2672
3438
3147
3037
3227
3384
3296
3534
5470
9471
14045
16762
16305
14530
11068
7421
2699
-2512
-6521
-8645
-7226
-4685
-1696
1542
4518
7715
9702
9527
7218
3775
1910
227
-1118
-1363
-2367
-1082
1070
826
1230
-83
-388
938
-396
-431
-706
1058
5090
6424
7403
7444
5801
5401
2554
-1408
-4005
-6677
-6800
-6172
-5864
-4454
-4495
-4013
-3482
-4432
-4679
-5727
-6113
-4601
-3479
-2463
-2338
-2681
-3863
-6584
-9206
-12982
-15752
-17642
-20032
-21264
-23250
-25179
-23857
-18924
-9513
2945
15036
17259
18566
26536
27748
23500
14104
-744
-8552
-13820
-19090
-25177
-29630
-22200
-12038
-2096
5343
10556
18266
24360
24704
20242
10694
2137
-2281
-7831
-10702
-12688
-12157
-8575
-4302
-386
-714
-1444
-611
762
1195
2439
4524
7621
12164
16169
17499
16296
14405
10659
6020
310
-4822
-8420
-10134
-9005
-6470
-2770
1571
5664
8995
10359
9401
7256
3786
921
-1069
-3008
-2620
-2013
-956
2013
2392
2253
2522
1559
2044
425
-1317
-702
10
3205
5570
5958
7099
7181
6841
4373
490
-2213
-4352
-5604
-5354
-5464
-5273
-5528
-5002
-3841
-3990
-4269
-5335
-5941
-4486
-3113
-3648
-4121
-4375
-4048
-4937
-7051
-10506
-13476
-14474
-15680
-18253
-21500
-23819
-24993
-22342
-14152
-3443
10446
18072
17879
25302
29377
26275
19400
5655
-4981
-10433
-16203
-20677
-26447
-22321
-12104
-3313
5786
10861
17066
22778
25061
22922
15906
6304
1092
-3213
-6703
-8356
-9041
-7134
-4318
-27
691
-157
-278
801
2123
3728
6752
9343
12586
16407
18862
18608
17321
13208
8336
3630
-1613
-6627
-9392
-8495
-6004
-2633
788
4207
7694
9998
9330
6955
4088
1537
-291
-1300
-624
616
1264
4231
5667
5258
4361
1709
906
-312
-2444
-3051
-2926
822
5377
7589
9104
8728
8684
7291
3681
-810
-4129
-6264
-5905
-5664
-5381
-4959
-5003
-3620
-3423
-3717
-4876
-6078
-6458
-5633
-5706
-5649
-4775
-4288
-5223
-6513
-8277
-10033
-10770
-13461
-16343
-18457
-21568
-24162
-26281
-24711
-15891
-3022
12308
17957
17104
24505
28955
27107
19749
4247
-6018
-10229
-14818
-19572
-25765
-22043
-13256
-4408
3319
7399
14232
20519
23255
21550
14479
6559
1927
-2852
-6346
-8747
-10071
-9340
-7035
-2728
-1549
-1067
-241
1122
3202
5176
7519
9887
12842
15763
17355
17298
15774
11780
6650
1136
-3861
-7656
-9367
-8712
-6391
-2262
2096
5195
7893
8365
6429
4536
2042
-1640
-3139
-1486
-272
1652
4443
5890
7214
6235
3152
665
-3553
-6141
-6505
-6374
-2961
1331
5666
9843
11484
11760
8871
3944
-227
-5367
-8230
-8946
-8669
-5997
-4813
-3628
-3027
-3693
-3558
-5817
-8266
-9972
-10648
-8474
-6940
-4989
-2673
-2259
-2837
-3448
-4721
-7386
-11034
-14382
-16890
-19200
-22552
-25236
-25181
-23683
-17355
-5921
9631
18148
15827
20808
26567
25797
21464
8974
-2754
-6816
-10039
-14653
-23349
-23455
-15540
-8227
786
5659
11795
19457
24236
24087
18621
10107
3595
-2004
-6834
-9460
-11353
-10440
-7416
-1063
2080
1922
3109
3965
4750
5599
6849
7857
9780
12843
15198
16240
15686
12484
7911
3168
-1277
-5245
-8534
-9117
-6810
-2506
1658
4197
6505
7307
6362
4396
1160
-1948
-2312
-584
771
3304
6148
8545
10213
8699
5234
500
-4428
-5806
-5888
-5942
-2910
2093
8472
12387
12666
11244
7556
3317
-1665
-6843
-8953
-8241
-5758
-3282
-1665
-563
-1839
-2559
-4603
-8642
-12124
-14337
-13738
-10437
-7549
-4710
-2333
-607
469
-1049
-4084
-8451
-12219
-15220
-19798
-24493
-28060
-27435
-21680
-11732
2793
15096
15495
18729
26063
26648
23722
14419
2129
-3270
-6013
-11011
-18786
-24432
-19069
-12402
-4971
592
5771
14766
22029
25293
22385
14971
7035
1077
-5741
-10140
-12759
-13042
-10050
-3718
2772
4175
5385
5852
5949
5637
5143
4684
5229
8576
12907
16325
17569
16619
13843
10308
4706
-785
-5365
-8572
-8199
-5424
-1872
1934
5036
7207
8260
6491
2927
-264
-1795
-1658
-341
1638
3397
6892
9842
9370
8054
3865
6
-3122
-6824
-7078
-6540
-3632
2041
6332
11436
13089
12098
9619
3867
-636
-5893
-9655
-9690
-8208
-5886
-3851
-2672
-1352
-2687
-4516
-7578
-11986
-14143
-14210
-12197
-10056
-7318
-4047
-2416
-1792
-2813
-7005
-11371
-15508
-20176
-25472
-29271
-27663
-19400
-7348
6729
14176
15902
23816
27568
24270
18994
7437
-2061
-5987
-10980
-14982
-20404
-19454
-15035
-10431
-3306
484
6207
13067
18522
20870
18598
12393
6513
483
-5371
-10342
-14174
-14810
-12792
-6861
-2230
1207
4630
7408
9138
9271
9197
6809
6777
8665
10039
11392
12025
11588
10508
8242
5074
1032
-2727
-4055
-4924
-4645
-2699
-372
2870
5564
5765
4943
3297
1734
784
294
342
1340
2775
4763
6593
7136
6821
4986
1382
-127
-1645
-3919
-3727
-2161
1050
5286
8524
10738
11317
9226
7148
2895
-2092
-5178
-8141
-8155
-7122
-6538
-4648
-3727
-2722
-2788
-4934
-7167
-9578
-9841
-9299
-8476
-5931
-4101
-3556
-3419
-5528
-9094
-12345
-16715
-21657
-25521
-26555
-22909
-13392
-1165
11398
15452
16939
24656
26511
22913
15643
3195
-3905
-6696
-10624
-15583
-20303
-15300
-9305
-4293
218
2438
8446
14684
17589
17567
14504
9583
6062
1430
-3139
-7711
-11651
-12954
-11294
-7348
-5716
-3213
563
4523
7860
10580
11994
11733
11621
12000
11867
11049
9475
7378
5709
4126
3185
1118
-1051
-1997
-2064
-1570
-1064
311
2329
3637
4444
4349
3492
2751
1904
656
-928
-206
1758
2044
2870
3467
4180
5921
4329
2808
401
-2408
-1524
-1924
-1247
873
2659
6371
8168
8107
6403
3269
946
-1961
-5319
-8918
-10470
-9847
-8049
-5186
-5027
-4343
-2845
-3879
-4348
-6133
-7886
-8280
-8415
-7260
-7883
-8899
-9903
-13563
-16108
-19385
-24957
-27932
-26627
-18205
-6196
6522
14260
14849
22267
28742
25951
19123
6868
-3016
-6511
-12133
-17510
-23195
-20657
-12428
-5454
42
2440
8092
14109
17676
17211
13945
9523
7367
4420
86
-4006
-8000
-9989
-10571
-8426
-8017
-7727
-5041
-922
3621
7049
10382
12903
15379
17121
17714
15869
12961
9136
5564
1809
-1081
-2935
-3514
-1709
-445
589
1775
2634
4122
4776
3949
3381
3121
3739
4131
2421
669
447
459
139
-302
-1025
362
3766
4204
3974
3781
2971
2696
1551
-157
-117
1029
3366
4440
3914
4605
4665
4043
1733
-2323
-5258
-8184
-10674
-10760
-11015
-9616
-7043
-4487
-1827
-831
-153
-1136
-2353
-3906
-7000
-9923
-12408
-14115
-16863
-19815
-22026
-25383
-27416
-24091
-16080
-3710
10822
15100
15136
24247
29620
26921
19173
6168
-3056
-7593
-12915
-20503
-27946
-23137
-14104
-5949
584
4181
10943
17607
21351
19192
13278
6974
3651
813
-1970
-5211
-7555
-8012
-6806
-4309
-5786
-7311
-6484
-3600
-500
2464
6170
9998
15001
19677
22093
22005
19702
14980
9641
3635
-2624
-7301
-9339
-8047
-4745
-1140
2301
5593
8288
9401
8460
6410
4729
3675
3418
3232
1331
-174
-633
-653
-633
-2397
-2829
-987
816
3705
4760
4494
5797
6150
5398
4620
2843
2936
3429
2470
3214
1973
1208
1805
-12
-576
-2918
-6616
-7850
-9328
-9268
-8801
-7600
-4845
-2313
1299
2906
2919
2600
371
-3749
-9100
-14418
-19209
-24487
-28963
-31414
-30589
-23782
-11806
4239
17562
19514
23134
30996
31879
26001
14508
1385
-5359
-10328
-15822
-24077
-27634
-20208
-12551
-4121
743
6250
13688
20192
22907
19558
13371
7278
2980
-2019
-5347
-8307
-9608
-8347
-5171
-3386
-3673
-4091
-4031
-3054
-2331
420
2939
5920
11519
16898
20492
22584
21000
16612
11560
5369
-1371
-7159
-10289
-10882
-9236
-5217
-978
2839
7131
9386
9137
7609
6163
5138
3975
3006
1876
-343
-1040
-1370
-4152
-5069
-6279
-6651
-4216
-2800
-275
2332
5002
7980
7214
6601
7035
5042
3894
1674
-1556
-2683
-3341
-3801
-4392
-5434
-5982
-6400
-6121
-7162
-8630
-9505
-8984
-6742
-4024
-1461
-562
689
2506
1791
-2536
-7857
-13948
-19148
-23777
-28437
-31609
-31994
-26597
-14901
-639
13681
18151
19059
27600
29889
25471
16191
2066
-5410
-8850
-13817
-20886
-26525
-21115
-13773
-5921
-838
2745
10450
17709
21837
20373
15635
10044
5921
1061
-3350
-7115
-8953
-9154
-6437
-2983
-2772
-2083
-1079
-5
1382
2682
3717
5172
8185
12809
16030
17928
18155
15690
12849
8695
3104
-2610
-6642
-8471
-8728
-7174
-4604
-988
3481
7060
8883
8901
8251
8327
6930
5634
4661
1684
-263
-1014
-2896
-3938
-5756
-6918
-5393
-4017
-1191
475
2195
5920
7369
8970
9065
6645
5773
3220
680
-1769
-4115
-4380
-5140
-5736
-5427
-6351
-5420
-5318
-6097
-5782
-6108
-5327
-4162
-1807
-86
835
2021
1755
-986
-4657
-11168
-18001
-22968
-28792
-32325
-31118
-22991
-9151
7285
15058
16073
23593
28972
27746
20354
6779
-2971
-6490
-10544
-16116
-23612
-21760
-15128
-7660
-2006
-80
5495
11436
16882
18380
16069
11301
8560
6061
1885
-3064
-7118
-9396
-9014
-6594
-6636
-6267
-3801
-314
2586
5013
7157
8469
10259
11690
12701
13430
12797
11286
9776
7626
4633
1984
-45
-1586
-2653
-3036
-2922
-1926
490
2709
4214
5663
6842
8373
9129
8149
6441
5086
3108
747
-1906
-5001
-5796
-5599
-5482
-4245
-2965
-760
2443
4159
5185
6034
6701
7703
7856
6374
3964
2105
208
-656
-2039
-5183
-6429
-7234
-7339
-5560
-6375
-5843
-3587
-2152
-279
788
1598
2588
3015
3158
1209
-2277
-6235
-10871
-15051
-20640
-25754
-29585
-30587
-26395
-17244
-2942
13921
18344
19016
26986
29555
26552
17469
3214
-5907
-9838
-13087
-19029
-24773
-20039
-12458
-3651
1053
3247
8291
13785
18036
17221
13185
8968
6692
4215
1059
-2876
-6530
-9197
-8475
-7339
-8076
-8045
-5880
-1962
2447
6917
9881
11639
13935
15125
14886
13966
11005
7445
4933
2457
352
-1298
-2356
-2518
-1983
-1248
-763
96
1695
3489
4264
4524
5288
6608
6838
6122
4837
2897
1275
-610
-3256
-5210
-6679
-6757
-5805
-4879
-3212
-1811
-115
2068
4022
6419
7143
7278
6949
5539
3326
273
-1603
-3800
-5103
-6874
-8579
-8984
-8460
-7354
-6913
-5707
-3053
-2180
-310
2053
2060
2302
1607
515
-2038
-5663
-9692
-14407
-19751
-23833
-28319
-32408
-29889
-20352
-8558
7637
17126
17707
25825
31484
28799
20593
6534
-4329
-9692
-14973
-20483
-27547
-23819
-15518
-6389
742
3866
9662
15271
19877
18632
14816
9471
5864
3125
138
-4023
-6866
-8731
-8775
-7305
-7631
-7734
-6953
-3913
-9
4032
8141
10959
13663
16760
18134
17903
14894
10212
6322
2186
-1373
-4671
-6386
-5497
-3750
-1023
1293
3436
5626
7280
7456
6238
5426
5749
6902
6758
4298
2698
2270
1176
-436
-3811
-5863
-5601
-5312
-3214
-3075
-3049
-386
1218
4334
6350
6380
7858
7658
6922
4476
951
-1553
-3894
-5759
-7447
-8156
-8427
-7425
-5956
-5618
-5544
-4567
-3955
-2792
-1325
-408
19
618
306
-1803
-3651
-7094
-13084
-18483
-23651
-28804
-31459
-27695
-18813
-5817
10590
14917
18118
27539
30822
28074
18364
4161
-4704
-11479
-16121
-23801
-28795
-22926
-15153
-4328
1275
6368
12178
18054
20713
18280
12450
6043
2492
-344
-3656
-6804
-8355
-9257
-7041
-5762
-6274
-6648
-5809
-3401
-416
3172
6803
9665
13508
16889
18472
18283
14865
10112
5517
77
-4613
-8014
-8850
-7597
-5296
-1798
1494
4674
7780
9145
8324
6807
5614
4951
3888
4414
3903
2078
1878
947
-937
-2426
-4837
-5678
-4653
-4080
-2844
-2078
-35
3087
4362
5894
6518
7115
7876
6261
4060
1563
-584
-2249
-4852
-6535
-7915
-8760
-7663
-7308
-6693
-6465
-5549
-4213
-2453
-196
626
1942
2891
2435
107
-3441
-8100
-13580
-19404
-24862
-30220
-32277
-28547
-19975
-5880
11633
16602
17134
25945
29728
26808
18061
3801
-5451
-9851
-14144
-20924
-28028
-22781
-14975
-5760
-53
3783
9832
16102
20497
19015
14192
7819
3598
638
-2549
-6471
-8997
-10300
-7643
-5629
-6050
-6552
-5572
-2721
196
3199
6574
8707
12232
15745
17072
17046
14153
10069
6147
1945
-2514
-6564
-8291
-7668
-6371
-3829
-1230
1840
5410
8280
8766
7923
7155
7331
6835
4999
3237
1890
1263
905
-1097
-3631
-4543
-5058
-4496
-3881
-3649
-2049
428
2836
4613
5122
6438
7585
7182
5912
3363
691
-170
-1600
-3773
-5248
-6810
-6812
-6592
-6539
-6943
-6934
-5541
-4733
-3428
-1225
-259
1044
2161
1979
-134
-3567
-8199
-14670
-20676
-26833
-31316
-30722
-23102
-9802
6919
12940
14678
24022
29950
29272
20988
6017
-3257
-7143
-11467
-18316
-26740
-22812
-16248
-7159
-1520
1737
7909
14191
19624
19512
15750
9902
6395
3827
250
-4493
-7739
-9958
-7836
-5770
-6664
-7928
-6143
-3304
-689
2499
5665
8211
12009
16007
17643
17671
15659
12595
8718
4517
-546
-4551
-6182
-5662
-4473
-3351
-1597
1303
4518
7144
7917
7852
7860
8701
9614
8743
5816
3385
2097
967
-982
-4170
-5224
-4885
-3778
-1887
-1859
-1014
791
2187
3651
2210
2539
4163
3544
3858
2940
1138
1326
686
-861
-2662
-5290
-6891
-7983
-8688
-8776
-9458
-9385
-7062
-5157
-2865
-1418
-546
573
574
-1119
-3520
-6669
-11015
-16148
-23151
-28372
-27701
-20933
-7964
5530
6790
10404
20640
26511
27190
18715
4722
-2099
-5507
-9253
-18567
-25916
-22347
-15614
-5323
-1843
1006
6374
13415
17324
15764
10405
4283
1642
1417
-1411
-4742
-7061
-7897
-4853
-3329
-4985
-8127
-8172
-6059
-3470
-844
1959
5190
10657
15587
18100
17399
14117
10640
6945
2229
-2688
-6256
-7209
-5588
-2662
-1246
-425
1241
3500
5343
4999
4635
5667
7251
8071
7174
6184
4796
2887
1058
-2670
-5515
-6378
-6272
-5127
-3808
-1892
819
2706
4982
4750
3387
2932
2193
1586
433
-229
-674
-242
-204
-530
-1330
-3443
-4979
-5699
-7206
-7838
-7937
-7790
-6978
-4984
-3168
-2324
-697
701
924
-1135
-3870
-6127
-9606
-14725
-20704
-25731
-25855
-19555
-8248
3896
6768
9440
19057
25533
26749
19866
8136
640
-3196
-7553
-16159
-24879
-22694
-16265
-7414
-2596
1197
7201
14072
19444
17152
11598
5315
1948
136
-2405
-5135
-7040
-6859
-2808
-881
-2192
-4845
-5719
-5094
-3628
-1948
-107
3262
8720
14632
18478
18920
17000
14064
10227
4926
-963
-5322
-7312
-6481
-4249
-2133
-471
1535
4020
6008
6555
7096
8179
9317
9090
8812
7774
5483
4355
2247
-1738
-3828
-5435
-5617
-4304
-3523
-1347
1328
3474
5930
5668
4401
3482
2409
1640
-581
-2195
-1937
-966
-596
-5
-582
-1635
-2575
-4523
-6324
-7356
-8049
-7508
-7128
-5099
-2609
-2044
-362
1129
1602
263
-2659
-6827
-10842
-15561
-21976
-26795
-26541
-17971
-4656
4780
4982
9065
19696
27184
26756
17764
6677
2250
-1163
-7213
-17672
-25655
-22580
-15869
-8166
-5352
-514
7200
16669
21611
19736
13120
6918
4268
2092
-2171
-6574
-9233
-7596
-3125
-1588
-2921
-4872
-3959
-3329
-2875
-2361
-822
2289
7849
13427
17371
17828
17161
15240
11103
6211
513
-4632
-6527
-6234
-5292
-4432
-2506
83
2534
4359
5214
6170
7907
10319
11223
10161
8100
6052
3532
1094
-2817
-7104
-8247
-7197
-4666
-1518
-672
1355
4444
6483
6807
3430
1162
1067
480
444
-1500
-2103
276
1088
1376
-330
-3678
-5082
-6028
-7487
-8275
-9042
-7880
-5061
-2090
-367
-149
189
1456
1458
-1103
-3589
-7242
-10493
-13152
-16865
-21750
-25852
-27151
-21957
-9343
5265
7389
7408
17810
26403
28743
22630
9742
741
-1897
-6215
-16616
-28530
-27342
-20886
-11079
-5181
-1602
5112
14366
21535
20438
14647
6906
2525
739
-2459
-7048
-9509
-9494
-5197
-2316
-3385
-6389
-6197
-5298
-4223
-2583
-701
2254
7044
12752
16897
17743
15982
13279
10361
5839
347
-4945
-7732
-7628
-6404
-5447
-4340
-1500
1200
4002
5484
6246
7458
9039
10494
10870
7927
4929
3001
32
-2726
-5596
-7545
-5970
-4222
-1950
327
733
2970
4612
3467
2158
1514
1336
1330
653
304
427
1020
1536
561
-1077
-3480
-6192
-7729
-8659
-9215
-8771
-7533
-4472
-1712
857
2796
3152
4013
3402
937
-2338
-7014
-11799
-15331
-19127
-23663
-27335
-26185
-16601
-981
9206
8158
13163
23113
29660
28271
17969
6293
1880
-1459
-8485
-20689
-27484
-23234
-16112
-8169
-4947
1331
9326
18997
22760
20754
14782
9014
5254
2333
-2448
-7147
-10010
-8524
-4880
-3535
-4662
-5988
-4102
-2634
-1182
58
2423
5611
10631
15218
18241
18203
17285
14971
11509
6566
675
-4438
-6318
-6607
-6614
-5934
-3936
-766
3059
6021
7517
8863
11491
13864
13227
10816
7784
4608
2126
-784
-4427
-6518
-5689
-3694
-1966
-346
874
2862
4922
4822
2238
1515
2312
3287
3139
2476
2151
2192
3075
2398
-420
-3349
-5599
-7282
-7586
-8334
-9018
-8153
-5919
-3347
-1423
-285
450
1679
2787
1754
-1355
-4643
-8299
-12589
-17267
-22540
-26455
-25413
-19911
-7955
6366
7907
9322
19616
26636
27013
20029
8913
2900
68
-5370
-16297
-25158
-22342
-17483
-9838
-6227
-2201
5285
14001
18931
18160
15102
9874
6671
3925
-435
-4570
-7794
-9031
-6467
-4844
-5510
-7181
-5100
-2657
-740
578
2324
5275
9787
13418
15383
15754
14894
13659
11277
7154
1995
-2784
-5140
-6173
-7140
-7348
-6309
-3763
-518
2413
4272
6345
8822
11708
12917
11464
8610
5619
2180
-967
-4692
-8089
-8356
-6736
-4101
-393
547
1940
4258
5343
4589
1740
657
1827
2569
2754
2051
502
1013
2085
509
-1746
-4678
-6678
-6912
-6987
-7473
-7906
-7507
-5091
-2227
-1094
-270
922
2670
3215
1801
-581
-4398
-8552
-12157
-16681
-20861
-26023
-30505
-27783
-16030
-473
10178
9788
15228
25905
30091
26596
15614
2935
-1627
-5211
-12269
-23170
-27723
-22031
-14258
-5116
-2047
2176
9163
18410
21375
18922
13056
7556
5016
2997
-1804
-6711
-10330
-9478
-6660
-5375
-6148
-7086
-5063
-1958
1050
3172
4903
6805
10746
14292
16301
15308
13312
11322
8903
4503
-657
-6310
-9073
-9498
-8632
-8009
-5963
-2812
2303
6906
8926
10061
10948
11515
10530
8291
4623
813
-1741
-3494
-4585
-4736
-3850
-2212
-886
1270
2181
2463
2238
1377
2020
3135
3834
4181
3608
3636
3396
2420
1266
-320
-1845
-2755
-4553
-6653
-6999
-8016
-8537
-7418
-6637
-5771
-3554
-790
2405
4569
5289
3976
1068
-1687
-6097
-11718
-16911
-22069
-27693
-30244
-26534
-17629
-4994
8425
10803
16174
26824
30088
27305
19178
8183
1856
-3440
-10989
-20602
-26349
-21545
-15941
-7686
-3938
1509
9045
17691
21583
20279
16601
11491
7993
4851
-873
-5765
-8334
-8893
-6546
-5341
-5113
-5973
-3778
-1882
123
1505
3585
5990
9558
13632
16160
16821
16621
15110
11971
6967
1139
-5035
-8605
-9461
-9106
-7669
-4799
102
5776
9565
11421
11327
11346
11931
9528
5590
2176
-474
-812
-816
-2301
-3029
-2068
-333
740
1287
849
124
-82
815
1177
1489
2976
4173
4897
5473
4055
2425
1269
-243
-1822
-3665
-5170
-5843
-6165
-6661
-7991
-7736
-7263
-7072
-5199
-2575
-227
1768
3296
2993
1262
-1391
-6592
-13330
-18596
-23781
-28863
-28447
-23300
-16903
-1491
11298
12481
18789
25754
27751
24960
15991
4822
-2993
-7791
-12514
-21671
-24591
-20581
-13090
-4789
-919
3624
9203
16620
19070
17260
11957
7073
4632
1739
-2258
-5941
-9421
-9054
-6769
-5135
-5917
-6450
-5172
-2176
757
1985
4180
7284
10808
14089
16224
16211
14579
12034
9234
4150
-1667
-6535
-8552
-8875
-7878
-6831
-4701
-781
4083
7428
9037
10251
11774
10511
8520
6626
2750
1371
-720
-3642
-4052
-4901
-4801
-3539
-2782
271
1774
2013
2647
2835
3928
5174
4568
4021
4060
2854
1583
-263
-2335
-2628
-3058
-4093
-5179
-6318
-6336
-6179
-6567
-6311
-6628
-6668
-4306
-2063
-519
674
1309
1474
93
-2913
-7227
-12973
-18380
-23312
-28821
-30036
-26788
-20109
-7019
8124
12158
16648
24974
27698
25655
18808
7063
-2329
-6817
-12101
-19436
-25306
-21423
-16238
-7685
-2782
901
6618
14106
18044
16967
14057
9211
5868
3508
-1238
-5892
-8794
-9525
-7567
-6605
-6598
-7479
-5560
-3121
-416
1221
3663
6747
10641
13996
16088
16702
15657
13044
9667
4342
-1624
-6552
-8831
-9746
-9177
-7280
-3690
1084
5328
8924
9689
9693
9815
8673
6279
3689
1435
-345
-1348
-2176
-2863
-3184
-2850
-1996
-1082
-88
335
242
957
2519
3221
3969
4141
4127
4348
3401
1491
-558
-1153
-1246
-1621
-2230
-3388
-4556
-4957
-5986
-6896
-7427
-7438
-7237
-5157
-2078
-454
1071
1875
2103
1299
-573
-5286
-11109
-16027
-19991
-25068
-28233
-26693
-21416
-11684
4714
13932
15064
22324
28232
27549
22230
12465
1312
-4875
-8946
-14609
-22005
-21671
-17206
-9913
-2154
1404
4912
11330
17219
18429
16684
11940
7063
4390
1962
-2610
-5947
-7986
-8035
-7036
-5677
-6486
-6350
-4452
-1619
1527
4395
6903
9488
12661
15844
16805
15835
13184
9280
4928
312
-4365
-7805
-9518
-9127
-6803
-4014
-479
3321
7599
10920
10773
9694
8999
7344
6375
4872
1526
-413
-627
-720
-1083
-2494
-2791
-2020
-113
-133
-884
-898
121
2673
3896
4195
4546
4594
5649
3808
1415
-115
-2305
-3011
-3512
-5280
-6987
-8085
-7677
-7918
-8681
-8055
-7850
-6079
-2734
-1022
-1070
-449
315
-1125
-4792
-10408
-18261
-24756
-25313
-22691
-20443
-11106
1853
5839
13503
22385
24285
24556
20399
10324
1571
-3712
-9770
-18113
-22368
-20181
-16122
-8134
-3340
251
6132
12901
14353
13138
10391
5973
4023
3327
-170
-2826
-5021
-5802
-5230
-3930
-5771
-9277
-8368
-5741
-3476
-1772
816
4754
9896
14644
16397
15806
14917
12558
9920
6052
1141
-3430
-5069
-4935
-4193
-4130
-4312
-3224
-99
2666
3955
5411
8304
10491
11125
11033
9017
6203
3564
397
-3485
-6261
-7254
-7853
-6380
-3507
-942
1478
3331
5154
5873
5270
3952
2123
1474
1953
1595
1192
854
170
395
-1256
-4375
-7173
-9387
-10340
-10364
-9803
-8420
-7494
-4570
-1444
-99
794
547
-390
-2362
-4638
-9200
-15288
-21764
-24190
-22973
-21688
-13503
-659
3335
8725
18224
22829
24817
22822
15193
6545
158
-5350
-13232
-20861
-21747
-19844
-12376
-5695
-1119
4911
12860
17532
17608
14139
8154
3627
1503
-1552
-4463
-6430
-5999
-4071
-1939
-1481
-4137
-5295
-5722
-5641
-4973
-2838
-300
4478
11227
16523
18805
18955
16602
13077
8395
3070
-2488
-6150
-7242
-5821
-4606
-2698
-1541
37
2513
3937
4207
4934
7387
9585
10004
10160
9185
7164
5379
2490
-1809
-5241
-7388
-7823
-6523
-4636
-2475
144
2891
4893
5462
5534
5000
3156
1621
784
-38
-62
318
-260
-906
-1747
-3872
-6437
-9147
-12146
-12726
-12247
-11049
-8424
-5028
-1549
1245
3173
2874
438
-2548
-7729
-14890
-20737
-22363
-21062
-19550
-11588
694
4112
6998
14445
17263
18387
16909
10550
3536
-90
-3325
-10293
-15954
-16992
-16021
-10689
-5350
-2530
2467
9853
14514
15193
14159
10155
5829
2921
-489
-3566
-5297
-5935
-4764
-2573
-1237
-2168
-2288
-1622
-1632
-3122
-2574
-612
2073
6795
10511
13903
16179
15767
13975
10558
6307
1903
-1479
-3734
-4514
-4139
-3578
-2589
-1210
619
1683
2427
4583
6872
8853
10882
11635
10399
8398
5877
2523
-1159
-5103
-7558
-7630
-5920
-3706
-1502
277
2532
4554
4652
3251
1608
125
-724
-1099
-1802
-2077
-1148
-119
82
-1046
-3810
-6242
-8541
-10665
-12050
-12502
-11988
-9227
-5197
-1806
284
1637
2267
1111
-1702
-6436
-13030
-18686
-19782
-18712
-17016
-8781
2660
6578
9306
14962
16726
15859
13593
6700
-478
-2824
-4224
-8598
-12730
-12606
-10649
-5535
-2150
-1406
2201
8031
12112
12792
11468
8264
5699
4286
745
-3248
-5080
-5719
-5333
-3076
-1872
-3324
-2095
-98
15
-82
200
555
2753
6575
8768
10338
12227
12840
12567
10179
6453
3016
762
-1161
-2630
-3117
-3207
-2708
-1593
206
1360
2441
3925
5917
7965
9806
11809
11073
9355
7480
3883
120
-3957
-7504
-8262
-7180
-5130
-2135
375
3128
5600
6282
5920
3498
982
-239
-1985
-2452
-2593
-2647
-1658
-690
-399
-1547
-3682
-6278
-8562
-10046
-10985
-11590
-9085
-5232
-2248
413
1945
1962
549
-3219
-8737
-14624
-17646
-17103
-16967
-12768
-696
7909
9571
13814
16841
16622
15182
9871
627
-5014
-5441
-7780
-11411
-11946
-10241
-6281
-735
541
492
3497
7419
8805
9384
7538
5410
4712
4272
2050
-528
-3262
-4750
-4461
-3142
-3807
-4641
-2927
-499
990
1827
2058
2880
5701
8235
8958
9635
10528
10621
9912
8467
5896
3483
2446
1469
744
-80
-1158
-2064
-1213
-468
-505
344
2598
4888
7113
8730
9390
8981
8591
6203
3250
187
-3668
-5979
-6799
-6565
-5289
-3717
-867
2050
3656
5379
5307
3415
1243
-1454
-3729
-4681
-5717
-6345
-5350
-4427
-4132
-4084
-4816
-5964
-7212
-8043
-8874
-8807
-6927
-4876
-2959
-750
545
1192
95
-3414
-8391
-12869
-15814
-16932
-17475
-12854
-2412
4164
7343
12539
14663
15754
15174
9232
1181
-4263
-6768
-9887
-12469
-12937
-11410
-6530
-304
1606
2354
5110
7517
7647
6697
3479
1239
783
233
-1110
-1670
-2029
-2076
-1218
-529
-1706
-2901
-2300
-1570
-1184
-451
376
1679
4767
7371
8736
9511
9046
8680
8103
6493
4501
2733
2365
2810
3412
3692
2878
1725
1411
367
-1177
-1617
-816
651
3227
5806
7218
7942
7791
6446
4121
1031
-2370
-5007
-5911
-5570
-5192
-3760
-1600
810
3186
4330
4072
3105
1391
-544
-2575
-4885
-6214
-6543
-5393
-4333
-4250
-4225
-4871
-5311
-5402
-6873
-7821
-7051
-5356
-3772
-2764
-1554
-977
-1391
-2810
-6478
-10972
-11736
-10933
-10661
-5853
1758
5146
7243
11611
12739
12697
11080
5523
-137
-1993
-4320
-7504
-9846
-9414
-8004
-3966
424
875
2653
5903
7322
6949
5379
2748
678
106
-845
-2172
-2652
-3259
-2542
-1222
223
-841
-889
431
897
1464
1549
846
1349
3300
5107
5836
6649
7137
7827
7565
6275
4079
2979
2748
2285
2453
3151
3415
3554
4093
3011
1331
407
-517
-1247
-1151
-452
204
1751
3485
3705
3526
3928
2413
297
129
-602
-1438
-1606
-1714
-1330
-493
435
591
746
1241
321
-673
-1456
-2775
-3706
-3685
-4154
-3939
-3764
-4337
-5223
-5823
-6656
-8273
-8022
-6200
-4594
-2849
-964
671
1076
227
-2319
-6059
-9567
-12153
-13315
-12695
-5941
3120
6176
8123
12669
14836
14786
11882
4756
-1684
-3084
-4830
-8642
-10577
-8880
-6708
-1507
2647
2867
4625
7443
8398
8045
6369
1707
-1734
-1594
-2431
-4292
-4756
-4297
-1973
1293
2679
1013
883
2181
2983
2145
1069
306
800
3402
5415
5584
6225
7102
7858
7544
5932
3070
1146
1516
2003
2153
2390
2772
3788
5206
5172
4504
4253
3449
2824
2153
881
285
-176
327
448
-207
-332
-679
-1047
-582
-850
-836
-274
222
666
815
1000
1191
783
67
-1685
-3454
-4311
-4841
-5653
-5508
-4794
-4524
-4198
-4108
-4563
-5613
-6650
-7184
-6952
-6312
-4917
-3314
-1726
-586
-1064
-3534
-6169
-7883
-7635
-7677
-5660
-362
3575
5826
9995
11781
11529
9779
4978
-74
-3526
-6123
-8891
-10234
-9021
-5799
-2021
1493
2838
4849
7006
7697
6237
4523
2289
846
-135
-1581
-3084
-3867
-4101
-3907
-3380
-2664
-2902
-2104
694
2899
4255
5796
6516
6531
6130
5174
3748
2663
1696
1187
1256
2251
3739
3911
3950
4583
4753
3814
3287
2437
1270
1668
2484
3353
4668
5388
5290
4668
3146
649
-2412
-5122
-6181
-6826
-6498
-4851
-3118
-251
2478
3586
4103
3978
3190
2072
810
-647
-1851
-2193
-2306
-3094
-4267
-5013
-5504
-5867
-6187
-6519
-6515
-5905
-4516
-3420
-3280
-3163
-2902
-2983
-2921
-4016
-5743
-6774
-7147
-6828
-5413
-3890
-1877
2207
6338
6773
7317
9449
9741
9569
8100
4613
967
-603
-3065
-6149
-7879
-7734
-6691
-3250
74
2063
4561
7755
9482
9276
7546
4625
2050
288
-1979
-4200
-5643
-6291
-5362
-3826
-2430
-1988
-590
680
1924
3052
3333
3799
4459
5276
5936
5557
4276
3135
2821
1688
637
-447
-678
254
1025
1543
2385
3255
4057
4742
4779
3971
4058
4285
3289
2721
2373
771
-426
-1018
-3400
-5196
-5891
-5871
-5811
-5049
-3154
-1695
-74
1797
2347
2144
1876
767
-589
-1310
-2306
-3523
-3921
-4389
-5156
-5517
-6272
-7155
-6893
-6088
-5795
-5018
-4060
-3442
-3120
-3104
-3862
-4616
-4570
-5127
-6256
-6255
-4576
-2461
-1709
68
3834
5834
5975
7499
7819
7367
7716
6355
3512
1460
-196
-2753
-3962
-4144
-4492
-3092
-381
1486
3918
7078
8469
8349
8542
7216
4451
1886
-845
-3407
-4372
-4552
-4584
-3503
-1768
-305
1362
2910
3106
2727
3182
3615
3811
4195
4815
4953
4928
4454
3317
2344
1561
618
238
716
2120
4119
5505
5433
5824
6324
5278
3768
2302
590
-29
633
894
301
440
1203
768
-266
-1121
-3230
-4550
-4170
-4308
-4332
-3505
-2407
-1433
3
491
-161
-678
-1195
-2015
-2484
-3483
-4623
-4952
-4532
-5130
-5887
-5855
-6171
-6395
-6266
-6025
-6465
-6134
-5475
-5450
-5481
-5300
-5656
-5363
-2768
-350
493
1630
3974
6795
7434
6697
5692
5114
5095
4327
1727
-653
-877
-563
-590
-945
-1355
-1180
503
1561
1916
2573
3277
4256
5411
5806
4887
3003
1913
530
-1120
-3022
-4848
-5708
-4530
-3338
-2354
-1031
414
2321
4307
5315
5402
5166
5077
4729
4415
3537
2030
865
685
738
388
450
1316
2582
3266
3303
3248
3428
4023
3981
2937
2185
1866
1769
1212
6
-1183
-1440
-1261
-811
-1051
-1219
-1212
-1164
-1053
-1864
-3249
-4016
-4127
-4023
-4407
-4695
-4180
-3184
-2146
-2275
-2849
-3009
-3486
-4270
-5162
-5608
-5849
-5558
-5309
-4817
-4926
-5188
-5325
-5938
-6649
-8268
-9177
-8523
-5742
-3131
-2634
-909
2497
6094
8457
8501
7217
6982
7373
6737
3912
1315
-363
-1246
-745
-935
-2233
-1988
-418
1670
3314
3382
3244
4525
6313
6605
5938
4232
3075
2769
1995
-306
-2705
-3679
-3951
-3536
-3461
-3893
-3567
-2097
367
1543
2339
2881
3790
5318
6062
5593
4525
3547
2829
2126
615
-754
-358
437
441
1033
1395
1326
2506
2815
2502
2465
1615
1268
1173
406
-379
-1020
-1132
-1224
-1535
-1813
-2195
-2846
-2440
-2460
-3478
-4470
-4783
-4991
-5619
-6024
-6400
-6307
-5469
-4955
-4841
-4461
-4305
-4718
-5218
-6009
-6620
-7540
-8222
-7996
-7423
-6479
-6200
-5850
-5073
-4819
-5661
-6345
-5488
-4200
-3926
-3523
-2134
1254
4953
6116
6045
6547
7139
7954
7262
5176
3370
2866
2910
1651
975
1150
1729
2325
3077
2859
2733
3005
3607
4381
4611
4436
4349
4023
3823
3440
2415
1454
1618
1587
1247
1144
1112
588
280
594
770
1011
1689
2719
3790
5066
5803
5871
6226
6332
6666
6880
5470
4143
3520
3040
2847
2079
1237
1060
1311
1833
1691
875
1401
2355
2710
2587
1954
1422
1456
1115
478
-410
-1390
-2042
-2913
-3819
-4811
-5160
-5093
-5055
-4659
-4082
-3926
-4004
-3850
-4111
-4551
-4994
-5486
-5471
-5756
-6207
-6763
-7451
-7449
-7980
-9046
-9338
-8833
-7687
-6389
-4686
-2168
-438
-75
982
1408
1136
1659
2519
2526
3249
4492
4727
5114
5626
4374
3630
4057
3708
2941
2619
2338
2780
4462
4915
4020
3802
4504
4301
4199
3458
2582
2449
3011
2757
2027
1340
1140
1216
1890
1888
1992
2211
2564
2601
2695
2472
1657
798
240
-339
-311
467
862
1672
3854
5858
5995
5769
5740
4675
4439
3068
999
73
361
649
659
507
269
658
1463
1365
-113
-369
-124
-570
-1064
-1837
-2563
-2831
-2658
-3091
-4034
-4482
-4954
-5618
-6207
-6771
-7354
-7307
-6341
-5731
-5462
-4994
-4907
-5011
-5571
-7192
-8725
-9560
-9709
-9890
-10216
-9630
-9440
-8804
-7903
-7126
-5240
-3163
-2775
-1955
-94
1414
2667
3783
3834
3780
4818
5279
3639
2377
2306
2934
3678
3670
3156
3146
4336
5468
5238
4467
3978
3508
4006
3835
2948
2540
2689
3375
4235
4095
3429
2503
2736
2470
1301
13
-689
-622
56
908
1138
2087
3940
5175
4988
4314
3894
2903
2601
1834
412
-68
450
1166
1757
2166
2489
2872
3177
3136
2521
1370
975
855
911
645
-270
-571
-286
-44
-150
-763
-1622
-1712
-1555
-1880
-3060
-3952
-4189
-4452
-4967
-5913
-6726
-7063
-6644
-6462
-6835
-6581
-6470
-5857
-5678
-6457
-6937
-7383
-7965
-8003
-7761
-8082
-8247
-8162
-7824
-7137
-7146
-7037
-6321
-4864
-3556
-2815
-2327
-1846
-1313
-70
1381
1757
2343
3243
3778
4486
4777
4740
4178
4569
4982
4276
4309
4989
5297
5482
6076
5820
5166
5132
4831
4490
3810
3229
2961
3161
3530
3406
3311
3918
4757
5335
5604
5229
4300
3783
3434
2705
1634
1270
1800
3096
3937
3250
3137
3507
3922
3825
2829
1905
1857
2766
3085
2959
3058
3944
4862
4974
4349
2830
1666
638
-412
-1526
-1979
-1858
-1206
242
1255
1443
1448
1336
666
-507
-1779
-3425
-4224
-4494
-5075
-5450
-5642
-5978
-6631
-6481
-6429
-6667
-6707
-6342
-6176
-5710
-4802
-4861
-5102
-5040
-5408
-6071
-6360
-6575
-7057
-6700
-5919
-5570
-4803
-3310
-2531
-2080
-1425
-1377
-1309
-806
-142
539
1401
2142
3176
3918
4489
5191
5169
4773
4842
4619
3986
4643
4627
4307
4898
5191
4425
4043
3638
3178
3062
2897
2330
2311
3077
3616
3868
3973
4210
4571
4657
4756
4065
3463
3705
2893
2002
1459
1109
1147
1889
2310
2009
2859
3319
3454
3782
3193
2353
2165
2386
1778
1384
1589
2276
2974
3389
3167
2278
1748
1272
248
-920
-1902
-2555
-2581
-1688
-1555
-1440
-778
-327
-425
-966
-2198
-3699
-4801
-6003
-7336
-8246
-8766
-8874
-8849
-8283
-7754
-7266
-6715
-6456
-6243
-6076
-5493
-5029
-4725
-4635
-4423
-4271
-4490
-5115
-5589
-5711
-5392
-4673
-4230
-4778
-4312
-3366
-2299
-1937
-1914
-1276
-558
682
1249
1517
1993
2738
3821
4421
4323
4272
3993
3645
3217
2419
1862
2012
2889
3547
3630
3494
3397
3521
3679
3494
2771
2389
2791
2907
2725
2613
2698
2495
3208
3898
3597
3390
4117
4462
4334
3739
2877
2408
1987
1486
906
784
1236
2243
3261
4050
4167
4215
4332
4718
4545
4239
3806
3418
3527
3640
3342
2478
1916
1340
420
-697
-1658
-2248
-2041
-1164
-623
-406
-209
1
-125
-690
-1790
-3450
-4912
-6301
-7551
-8352
-8928
-9050
-8494
-7749
-7711
-7583
-7010
-6513
-5979
-5866
-6040
-5409
-4416
-4010
-4053
-3903
-3801
-3698
-3873
-4441
-4691
-4434
-4110
-3474
-2862
-2366
-1635
-990
-824
-1074
-718
-466
-473
-148
43
683
1591
2542
2349
2300
2732
2421
1873
1952
1874
1503
1842
1773
1690
1667
1561
1728
1680
1373
1650
2226
2855
3276
3080
3185
3874
4115
3879
3871
3773
3879
3870
3338
2836
2512
2718
2616
2414
2454
2985
3706
4343
4424
4500
4956
5144
4758
4347
4202
3788
3411
2917
2725
2487
2589
2579
2549
2361
2222
1718
608
-369
-1699
-2763
-3500
-4239
-4629
-4853
-4386
-3798
-3417
-2996
-2973
-3115
-3748
-4698
-6023
-6770
-7250
-8032
-8175
-8139
-7930
-7120
-5537
-4426
-3719
-2993
-2574
-2249
-2001
-1900
-2307
-2276
-1991
-2101
-1775
-1462
-1270
-789
84
798
1031
988
1040
1389
1964
1884
1271
867
1315
1422
1418
1064
561
907
1531
1550
1164
664
869
1696
1994
1331
843
1520
2310
2496
2058
1696
1608
1949
1955
1723
1549
2018
2700
3044
3257
3296
3497
4347
4601
4506
4094
3816
3595
3365
3266
3006
3061
3285
3801
4198
4510
4580
4491
4881
4952
4574
4327
3849
3469
2710
2313
1601
1617
1923
1636
1027
299
263
-114
-762
-1676
-2087
-2321
-2209
-2646
-3538
-3232
-2663
-2541
-3014
-3439
-3726
-3645
-3580
-4470
-5332
-5697
-5665
-5560
-6132
-6211
-5799
-4886
-4034
-3766
-3557
-2855
-1858
-978
-787
-1146
-932
-254
-337
-1089
-1299
-1022
-408
-202
-394
-412
-288
-64
174
1
-467
-675
-1312
-1628
-1156
-967
-994
-616
-239
-2
-351
-122
-241
-394
-453
-822
-708
-101
410
499
848
812
361
160
-191
-641
-542
-111
302
433
880
1966
3069
3796
4459
4635
4963
5846
6068
5858
5340
4517
3695
2897
2055
1295
1227
1699
2200
2675
3377
4142
4393
4942
4777
4347
4396
4313
3995
3276
2772
2297
1802
1330
408
-939
-1853
-2213
-2475
-2548
-2590
-2347
-1890
-1761
-1886
-2127
-1860
-1632
-1571
-1662
-1756
-1832
-1951
-1990
-2337
-2991
-3550
-4154
-4810
-5410
-5414
-4602
-3491
-2418
-1563
-206
1122
2278
2776
2807
2680
2167
1508
356
-146
-226
-99
-253
-335
-2
-14
-116
-359
-221
161
608
554
750
1502
1595
1011
544
-114
-768
-1424
-1794
-2439
-3066
-2686
-1894
-1548
-1465
-1447
-1380
-950
-1270
-2020
-2228
-2146
-1923
-1851
-1767
-1488
-967
-397
154
662
687
749
1499
2212
2141
1861
1552
1326
954
177
-150
-176
-23
56
484
970
1010
1087
812
735
564
340
28
-242
-456
-293
-126
-306
-791
-1059
-1311
-1655
-2622
-3323
-3702
-3861
-3456
-3240
-2882
-2204
-1622
-1297
-985
-665
-577
-734
-1291
-1629
-1929
-2209
-2036
-2330
-2408
-2026
-1586
-1535
-1052
-2
764
1295
1770
2796
3458
3792
3948
3897
3846
2923
2263
1687
1226
614
20
147
378
586
759
1129
1705
1777
2025
1804
1498
823
606
512
-93
-662
-785
-38
-70
-564
-1151
-897
-559
-739
-1246
-1411
-1010
-683
-838
-735
-640
-648
-369
-76
-14
103
362
868
1019
979
914
1031
1259
1674
2021
1915
1593
1593
1732
1729
1592
1126
596
625
505
234
311
447
191
515
585
531
496
607
632
221
-88
-346
-537
-896
-1609
-2052
-2092
-1910
-2061
-2270
-1994
-1646
-1168
-843
-617
-659
-104
216
245
307
-39
-18
-79
-586
-1090
-908
-632
-571
-494
-373
482
1521
2322
2590
2883
3594
4088
4026
3302
2695
2648
2403
1500
240
212
726
698
244
-438
53
931
1344
1012
787
1334
1922
1330
409
-381
-512
-335
-863
-1984
-2442
-1832
-1407
-1714
-2604
-2533
-1894
-1505
-1770
-2004
-1782
-1070
-531
-540
-162
149
960
1540
1447
1044
908
1179
1139
386
-153
99
898
1380
1234
1158
1694
2404
2613
1842
1511
1664
1571
976
-126
-930
-1526
-1751
-2043
-2358
-2290
-1588
-1009
-820
-1001
-1376
-1241
-1358
-1980
-2574
-2521
-2120
-2029
-1989
-2006
-1877
-1533
-1015
-1156
-1330
-1103
-898
-445
-276
213
794
1663
2049
2039
2024
2427
2620
2328
2257
1866
1774
2517
3060
3268
3577
4317
4682
4429
4615
4082
3891
3534
2700
2051
2106
2533
2241
2000
1991
1745
1427
1129
970
814
837
613
202
259
469
606
160
-729
-1669
-1679
-1489
-1668
-2020
-1487
-1018
-757
-732
-1020
-1129
-1064
-976
-1463
-1692
-1266
-809
-534
-498
-662
-550
-224
-255
-731
-1159
-1361
-1576
-1877
-2245
-2414
-1967
-1266
-846
-730
-184
371
321
-169
-966
-1554
-1805
-2527
-3343
-3728
-3687
-3750
-3995
-4208
-4071
-3496
-2854
-2432
-2563
-2095
-1550
-1029
-1059
-1378
-1810
-2022
-2384
-3042
-3185
-2823
-2461
-2652
-2596
-2376
-1407
-417
370
330
841
1409
1563
1519
1516
1757
2038
1937
1510
1464
1669
1830
1783
1761
2103
2546
2754
2730
2649
2721
2627
2263
1978
2070
2072
2064
1877
1698
1912
1899
1621
1279
720
412
219
229
97
86
134
378
409
275
199
182
87
-8
-106
-80
334
527
653
855
881
1000
1085
891
635
668
814
1127
1488
1751
1887
1817
1543
1070
711
297
136
-217
-840
-970
-915
-607
-243
-452
-377
-193
-65
-371
-1066
-1180
-1119
-1316
-1750
-2122
-1858
-1619
-1767
-2285
-2652
-2368
-2072
-1906
-1673
-1321
-994
-515
-486
-811
-830
-688
-834
-1028
-1553
-1629
-1383
-1013
-917
-834
-212
17
89
295
681
1247
1570
1925
1954
1864
1973
1929
1708
1687
1730
1829
1951
1997
1992
2148
2105
1656
1245
985
738
315
276
353
419
604
572
481
500
284
222
125
-187
-193
-285
-256
-599
-896
-1140
-1332
-1263
-1260
-1011
-744
-650
-657
-443
-205
97
99
86
194
173
127
474
428
223
282
-146
-231
-349
-440
-801
-1040
-997
-1181
-1298
-1186
-934
-737
-678
-874
-809
-684
-856
-1172
-1485
-1625
-1878
-1968
-1926
-1960
-1756
-1449
-1579
-1654
-1619
-1660
-1730
-1662
-1626
-1508
-1066
-635
-409
-65
119
435
661
687
282
134
443
608
530
451
679
785
874
910
1062
1586
2142
2256
2333
2369
2778
2913
2796
2501
2226
2345
2618
2656
2237
2111
2194
2211
1950
1828
1479
1201
1099
641
317
255
242
331
333
81
-182
-310
-160
-330
-373
-718
-647
-786
-937
-900
-691
-641
-747
-628
-770
-814
-736
-696
-858
-716
-795
-763
-729
-709
-717
-584
-423
-526
-715
-783
-772
-883
-914
-966
-922
-880
-1153
-1334
-1429
-1640
-1748
-1959
-2198
-2331
-2071
-2064
-2425
-2384
-2390
-2207
-2119
-2012
-2046
-2350
-2284
-2665
-3020
-3181
-3484
-3559
-3436
-3392
-3275
-2959
-2380
-2241
-1888
-1686
-1523
-1271
-1199
-1233
-1061
-927
-1182
-1351
-1169
-902
-661
-369
-253
88
375
767
988
911
823
1119
1476
1543
1806
2041
2170
2137
1947
2064
2099
2416
2585
2311
2334
2060
1758
1547
1377
1004
793
695
533
690
809
972
936
720
752
866
948
593
242
292
96
-122
-482
-537
-421
-545
-613
-569
-304
-20
84
267
244
260
181
-121
-101
-202
-27
33
10
59
198
348
596
343
-53
-482
-1107
-1281
-1552
-1599
-1404
-1350
-1078
-938
-729
-516
-563
-391
-742
-928
-905
-847
-999
-1062
-1279
-1173
-941
-771
-678
-847
-867
-839
-721
-689
-637
-546
-164
-43
115
380
814
863
521
466
831
1208
1354
1448
1620
1750
1942
1960
2028
1709
1644
1700
1806
2029
1948
2217
2283
2350
2384
2289
2207
2057
1918
1772
1487
1314
1153
1072
958
752
659
364
207
183
174
61
-4
404
372
451
413
173
-45
-224
-566
-732
-348
-504
-639
-569
-703
-632
-246
41
192
139
383
259
-56
-75
-115
-129
-102
-248
-312
-294
-57
137
175
289
604
669
718
679
251
26
-523
-1268
-1696
-1884
-2025
-1897
-1575
-1108
-469
-78
-69
-97
-320
-491
-734
-648
-418
-423
-357
-55
44
86
208
336
317
64
169
303
440
669
1022
1074
1087
1224
1283
1545
1325
1335
1244
1367
1636
1800
1932
2060
2236
2340
2198
2249
2293
2099
2147
2126
2235
2284
2477
2569
2476
2297
2008
1672
1636
1468
1290
1180
1439
1418
1630
1743
1565
1596
1093
890
400
135
11
-118
-87
-181
-182
-152
-61
-74
-362
-453
-563
-900
-795
-845
-671
-323
-58
68
118
176
-106
-177
-434
-880
-1030
-901
-934
-734
-751
-549
-416
-479
-601
-729
-660
-601
-593
-799
-868
-973
-1358
-1766
-1998
-2330
-2462
-2571
-2666
-2287
-1746
-1505
-1427
-1149
-1068
-947
-987
-1383
-1669
-1868
-1687
-1622
-1672
-1453
-1425
-1097
-686
-509
-709
-604
-406
-346
-219
-180
77
478
612
478
334
261
300
482
424
458
613
948
1201
1161
915
764
737
609
671
564
571
475
476
737
638
895
789
611
523
112
19
52
192
282
501
561
627
807
892
660
370
449
299
258
87
212
451
311
444
210
210
271
114
259
503
445
626
731
860
928
828
868
847
953
777
811
661
803
942
886
1007
1249
1320
1056
916
667
354
268
76
-71
-134
-267
-394
-558
-438
-522
-565
-381
-360
-217
-214
-58
200
169
-14
-103
-116
-276
-266
-135
-66
77
277
375
303
612
653
717
728
645
641
740
729
734
791
679
753
622
716
858
960
824
752
725
716
672
410
260
134
21
-145
31
128
138
292
487
567
485
461
330
383
269
-107
-244
-380
-411
-474
-376
-91
-42
28
64
107
108
36
-140
-284
-274
-174
-100
-102
-6
225
418
273
241
314
354
449
405
411
401
458
542
461
415
-28
-408
-519
-685
-783
-825
-608
-526
-238
-179
-273
-317
-259
-166
-442
-398
-655
-863
-1219
-1254
-1503
-1553
-1662
-1723
-1478
-1401
-1253
-983
-887
-867
-807
-1012
-1237
-1149
-1025
-1042
-1014
-1026
-866
-721
-839
-1017
-1113
-1261
-1091
-1008
-879
-838
-680
-710
-368
-239
-302
-551
-604
-138
-60
102
253
190
192
270
156
-55
-146
-251
-371
-368
-336
-250
-167
-13
-11
-39
116
63
9
-61
-304
-476
-629
-589
-631
-534
-73
166
341
435
247
-150
-478
-530
-827
-799
-664
-738
-626
-467
-165
-116
-97
-22
187
198
235
527
359
151
-66
-211
-360
-462
-666
-713
-714
-945
-1124
-913
-668
-482
-439
-487
-446
-391
-164
-297
-383
-625
-666
-729
-942
-1008
-926
-1084
-1120
-1203
-1174
-1104
-1018
-887
-867
-746
-614
-549
-330
-141
-22
84
28
264
242
334
264
188
332
314
268
161
33
120
-40
-329
-579
-409
-417
-549
-643
-717
-561
-421
-212
-145
-133
16
-47
-148
-273
-438
-652
-732
-826
-919
-651
-678
-414
-194
-18
380
638
754
872
943
900
936
774
726
563
425
757
847
730
632
587
449
349
387
326
441
439
549
907
998
1230
1347
1390
1721
1787
1917
2044
2124
2035
1979
2011
1849
1587
1334
1152
869
651
592
460
351
535
369
297
367
62
253
118
-181
-185
-375
-454
-499
-338
-197
-155
41
181
262
195
193
197
120
144
324
394
583
864
826
971
928
776
753
335
396
91
51
136
-52
-81
-118
-49
-419
-341
-402
-640
-463
-291
-381
-189
-546
-517
-301
-418
-303
-462
-449
-533
-491
-722
-1033
-1196
-1245
-1322
-1446
-1557
-1511
-1262
-1389
-1404
-1384
-1173
-1155
-1055
-1182
-1073
-885
-891
-708
-543
-588
-658
-586
-758
-548
-566
-635
-634
-766
-773
-638
-498
-494
-456
-256
-84
-127
-11
138
198
212
166
-37
68
-34
-378
-551
-719
-783
-1057
-1052
-820
-760
-720
-440
-235
-127
-81
4
-43
-103
-26
-188
-126
-155
-189
-133
-120
-54
-62
-191
-197
-175
-209
-374
-438
-400
-266
16
33
56
41
-49
-150
-332
-259
-494
-565
-513
-604
-668
-799
-928
-922
-1123
-1385
-1468
-1461
-1362
-1129
-1208
-1124
-1369
-1211
-1181
-1209
-942
-984
-711
-633
-388
-569
-571
-589
-708
-749
-879
-686
-956
-1098
-923
-919
-1001
-932
-626
-356
-327
-442
-346
-417
-458
-498
-447
-236
15
162
323
611
665
802
833
832
693
810
771
940
1109
1092
1418
1456
1360
1254
1277
1254
1043
1119
823
707
582
471
401
510
632
334
406
458
580
539
465
335
298
368
338
443
537
522
745
814
795
675
603
724
641
755
835
718
925
1035
1080
1319
1458
1553
1629
1699
1648
1668
1538
1423
1381
1174
1190
1176
1105
1006
1117
1259
912
1013
983
848
695
796
671
743
778
623
478
459
578
418
734
835
787
828
815
821
903
967
776
534
429
296
212
101
165
179
525
620
732
681
605
512
394
488
534
290
382
362
115
-15
-268
20
70
183
365
560
259
284
367
272
360
240
341
326
286
237
196
133
165
219
106
144
234
188
174
53
87
55
31
73
18
-72
26
282
318
447
466
413
349
346
500
430
652
837
788
845
804
649
722
433
212
55
-147
-185
-161
72
-66
263
7
-8
187
280
249
209
22
-197
-251
-231
-181
-413
-389
-750
-707
-702
-1166
-1402
-1460
-1585
-1525
-1531
-1552
-1371
-1375
-1426
-1593
-1696
-1635
-1812
-1758
-1710
-1723
-1616
-1779
-1697
-1615
-1661
-1533
-1498
-1436
-1404
-1299
-1166
-1249
-1276
-1475
-1494
-1604
-1429
-1382
-1267
-1464
-1263
-1336
-1421
-1116
-1156
-1157
-1046
-971
-1096
-1024
-968
-774
-880
-823
-651
-476
-247
-216
-48
-23
76
108
38
62
202
161
-30
-83
-20
-80
-357
-437
-495
-422
-364
-417
-142
-136
-122
120
256
279
259
599
692
842
1048
877
980
911
732
474
116
63
-160
-186
-502
-608
-350
-545
-461
-313
-574
-749
-768
-1012
-947
-743
-888
-942
-725
-608
-500
-333
-382
-229
-326
-357
-415
-534
-431
-624
-657
-805
-1053
-1100
-1197
-1262
-1247
-1253
-1072
-990
-1068
-1020
-892
-900
-896
-841
-865
-927
-945
-867
-782
-967
-760
-799
-840
-650
-508
-279
-74
122
304
307
460
583
374
555
321
310
545
423
486
453
509
635
732
1097
1226
1186
1234
1379
1219
1435
1609
1568
1626
1498
1507
1450
1284
1198
1244
1320
1446
1384
1479
1453
1339
1622
1636
1701
1771
1797
1718
1788
1830
1858
1763
1562
1577
1443
1558
1538
1374
1308
1348
1006
969
1106
1040
982
797
881
803
848
637
449
499
412
345
637
746
577
859
782
585
300
179
-5
-29
-210
-242
-139
-36
-26
-118
-145
-107
-84
99
325
356
303
585
648
736
1012
820
972
952
981
1003
703
768
757
756
827
937
1144
1320
1236
1090
1324
963
845
888
707
498
564
600
412
203
193
131
-111
-209
-390
-496
-496
-501
-660
-576
-527
-596
-782
-801
-918
-1163
-1428
-1529
-1403
-1292
-887
-801
-666
-664
-523
-553
-814
-1108
-1068
-1412
-1522
-1647
-1711
-1415
-1455
-1152
-955
-909
-793
-569
-882
-710
-825
-1068
-1283
-1268
-1257
-1319
-1410
-1400
-1354
-1447
-1401
-1702
-1805
-1705
-1467
-1391
-1543
-1597
-1510
-1394
-1369
-1520
-1466
-1488
-1376
-1336
-1379
-1321
-1120
-943
-987
-841
-792
-559
-678
-564
-433
-531
-572
-452
-455
-325
-243
-180
-166
-95
-110
-65
94
-38
126
75
248
95
-163
-56
-83
-99
62
-218
-213
-171
-132
65
-74
70
200
269
360
360
539
611
526
563
905
895
1051
977
962
923
935
891
983
860
655
490
425
455
297
390
215
364
644
709
750
882
813
873
731
674
525
422
495
443
400
423
570
540
747
991
1158
1286
1102
878
872
774
823
889
982
873
687
488
218
87
-270
-291
-392
-652
-713
-697
-749
-602
-567
-408
-204
-161
-120
-117
-11
-112
-202
-162
-178
-248
-204
-133
33
191
127
209
346
253
364
326
334
474
250
-30
-373
-269
-352
-263
-30
-28
252
214
271
108
24
-263
-210
-169
-19
-74
-85
-87
-156
59
119
177
152
224
38
135
275
118
221
208
180
250
107
102
315
267
239
83
362
346
365
459
479
702
565
902
967
895
827
988
977
706
641
494
555
706
721
693
554
672
725
781
459
482
467
300
316
401
342
132
411
298
195
200
139
170
438
292
219
182
145
147
116
230
101
44
91
234
148
223
31
-257
-28
44
64
-138
-18
115
56
61
73
291
140
63
104
141
417
548
495
549
584
450
637
564
576
678
518
311
212
126
-42
-66
-312
-393
-443
-518
-590
-521
-382
-278
-214
-171
-137
-166
30
-76
-246
-101
-234
-519
-834
-948
-887
-1141
-1207
-1158
-1314
-1426
-1333
-1334
-1183
-1283
-1266
-1149
-1379
-1252
-1221
-1220
-1395
-1439
-1237
-1253
-1281
-1074
-1130
-1126
-1148
-1219
-1192
-1086
-1120
-1278
-1382
-1541
-1418
-1301
-1138
-1317
-1073
-856
-807
-676
-875
-683
-508
-305
-445
-312
-429
-244
-39
13
-45
-95
85
-133
-104
-275
-114
-216
-40
-50
185
334
185
527
436
423
544
540
640
488
393
314
419
468
595
595
716
945
992
913
954
998
1012
1076
989
812
960
836
651
678
537
613
503
327
475
271
53
208
299
382
520
613
548
393
567
650
762
787
645
751
848
820
805
663
752
872
501
626
525
332
361
489
593
375
412
501
671
602
598
796
795
895
876
909
584
618
819
1103
1362
1369
1540
1540
1681
1750
1589
1473
1291
1186
1278
1232
1294
1180
1100
1004
647
843
981
1015
1126
1385
1341
1348
1252
1305
1451
1284
1381
1402
1566
1476
1384
1469
1205
942
1087
893
860
819
841
855
436
496
507
253
177
382
330
131
59
108
78
161
350
163
151
59
-144
-148
-355
-483
-639
-547
-518
-621
-463
-377
-353
-176
48
-53
-141
-84
-6
-276
-273
-413
-348
-111
-229
-180
-250
-205
-177
-282
-213
-149
-226
-243
35
137
224
146
17
68
47
53
-25
-181
-13
28
49
35
-74
189
45
198
93
107
39
-24
-31
-119
-164
-385
-289
-292
-181
-297
-184
-69
-122
-169
-296
-458
-487
-437
-556
-473
-474
-517
-570
-630
-548
-667
-873
-902
-1085
-1047
-924
-839
-827
-957
-815
-809
-1084
-992
-899
-642
-550
-621
-600
-755
-609
-637
-676
-807
-765
-780
-624
-527
-639
-463
-589
-436
-379
-386
-311
-336
-270
-103
22
-58
-76
-161
-75
-155
-300
-544
-499
-556
-337
-349
-556
-538
-445
-380
-396
-367
-478
-312
-180
-374
-492
-568
-575
-478
-597
-591
-506
-400
-274
-280
-329
-365
-361
-393
-468
37
-157
-170
-143
-272
-365
-267
-513
-583
-573
-529
-492
-482
-381
-401
-367
-455
-607
-552
-602
-724
-700
-553
-627
-869
-775
-817
-834
-680
-679
-759
-905
-1080
-1179
-874
-743
-821
-896
-787
-552
-359
-501
-445
-362
-336
-385
-336
-170
-63
-1
-129
-105
25
114
328
197
387
360
321
523
468
452
576
494
424
548
482
570
495
461
310
600
539
373
351
473
598
393
529
352
280
209
286
410
440
606
672
508
416
339
425
407
230
363
435
489
550
438
335
325
241
62
342
488
545
745
681
724
755
836
961
744
824
786
826
929
801
957
967
760
582
486
499
537
356
402
614
652
953
969
1033
1277
1051
1098
1086
1006
888
939
642
433
366
475
498
603
647
785
553
540
453
474
497
601
850
855
871
762
1034
971
929
870
861
956
977
1173
1176
1224
1218
1230
1204
1219
1274
862
988
883
922
944
951
1092
844
954
1025
923
790
556
620
714
566
539
452
454
569
570
446
394
259
113
325
464
289
207
141
123
24
45
-236
-370
-583
-845
-793
-974
-1013
-1106
-1193
-1485
-1616
-1686
-1689
-1531
-1367
-1377
-1321
-1087
-1103
-1034
-1059
-1137
-1279
-1103
-1196
-1025
-1076
-878
-701
-1070
-860
-802
-746
-546
-762
-643
-642
-774
-615
-583
-687
-578
-290
-248
-183
-107
-367
-635
-430
-497
-505
-709
-739
-506
-379
-263
-209
-29
-42
92
-153
-506
-400
-598
-631
-755
-688
-711
-853
-596
-411
-433
-398
-415
-444
-490
-359
-222
-286
-242
-225
-286
-433
-448
-462
-559
-672
-780
-1025
-1152
-1211
-1521
-1381
-1653
-1512
-1616
-1710
-1684
-1604
-1494
-1260
-904
-911
-775
-878
-746
-708
-780
-832
-768
-836
-900
-854
-1056
-1076
-1176
-1313
-1076
-992
-1036
-924
-876
-721
-875
-801
-836
-786
-533
-614
-795
-806
-633
-584
-378
-273
-94
-29
41
113
63
326
261
221
308
413
347
385
623
546
588
472
458
548
442
339
251
330
350
395
356
392
346
454
541
679
683
541
495
-59
135
105
60
89
-13
212
189
-79
-100
-29
-113
-345
-382
-630
-978
-754
-659
-369
-273
-80
311
437
297
482
736
855
794
793
888
987
836
717
588
282
205
63
79
28
28
-60
-29
-149
-97
27
249
200
-101
-162
-175
-146
-86
22
172
333
374
687
530
454
472
577
828
831
1180
1244
1261
1283
1245
1287
1357
1471
1172
1071
1036
931
798
860
826
847
868
507
760
972
1186
1110
1181
1450
1350
1309
1128
911
1142
970
1056
1076
693
763
763
642
671
823
718
604
698
597
608
738
983
908
1220
1273
1429
1682
1565
1577
1428
1317
1362
1221
1072
961
628
379
280
481
162
314
45
39
-21
-101
-109
-129
168
205
470
189
137
140
163
102
130
75
74
-274
-460
-272
-211
-37
-185
-40
-237
-403
-562
-598
-486
-639
-573
-420
-491
-851
-830
-850
-931
-1105
-1164
-1210
-1538
-1411
-1519
-1667
-1687
-1613
-1302
-1177
-1288
-1373
-1268
-1371
-1337
-1133
-1427
-1141
-1114
-1137
-1131
-1082
-1208
-1128
-1300
-1303
-1023
-1038
-1019
-1055
-840
-859
-458
-525
-486
-559
-682
-540
-590
-584
-771
-857
-1017
-972
-1002
-1103
-1087
-1020
-979
-1194
-1132
-1217
-1201
-1276
-1388
-1388
-1593
-1535
-1607
-1606
-1764
-1516
-1541
-1552
-1399
-1392
-1433
-1635
-1415
-1452
-1370
-1265
-1495
-1605
-1551
-1719
-1855
-1872
-1871
-1970
-1918
-1930
-1673
-1699
-1634
-1724
-1713
-1414
-1670
-1548
-1704
-1654
-1711
-1382
-1329
-1056
-892
-717
-790
-723
-387
-362
28
-23
-101
-164
69
-140
-138
-15
-329
-81
-165
-21
96
16
179
85
91
205
123
210
202
410
631
579
608
622
753
768
808
688
626
577
724
730
514
444
224
179
272
186
477
582
586
768
963
993
1029
1173
1197
1413
1510
1587
1464
1293
1069
1087
1131
942
725
800
930
890
929
952
821
807
734
720
975
630
896
836
635
601
831
603
495
620
577
870
937
1278
1266
1280
956
1090
880
904
894
452
539
265
7
-268
-264
-105
-160
-313
-346
-559
-596
-513
-269
-355
-205
77
203
258
240
232
54
205
-95
-73
57
113
194
407
487
621
820
702
485
483
555
498
288
359
502
730
908
879
709
483
662
670
727
667
722
412
472
510
582
645
591
786
835
897
1007
1129
1165
1210
880
647
586
682
706
976
782
509
719
287
153
29
136
-16
-13
365
276
549
737
766
957
778
969
845
614
756
818
615
737
589
304
171
-53
-60
-278
-436
-271
-542
-625
-515
-589
-543
-399
-498
-342
-131
-66
-3
355
545
594
536
467
456
563
483
431
553
507
402
284
338
152
156
180
423
716
750
595
470
633
699
607
674
646
585
582
456
378
371
457
492
541
372
75
71
-73
-355
-302
-446
-501
-662
-680
-716
-830
-889
-849
-831
-842
-646
-666
-539
-488
-375
-388
-505
-701
-856
-843
-911
-1073
-1130
-1397
-1686
-1768
-1674
-1780
-1892
-1914
-2091
-1917
-1722
-1482
-1616
-1613
-1493
-1659
-1528
-1302
-1216
-1245
-1385
-1187
-1294
-1141
-985
-908
-802
-802
-850
-620
-487
-471
-338
-554
-427
-565
-752
-502
-642
-561
-550
-745
-728
-818
-813
-785
-766
-865
-696
-640
-640
-670
-704
-784
-891
-872
-772
-624
-325
-278
-55
-190
-249
-89
-263
-164
-202
-20
-149
-91
-362
-549
-247
-65
-41
107
337
331
156
333
262
379
509
570
932
1000
1112
1287
1242
1355
1334
1430
1440
1442
1559
1407
1518
1538
1479
1489
1452
1351
1529
1752
1763
1706
1872
1956
1899
2008
2035
2276
2137
2089
2307
2274
2285
2438
2191
2238
2315
2115
2070
2107
2378
2244
2254
2448
2297
2208
2258
2030
2264
1902
1788
1849
1881
2030
1802
1684
1897
1782
1780
1862
1747
1742
1522
1449
1188
1291
1316
1200
963
817
726
470
471
417
249
456
365
537
534
252
43
-28
84
-157
-174
-188
-168
-217
-358
-218
-443
-528
-536
-667
-564
-362
-322
-533
-296
-341
-339
-463
-622
-596
-631
-673
-731
-877
-660
-698
-457
-381
-476
-545
-412
-260
-511
-375
-434
-510
-356
-153
31
-150
-181
37
-57
-143
-128
-107
-147
-395
-370
-483
-397
-142
-79
152
140
387
485
658
673
555
738
654
936
795
693
552
408
748
590
202
373
505
265
348
259
26
-5
184
135
333
546
563
736
759
618
118
300
288
344
450
742
864
837
735
360
357
-105
-204
-201
-169
-158
-337
-462
-394
-655
-809
-683
-631
-713
-557
-733
-909
-1024
-1238
-1029
-1152
-970
-1015
-1240
-1161
-1415
-1173
-1033
-964
-913
-715
-739
-865
-716
-717
-473
-209
8
-11
157
233
333
472
525
720
693
639
491
354
471
421
307
277
215
151
271
112
287
274
140
203
256
269
326
39
-257
23
-228
-202
-304
-408
-915
-889
-1066
-1317
-1222
-1308
-1307
-1290
-1320
-1564
-1652
-1497
-1449
-1416
-1032
-1085
-890
-753
-800
-536
-551
-417
-645
-657
-795
-1061
-1222
-1356
-1470
-1433
-1581
-1695
-1777
-1909
-1732
-1656
-1683
-1395
-1202
-1210
-1138
-1271
-1017
-776
-665
-603
-553
-481
-779
-879
-497
-610
-443
-396
-497
-486
-506
-470
-512
-502
-385
-339
-367
-517
-553
-588
-774
-394
-165
-353
-256
-41
-30
209
446
796
969
883
797
550
609
670
411
398
480
508
634
588
262
180
367
50
241
