1292
1232
1258
1237
1326
1446
1323
1195
1078
401
-296
-720
-1119
-1746
-2065
-2010
-2636
-3106
-3453
-3486
-3607
-3804
-4033
-4193
-3795
-3775
-3525
-3602
-3564
-3631
-3663
-3377
-3470
-3091
-2520
-2431
-2746
-2618
-2685
-2589
-3041
-3550
-3845
-3886
-4122
-4284
-3981
-3673
-2996
-2588
-2016
-1836
-1836
-2213
-1884
-1762
-1653
-1347
-1179
-1161
-1158
-1243
-1305
-1086
-1174
-1165
-874
-491
187
674
504
786
1155
835
705
808
834
837
663
529
168
56
-449
-1192
-1566
-1688
-2046
-2463
-2576
-2205
-1967
-1843
-1503
-1476
-897
-891
-742
-216
-345
-436
-322
-600
-564
-392
-768
-787
-571
-505
-564
-426
-14
109
-56
-255
-386
-609
-628
-346
-534
-720
-1320
-1302
-1397
-1816
-2219
-2554
-2822
-2558
-2668
-2717
-2427
-2425
-2389
-2641
-2925
-3003
-2501
-2924
-2765
-2739
-3084
-3235
-3201
-2990
-3075
-3217
-3021
-2601
-2183
-2153
-2324
-2219
-2286
-2424
-2195
-2044
-2568
-2560
-2624
-2566
-2058
-1716
-1421
-1195
-1096
-1013
-795
-222
-143
-53
299
595
824
1322
1166
1008
943
1078
1011
1075
865
705
931
845
600
424
111
-151
-278
-40
-26
144
341
-139
-83
95
168
541
628
721
1129
917
1035
1348
1155
981
952
891
878
958
801
894
1450
1596
2080
2138
2534
2663
3034
2960
2744
2862
2542
2451
2564
2239
2131
2078
2075
2270
2080
2184
2118
2250
2275
2087
2125
2258
2179
2458
2692
3001
3675
3758
3783
4337
4596
4119
4071
4099
4194
4218
4241
4006
3706
3431
2951
2947
3012
2926
2597
2483
2986
3152
2957
3058
3078
3184
3132
2548
2749
2964
2848
3147
2944
2960
2942
2763
2552
2266
2072
2369
2400
2558
2733
2675
2755
2590
2072
1543
1446
1218
1253
904
824
660
860
1092
977
1139
1180
1268
1347
1334
1145
989
802
890
564
44
-285
-456
-655
-970
-1169
-973
-757
-964
-805
-1090
-1027
-700
-726
-1045
-794
-441
-764
-754
-1035
-1282
-1600
-2024
-1951
-1956
-1732
-1327
-1291
-1413
-1575
-1358
-1619
-1649
-1407
-1900
-2259
-2139
-1926
-1292
-1095
-1056
-947
-1201
-960
-904
-1236
-1084
-1111
-582
-247
-112
302
410
972
1290
1347
1152
863
371
425
-33
-46
-121
-410
-718
-376
-441
-471
-530
-730
-766
-798
-819
-1214
-1522
-1506
-1610
-1435
-1398
-1285
-1366
-1418
-1569
-1504
-858
-1001
-1346
-1672
-1681
-1575
-1648
-1922
-2086
-1917
-1889
-2045
-1894
-2084
-2563
-2330
-1983
-1320
-1202
-901
-641
-293
284
308
463
639
896
937
1412
1678
1420
1432
980
897
995
840
786
485
485
528
680
278
-324
-997
-984
-1256
-1265
-1123
-980
-856
-858
-750
-876
-785
-1035
-872
-1043
-653
-544
-727
-828
-419
-271
94
420
856
1005
896
1348
1172
803
843
933
989
1411
1504
1259
1270
1687
1263
713
533
306
272
32
-359
55
20
-170
261
371
651
839
1055
970
1049
1072
1484
1605
1278
1238
1287
1266
1109
1238
1340
1479
1512
1093
995
882
449
335
373
233
211
42
264
559
564
761
623
594
558
532
639
479
128
319
289
214
87
99
494
268
517
867
1195
1625
1285
1193
1007
1177
950
658
1124
1031
627
674
707
773
335
-48
-130
-102
184
153
178
292
403
328
777
570
718
1165
1349
1641
1831
1932
1856
1546
1583
1712
1318
978
1025
1241
1131
1392
1472
1895
1944
1830
1801
1910
1777
1875
2217
2206
2034
2110
2200
1626
1416
1130
1240
1037
913
789
833
636
633
877
1041
1281
1195
1256
1261
1072
818
1013
471
-181
-554
-1144
-1733
-2096
-2402
-2701
-2429
-2471
-2647
-2776
-2794
-2861
-2538
-1996
-2064
-1686
-1872
-2123
-2365
-2731
-2820
-2952
-3329
-3302
-3236
-3702
-3683
-3619
-3418
-3238
-2825
-2773
-2820
-2405
-1893
-1605
-1698
-1497
-1506
-1422
-1252
-1210
-1176
-905
-510
-612
-637
-440
-338
-301
-365
-194
-431
-764
-491
-561
-165
458
825
1069
1271
1321
1152
856
567
290
68
-76
-627
-413
-211
227
550
732
1125
1073
1594
1238
1179
1033
668
490
425
182
-91
-164
-202
-262
-450
-215
-880
-969
-731
-873
-755
-930
-1171
-1362
-1383
-1484
-1438
-1212
-1032
-1031
-631
133
311
1016
1149
953
1001
511
469
326
-28
9
204
-97
-452
-354
-338
-441
-598
-635
-677
-980
-1223
-1607
-2217
-2764
-2754
-2736
-2680
-2300
-2159
-1915
-2234
-2112
-2172
-1890
-1607
-1287
-567
-481
-677
-772
-851
-1118
-1138
-1077
-1237
-1376
-1185
-1234
-1028
-1015
-1324
-1038
-851
-588
-526
-26
349
567
963
1144
962
475
285
462
425
321
381
-102
-350
-558
-465
-323
143
915
1216
1794
2081
2404
2498
2619
2777
2858
2884
2984
3128
3236
3073
2386
2147
2561
2480
2426
2318
2141
2310
1836
1991
1822
1687
2245
2494
2534
2596
2906
2614
2661
2809
2111
2084
1696
1330
948
200
13
-326
-630
-919
-1256
-1434
-1101
-1521
-2060
-2201
-2692
-3011
-3478
-3358
-3381
-3247
-2996
-2855
-2708
-2997
-2598
-2134
-2128
-1767
-1239
-963
-687
-805
-463
-496
-488
-23
523
1047
1296
1727
2105
2311
2237
2255
2359
2391
2169
2086
1968
1530
1199
977
1090
881
708
1076
1110
1580
1872
2145
2092
2140
2054
2025
2649
2470
2641
2704
2372
2442
2060
1902
1358
623
224
-544
-1598
-2652
-3738
-4598
-5452
-5899
-6173
-6141
-5743
-5831
-5553
-5722
-5442
-5205
-5372
-5222
-5209
-5308
-5273
-5515
-5688
-5390
-5182
-4698
-3982
-3681
-3526
-3580
-3675
-3457
-3120
-2886
-2775
-2778
-2678
-2530
-3022
-3592
-3763
-3943
-4277
-4701
-5077
-5122
-5015
-5104
-5210
-5393
-5079
-4589
-4556
-4388
-4067
-3763
-2906
-2150
-1901
-985
-562
83
891
1256
1397
1240
1213
1671
1886
1693
1916
1696
1742
1749
1678
1724
1430
1071
1243
1174
1180
1451
1572
1409
1689
1838
1317
1228
1308
1177
1085
878
723
517
370
362
513
224
92
401
713
541
627
559
201
422
467
114
-7
136
-194
-714
-934
-1440
-1502
-1655
-1618
-1679
-2109
-2222
-2528
-2882
-2830
-2929
-2610
-2505
-2492
-1904
-1638
-1232
-407
-57
149
482
433
388
130
0
39
114
-167
-338
-277
-169
-484
-173
209
407
803
752
882
607
747
767
812
864
1139
1092
1384
1760
1779
1966
2133
2923
3141
2871
2772
2946
3045
2759
2706
2351
1998
2014
2043
1960
2201
2333
2141
2154
2272
2364
2781
2915
2576
2538
2388
2315
1953
2004
1752
1761
1739
2062
2350
2407
2183
2035
1818
1550
1779
1709
1708
1163
892
560
464
387
450
683
445
331
170
-46
-251
-246
-199
215
329
678
1313
1754
2066
2201
2261
1748
1686
1732
1632
1299
962
688
493
327
509
515
847
1128
962
934
1241
1292
1193
1159
1312
1837
1750
1906
1961
1943
1847
1864
2126
2113
1929
1756
1781
1569
1581
1726
2283
2574
2915
3286
3490
3518
3392
3173
2943
2811
2393
2239
2207
2113
2112
2250
2245
2152
2180
2168
2013
2077
2232
1948
1725
1444
1210
908
503
471
619
525
11
-412
-794
-1141
-1721
-2191
-2672
-2931
-3348
-3420
-3581
-4152
-4031
-4174
-4225
-4192
-3994
-3541
-3196
-2767
-2840
-2801
-2848
-2949
-2658
-2616
-2746
-2432
-2211
-1811
-1913
-2170
-2122
-2443
-2724
-2710
-2975
-3447
-3636
-3832
-4162
-4016
-4726
-4510
-4531
-4103
-3967
-3609
-2912
-2804
-2393
-2196
-1665
-1704
-1536
-1116
-847
-1018
-935
-583
-126
127
204
432
16
201
264
592
637
554
717
929
1332
945
1125
1275
1392
1841
2304
2365
2826
3142
3314
3031
2841
2723
2418
2274
2368
2086
1903
2233
1841
1908
1819
1355
1007
505
441
-182
-404
-590
-1422
-1915
-2560
-2541
-2539
-2475
-2323
-2336
-2677
-2810
-3417
-4202
-4371
-4554
-4171
-3815
-3738
-3256
-2474
-2426
-2011
-1393
-1600
-1461
-986
-806
-615
-752
-593
-722
-751
-769
-762
-258
208
593
1150
1780
2184
2582
2920
3282
3486
3684
3743
3642
3285
3331
3120
2814
2658
2429
2263
2346
2098
1882
1953
1700
1984
1933
2117
2448
2515
2836
3188
3153
3340
3274
3440
3802
3930
3843
3849
3959
3549
3647
3740
3827
4194
4248
4267
4471
4579
4278
4154
3955
3357
2726
2518
2581
2479
2477
2449
2465
2157
2153
2035
2326
2431
2573
2799
2660
2498
2352
2301
1778
1221
741
217
-240
-769
-1065
-1480
-1822
-1880
-2196
-2230
-2424
-2962
-3024
-3027
-2827
-2197
-1957
-2058
-1960
-2093
-1564
-1341
-1293
-673
-341
-53
767
1264
1908
2459
2296
3120
3198
3392
3788
3848
3556
3284
3303
3110
3040
2900
2996
3306
3377
3820
4085
4427
4775
5042
5082
4804
4715
4419
3828
3176
2648
2189
2185
1923
1998
1998
1970
2062
2009
2191
2376
2663
2659
2328
2058
1749
1698
1473
993
942
758
606
332
16
182
-67
-399
-833
-1205
-1807
-2001
-2124
-2348
-2309
-2665
-2807
-2662
-2773
-3453
-3943
-4243
-4338
-4988
-4808
-4936
-5004
-5188
-5083
-4637
-4450
-3949
-3759
-3343
-2773
-2485
-2508
-2425
-2762
-2705
-2616
-2439
-2308
-2058
-1569
-1349
-812
-671
-482
-180
373
1023
1073
1324
1602
1328
894
709
355
410
199
14
242
663
760
779
1361
1114
1250
1506
1286
1072
1093
597
334
268
-3
-310
-554
-774
-767
-155
-407
-270
-489
-986
-1071
-1162
-1251
-1009
-898
-801
-912
-754
-485
-457
-420
70
324
387
609
530
388
-1
137
364
60
-429
-801
-796
-912
-955
-936
-1237
-1332
-1266
-1435
-1587
-2156
-2379
-2753
-3269
-3257
-3601
-3343
-3314
-3387
-3355
-3442
-3523
-3812
-3765
-3877
-4206
-4729
-4751
-4539
-4722
-4785
-4342
-3530
-3224
-2744
-2279
-2065
-1962
-1871
-1814
-1747
-1970
-2102
-1866
-1655
-1350
-1125
-1019
-602
-98
129
178
765
1168
1658
2258
2490
2916
3162
3101
3031
2896
2832
2613
2555
2467
2974
2985
2555
2406
2203
2413
1950
1579
1404
1205
672
102
-142
-230
-1
-203
-28
-227
-344
-145
-294
-359
-47
13
214
485
50
-458
-300
-323
-76
-63
13
284
688
1318
1319
1444
1632
2196
2236
2625
2893
3151
2943
2893
2632
2418
2226
1919
1579
760
-135
-633
-806
-923
-842
-732
-355
-266
23
109
-93
-182
-39
107
191
-297
-161
-184
-498
122
468
881
1043
1092
1572
1846
1880
1797
1461
1307
817
507
813
599
325
293
68
-218
-406
-915
-1014
-1051
-957
-965
-1075
-1190
-1041
-793
-1105
-1000
-970
-970
-316
158
892
1199
1045
568
417
673
476
360
-29
49
344
369
541
389
352
502
151
-359
-933
-1404
-1557
-1910
-2114
-2371
-2493
-2384
-2424
-1828
-1492
-1427
-1279
-1599
-1930
-1864
-1724
-1667
-1340
-1279
-1101
-868
-648
-184
-112
48
-82
146
139
305
373
-321
-491
-739
-858
-886
-682
-649
-356
-172
-401
-611
-897
-844
-718
-616
-252
-227
-731
-942
-989
-693
-406
-302
19
-59
-249
-606
-761
-1075
-749
-434
-236
-150
-387
-681
-969
-1216
-1140
-849
-988
-752
-289
-33
128
-257
-141
-319
-453
-804
-766
-804
-1249
-1665
-1833
-1662
-1873
-1655
-1515
-1220
-746
-815
-874
-684
-1099
-841
-986
-1151
-1379
-1120
-799
-266
127
138
7
-224
-269
-175
136
-253
-268
-507
-530
-407
-499
-575
-559
-475
-905
-1156
-1386
-1691
-1752
-2052
-2509
-2979
-3279
-3128
-3149
-3085
-2959
-2886
-2602
-2284
-2150
-1799
-1504
-1214
-413
200
260
379
377
224
472
304
415
743
656
816
810
1000
997
1048
1267
1276
1272
1220
1089
1539
2062
2277
2567
2625
2863
2915
2911
2540
2488
2359
2021
1231
781
491
40
22
123
151
-321
-323
3
103
412
793
738
675
1297
1749
2033
1651
1521
1906
2314
2232
2106
2276
1971
2051
1955
2040
2305
2320
2092
2038
1821
1592
1471
1260
906
700
455
341
531
447
282
-189
-70
113
-276
-537
-942
-1080
-1443
-1553
-1523
-1283
-1302
-1405
-834
-657
227
562
865
849
1050
871
667
497
148
42
-235
-303
-341
-189
-243
-177
-125
-290
-458
-494
-850
-1098
-972
-1209
-826
-474
-413
213
346
608
864
833
868
1292
1197
1060
700
148
234
361
222
-109
-208
-627
-879
-1194
-1401
-1896
-1953
-2463
-2964
-3294
-3941
-3857
-4225
-4330
-3845
-3223
-2962
-2719
-2790
-2811
-2869
-2804
-3320
-3793
-4046
-4183
-4060
-4112
-3871
-3922
-3623
-3218
-2538
-1979
-1807
-1598
-985
-727
-941
-934
-1140
-1303
-1467
-1534
-1591
-1110
-928
-1113
-1041
-1148
-837
-800
-954
-579
-750
-1249
-1491
-1873
-1989
-1890
-1713
-1499
-937
-1014
-775
-1016
-1568
-1566
-2068
-2318
-2543
-2809
-2937
-2640
-2271
-1973
-1965
-1152
-559
-163
464
928
757
1011
882
960
1225
849
981
1004
1209
1239
1420
1420
1167
827
704
446
216
-96
-727
-1132
-1557
-1653
-1694
-1607
-1373
-1108
-924
-616
-311
-195
-182
-417
-742
-1108
-1399
-1744
-1808
-1842
-1676
-1822
-1898
-1418
-1352
-1338
-905
-409
-139
181
323
274
-69
-402
-393
-798
-856
-864
-693
-572
-335
-468
-629
-1082
-1405
-1588
-2295
-2231
-2492
-2635
-2595
-2240
-2266
-2092
-1812
-1578
-1110
-415
-310
-417
-592
-799
-700
1
313
697
1423
1552
2168
2444
2217
2456
2433
2415
2531
2143
2078
1428
1304
1568
1543
1924
2508
3101
2934
2895
3672
3626
3548
3715
3413
3561
3492
3407
3335
3642
3835
3940
4426
4921
5189
5365
5158
4834
4501
3781
3849
3625
2974
2737
2596
2225
2039
1847
1913
1736
1414
1512
1493
1593
1955
1957
2321
2891
3266
3583
3687
3655
3673
4018
4317
4108
4096
4473
4172
3927
3889
3542
3105
2569
2480
2211
2320
2171
1921
1628
1506
1412
1153
979
599
723
795
613
-49
-22
-510
-684
-1066
-921
-507
-317
294
350
750
589
768
469
201
229
304
286
-440
-413
-812
-1336
-1376
-1872
-1517
-1834
-1946
-1721
-1583
-1498
-1516
-1349
-1236
-821
-557
144
482
604
616
939
1288
2030
2524
2810
2779
2489
2941
3125
3313
3523
3682
4014
4202
4385
4707
4271
4149
3880
3365
3104
2358
1966
1189
628
-40
-488
-745
-1771
-2267
-2854
-3186
-3396
-3464
-3567
-3658
-3929
-3897
-3892
-3871
-3960
-4294
-4143
-3952
-3525
-3234
-2717
-2917
-2741
-2815
-2515
-1969
-1844
-1780
-2281
-1869
-1540
-1081
-778
-645
-630
-988
-1400
-1235
-1192
-1773
-1822
-1989
-1967
-2174
-2413
-2354
-2269
-1925
-1519
-1211
-813
-517
-231
164
306
510
605
951
910
894
1171
1173
852
418
284
-67
160
48
396
286
98
172
49
305
239
747
420
0
-111
-163
-339
-531
-427
-598
-756
-858
-484
-373
-270
-2
3
-373
-457
-509
-106
119
-220
54
-144
156
-45
184
178
254
30
-305
-645
-1545
-1152
-1637
-1536
-1106
-1157
-946
-865
-559
-641
-396
-414
-792
-886
-915
-957
-729
-528
-822
-795
-852
-507
-383
-97
17
-20
123
-314
-180
308
375
316
700
1033
1325
1607
1702
1475
1429
1575
1525
1661
1761
1496
1054
1139
1327
1318
1527
1971
1792
1956
2301
2607
3095
3196
3493
3699
3768
3577
3256
2948
2700
2533
2362
2073
1399
1009
454
114
-479
-881
-1247
-1515
-1617
-1844
-1855
-1759
-1366
-1280
-761
-581
-497
-297
-156
84
-105
-254
-157
-175
91
628
1235
1605
2097
2553
3054
3025
2917
3339
2892
2969
2657
2356
1918
1322
1547
1571
1626
2014
1926
1811
2029
1761
1731
1794
1736
1743
1896
2291
2432
2728
3007
3191
3203
3459
3727
4033
4324
4557
4993
5109
5089
5270
5523
5252
5592
5679
5528
5169
4692
4546
4636
4629
4021
3582
3083
2504
2317
2266
1771
1413
1199
1020
718
512
264
583
930
948
691
826
767
472
508
311
95
-508
-610
-1274
-1674
-1791
-1944
-1614
-1223
-1344
-994
-498
-510
-86
-347
-950
-1044
-1474
-1441
-1941
-2214
-2494
-2372
-2143
-1721
-1511
-1315
-859
-964
-167
54
331
780
682
348
-127
-853
-1478
-1665
-2191
-2506
-2882
-3167
-3308
-3824
-3838
-4068
-4446
-4391
-4250
-4480
-4404
-4608
-4202
-4271
-4101
-3734
-3405
-3005
-2914
-2916
-3039
-2976
-3212
-2993
-2814
-2687
-2376
-1997
-1690
-2020
-2608
-3192
-3638
-3940
-4256
-4383
-5161
-5428
-5402
-5251
-5095
-5191
-4776
-4215
-3677
-3092
-2553
-2205
-1707
-1503
-1099
-747
-238
525
970
1416
1995
2770
3049
3306
3582
3727
3909
3723
3419
2761
2318
2019
1817
1480
1148
650
-377
-1110
-1582
-2576
-2862
-3076
-3872
-4263
-4872
-5005
-5272
-5349
-5509
-5149
-4747
-4405
-3462
-3065
-2992
-3183
-2642
-2582
-2470
-2365
-2180
-2042
-1912
-1436
-1232
-1057
-1619
-1727
-1450
-1183
-1200
-715
-492
-320
-8
614
1305
1102
1132
930
1253
1876
2434
3051
3350
3725
3988
3919
4037
3901
3526
3529
3375
3079
2893
2415
1950
1208
1318
1315
1068
683
-331
-933
-1368
-1906
-2033
-2208
-2487
-2797
-2458
-2454
-1983
-1654
-1304
-964
-1612
-1614
-1688
-1673
-2301
-2811
-2302
-1946
-1632
-1369
-880
-481
51
716
706
812
927
578
439
151
207
336
-237
-317
31
-335
-347
-983
-1315
-1371
-1394
-1179
-1009
-775
-1010
-799
-838
-635
-392
-486
-209
-109
295
395
286
370
248
454
1326
1496
1490
1854
1758
1444
966
726
775
914
1295
1197
1265
1456
1072
1058
676
738
103
156
253
757
1663
2063
2634
2923
3813
3872
4312
4665
4900
4872
4764
4735
4475
4777
4908
4987
4538
4683
4903
4644
4297
3928
3660
3207
2939
2601
2284
1771
1299
1157
158
-736
-1367
-2120
-2168
-2492
-2892
-2975
-3184
-2796
-2679
-2918
-2844
-3329
-3409
-3468
-3773
-4036
-3935
-3762
-3613
-3714
-3936
-3932
-3992
-4051
-3841
-3851
-3911
-3659
-3255
-2621
-2173
-1618
-1232
-625
-470
-377
-328
-654
-446
-279
-117
95
832
1436
1631
2142
2195
2699
2997
2432
2542
2597
2516
2805
2970
2841
2648
2147
1430
690
-95
-559
-905
-929
-1385
-1535
-1882
-2114
-2528
-2792
-2563
-2823
-2603
-2818
-2671
-2672
-3029
-2831
-2552
-2247
-1684
-1151
-652
-101
609
1110
1619
1806
1996
2364
2595
2657
2837
3102
3341
3118
2934
2609
2023
1565
1376
1235
821
47
-789
-1420
-2033
-2371
-2525
-2527
-2914
-2508
-2558
-2547
-2616
-2348
-2156
-1869
-1258
-924
-566
-433
-192
84
96
331
331
623
1022
820
1052
630
660
125
-507
-1153
-1731
-2448
-3633
-4303
-4922
-5229
-5625
-5703
-5908
-5600
-4989
-4784
-4063
-3725
-3455
-3079
-3185
-3127
-3424
-3611
-3436
-3107
-3089
-2593
-2251
-1447
-1148
-723
-285
-164
-387
-822
-672
-760
-500
-165
168
398
497
904
1323
1519
1561
1649
1576
1813
2012
2005
2098
1893
2521
2274
2563
2490
2622
2698
2500
2553
2134
2145
1811
1458
1133
1108
808
992
1170
946
1084
1342
1615
1820
1889
2097
1868
1859
1473
1530
1496
1312
1189
1236
1753
1915
2459
2776
3199
3450
3689
3794
3872
4494
4363
4347
4493
4193
4260
4382
4212
3630
3468
3259
3074
2941
2389
2262
1753
1660
1502
1386
1218
1070
908
637
644
447
397
384
263
-58
-134
-432
-734
-707
-749
-615
-773
-972
-857
-810
-735
-202
116
220
519
309
-79
-350
-729
-1153
-1312
-1503
-1695
-1709
-2409
-2339
-2676
-3202
-3283
-3300
-3146
-2592
-2024
-1720
-1348
-684
-198
333
566
535
1342
1345
1560
1452
1209
751
237
-638
-1040
-1589
-2309
-2620
-3127
-3488
-3885
-4540
-5282
-5839
-6340
-6476
-7065
-7143
-7037
-7217
-7192
-7663
-7833
-7819
-7703
-7054
-6452
-5819
-5400
-4557
-3750
-3209
-2916
-2484
-1577
-975
-594
-156
214
245
715
593
962
1297
1332
1165
907
1342
1034
904
619
678
710
606
926
1292
1873
2171
2645
2987
3563
4297
4867
4934
4827
4429
4128
3951
3814
3523
3255
3135
3200
2929
2724
2562
2285
2053
1284
892
580
684
350
-144
-658
-658
-765
-1085
-1115
-1318
-1379
-1463
-1703
-1514
-1085
-1036
-656
-219
344
743
1155
1529
1525
1565
1222
952
888
536
478
178
-148
-1012
-1580
-1524
-1913
-1595
-1311
-1115
-801
-893
-668
-561
-347
-532
-597
-400
-488
-458
-297
-365
-271
19
317
851
939
533
1112
1426
1085
906
971
1337
1610
1577
2093
2582
2883
2851
2400
2088
1702
1107
716
392
-420
-805
-1422
-1945
-2172
-2292
-2460
-2222
-2065
-2188
-2117
-2596
-2702
-2972
-3107
-3178
-3058
-2511
-1805
-849
-133
1070
1753
2316
3318
3711
4461
4708
5779
6101
5990
6026
6106
6287
5993
6097
5627
5531
5499
5485
5556
5395
5558
5760
5632
5635
5568
5865
5887
6012
5914
5620
5353
4967
4547
4411
4145
3514
3817
3080
2390
2047
1395
1114
911
664
581
701
316
288
118
-276
-687
-1093
-1439
-1742
-1950
-2287
-2302
-2174
-1529
-1281
-954
-974
-1183
-847
-736
-140
179
677
820
1127
1295
1417
1786
1785
1769
2142
1854
1649
1118
461
-51
-593
-1209
-1482
-1476
-1545
-1422
-973
-671
-383
-328
164
559
1059
1281
1292
1487
1299
857
551
487
348
386
-37
-54
15
-184
-489
-643
-1297
-1803
-1997
-2901
-3278
-3715
-3925
-4020
-4160
-4260
-4401
-4325
-4349
-4175
-4164
-4153
-4188
-4219
-4340
-3680
-3231
-2673
-1787
-1271
-529
11
503
906
1447
1741
2032
1982
1905
1696
1590
1996
1708
1542
1201
822
507
-222
-981
-1385
-2421
-3572
-4196
-4918
-5294
-5599
-5768
-5548
-5280
-5115
-4525
-4254
-3841
-3466
-3020
-2937
-2202
-1483
-1130
-994
-1036
-766
-452
-27
443
226
-55
158
451
-84
-555
-643
-897
-1000
-1466
-1708
-2030
-1868
-1795
-1835
-1910
-2105
-1831
-2023
-1387
-1105
-1521
-910
-911
-357
374
1341
1597
1890
2425
2738
3337
3579
3723
3562
3386
3109
3164
2482
2214
1660
758
330
-749
-1364
-1500
-1873
-2617
-3364
-4057
-4601
-4939
-5467
-6067
-7100
-7882
-8097
-8629
-9022
-9672
-9812
-9496
-9210
-9043
-8625
-7993
-8326
-8346
-8002
-7931
-7458
-6658
-5807
-5208
-4212
-3151
-2304
-1287
-660
95
700
579
739
1749
2346
2847
3248
3782
3916
4002
4576
5188
5439
5727
6295
6231
6320
7030
6844
6814
7044
7176
6738
6696
7276
7154
6925
6963
6918
6785
6408
5813
5256
4460
3755
3306
2470
1435
738
404
296
115
-227
-397
-21
-61
-216
190
464
202
-3
68
-412
-448
525
977
1419
1492
1984
2157
2621
2717
2727
3344
3761
3840
4187
4574
4710
4946
5257
5230
4745
5028
4965
4231
4147
3741
3012
2110
1513
1334
418
-80
62
-166
-643
-903
-859
-862
-864
-1227
-1327
-1035
-1157
-1258
-1620
-1557
-1270
-1598
-1968
-1175
-911
-795
-464
-1109
-1057
-921
-1365
-1580
-1624
-1803
-1887
-1260
-1118
-346
94
616
1213
1551
2089
2418
2187
2165
2225
2195
2425
2409
2588
2729
3206
3700
3609
3361
3795
3739
3433
2837
2077
1740
1345
875
728
461
76
450
811
769
746
1098
1559
1350
1224
1192
1351
1117
748
467
361
399
573
1384
1541
1435
1971
2275
2532
2568
2083
1768
1332
1099
952
5
-96
-917
-1854
-1820
-1976
-2579
-3707
-3892
-4134
-4431
-4857
-4746
-4823
-5181
-5255
-4999
-5222
-5038
-4432
-3766
-3525
-3361
-3187
-3487
-3141
-3100
-3283
-3178
-3009
-2045
-1657
-1507
-831
-530
-717
-531
54
61
-51
-68
180
223
138
454
95
-73
116
-81
-156
-240
-161
-83
407
486
519
847
1127
1204
1310
1682
1806
1784
2339
2160
2176
2617
1918
1227
1109
631
-177
-903
-1643
-2434
-3326
-3687
-3905
-4902
-5353
-5687
-6202
-6267
-6223
-6483
-6468
-6274
-6159
-6351
-6701
-5188
-5194
-4879
-4023
-3429
-2493
-2664
-1892
-1328
-1248
-670
-819
-1147
-1152
-1368
-843
-585
-282
-12
359
128
-257
-228
-638
-1356
-1773
-1731
-1827
-2594
-3152
-3003
-3235
-2996
-1901
-1110
-777
-328
-132
-390
143
415
750
660
1319
1951
2280
2808
2575
3014
2938
3656
3673
3992
3897
3843
4169
4669
4514
4442
5011
5235
4831
4766
5227
5306
5663
5703
5584
5356
5372
5295
5216
4725
4785
5009
4555
3749
3225
3034
2979
3183
2840
2492
2115
1625
879
905
1044
520
-343
-704
-699
-1525
-1967
-2520
-2978
-3030
-3690
-4079
-4279
-4652
-4971
-5032
-4864
-4866
-4991
-5012
-4424
-4236
-3842
-3581
-3254
-2915
-2583
-1811
-1480
-1174
-928
-913
-813
-714
-97
255
180
613
1781
2395
2574
2607
2484
3035
3115
3578
3432
3278
3929
3866
4043
4605
5081
5815
6497
6673
6823
7710
7807
7526
7655
7318
7174
7207
7449
6928
7060
7293
6788
6121
5307
5676
5002
4354
4136
4020
3489
3189
2719
2173
1908
1379
1476
923
572
89
-127
-141
-513
-717
-925
-844
-1066
-783
-926
-626
-190
-585
-651
-670
-1007
-1232
-1698
-1972
-1628
-1863
-2022
-1975
-2350
-2529
-2436
-2147
-2681
-2414
-2424
-2698
-3225
-3652
-3571
-3332
-3460
-3436
-2698
-2277
-2345
-2601
-2509
-2053
-1985
-2390
-1955
-1525
-1361
-1023
-991
-1104
-1040
-1103
-952
-1133
-1306
-937
-1178
-1966
-2562
-2007
-1824
-2395
-2912
-3032
-2915
-3545
-3260
-3218
-3203
-3722
-3232
-3065
-2487
-2999
-2302
-1318
-1289
-1500
-1041
-490
-512
624
861
1342
815
1521
2719
2131
1639
2066
2571
2127
1629
2552
3171
2138
1881
2519
2948
2958
2386
2600
2281
2341
1875
1322
795
214
-751
-1293
-1742
-2288
-1961
-2373
-2314
-1871
-1505
-563
-86
-161
1139
1489
1012
1044
954
693
-67
22
457
245
291
222
505
620
67
-682
-889
-1111
-1889
-2135
-1988
-2185
-2886
-2727
-3041
-2813
-2682
-2780
-1961
-2135
-1999
-2115
-2227
-1929
-1723
-1310
-1124
-1136
-1862
-1066
334
359
-121
-33
373
-304
-310
-322
-277
-358
-1215
-686
-606
-805
-434
-450
-600
-32
54
-393
-180
159
-439
-1339
-2058
-2223
-2264
-1801
-2100
-1937
-1429
-1672
-864
-592
-766
-677
-398
-975
-769
-738
-890
-669
-321
-194
-242
-114
190
533
567
939
1246
1503
1362
1308
1797
1606
1457
1543
739
421
831
673
405
262
38
187
-510
-491
-462
-719
-980
-1034
-1207
-1382
-560
239
487
537
589
1592
1482
962
741
887
814
565
985
429
310
270
-183
-291
-72
-968
-1592
-2242
-2593
-3143
-3477
-3111
-3291
-3009
-2226
-1755
-1347
-1064
-259
81
38
135
985
971
797
1309
1490
1126
1078
1400
1797
1440
608
650
605
314
-269
-884
-1000
-1307
-1483
-1616
-2270
-2043
-1754
-1710
-1291
-907
-1621
-1807
-1359
-847
-536
-201
135
1001
1467
1595
2248
1898
2547
2915
2625
2265
2093
2489
2060
1652
1359
1055
975
1045
506
448
649
547
660
635
393
235
198
-151
-617
-1279
-1089
-1001
-767
-629
-475
-194
275
614
771
1162
808
265
824
779
1054
967
904
1517
1282
910
1001
1001
879
769
710
587
-127
-204
-1233
-2363
-2675
-3365
-4189
-4291
-4464
-4667
-4914
-5085
-4952
-4831
-4494
-4108
-3863
-3881
-3737
-3713
-3511
-3311
-3231
-3102
-2714
-2066
-1702
-887
-238
721
826
796
1157
1257
1158
846
914
786
1018
940
921
894
1338
1419
935
773
694
37
-318
-294
-808
-1570
-1450
-1312
-1237
-1405
-1628
-1080
-460
-38
422
538
-178
25
-212
-203
-615
-1103
-1212
-1327
-1611
-1617
-1679
-1443
-865
-1155
-978
-905
-1163
-959
-960
-1519
-1546
-1266
-1419
-1066
-644
-668
-385
-82
67
158
815
1745
1066
1020
1404
829
1032
1140
1227
767
856
674
413
486
429
339
-329
-695
-493
-511
-958
-616
-113
-272
46
642
808
957
1048
852
1245
1557
1922
2064
1628
1819
2239
2039
2371
1988
1436
1505
1996
1784
1633
2428
2778
3305
3179
3461
3723
3338
3558
3926
3780
4129
4399
4307
3983
4383
5157
4961
4629
4468
4519
4631
4341
4159
4113
4090
3821
3484
3317
3152
2637
2589
2275
1797
1280
1188
603
-708
-926
-938
-1234
-1634
-1640
-1385
-1490
-1400
-1039
-871
-857
-758
-788
-807
-1066
-1209
-1396
-1603
-1628
-2217
-2577
-2692
-2780
-3094
-3214
-3653
-3813
-4165
-4260
-3842
-4082
-4198
-3842
-3622
-3634
-3016
-2347
-1967
-1573
-1009
-963
-734
-747
-568
-147
-285
-107
-3
79
-279
-745
-1019
-1245
-1740
-1865
-1998
-2063
-1931
-2212
-1807
-1497
-1532
-1664
-1219
-1417
-1919
-1706
-1274
-1018
-638
-790
-821
-818
-640
161
128
-93
215
191
64
-170
102
82
-115
-500
-679
-1051
-887
-706
-823
-1451
-1381
-1096
-1401
-1252
-1149
-1104
-1304
-1314
-1444
-2168
-2380
-2064
-2287
-2590
-2675
-2659
-2755
-2842
-2690
-1801
-1435
-1353
-890
-781
-804
-331
412
545
449
799
1458
1514
1567
2311
2032
2151
1995
1462
1745
1750
1658
1563
1856
1594
1030
813
1018
671
-54
77
-97
-794
-1265
-1933
-2499
-3211
-3851
-4004
-4691
-5484
-5875
-5961
-6083
-5947
-5394
-5183
-5043
-4779
-4242
-3225
-2930
-2393
-2376
-2033
-1456
-1171
-763
-649
-358
-289
-299
-535
-406
-154
-296
-368
-223
-268
47
192
618
1169
1720
2142
2324
2754
2810
3027
3294
3558
3557
3552
4052
4146
4334
4299
4100
3696
3430
3128
2878
2427
2299
2263
1595
922
400
122
-555
-1277
-1572
-1722
-2448
-3402
-4069
-4004
-4365
-4973
-4948
-4862
-4817
-4801
-4845
-4269
-3554
-3395
-3012
-2107
-1401
-831
453
950
859
1747
2069
2323
3002
3429
3874
4196
4444
5237
6194
6845
7782
8423
8852
9579
9985
10424
10776
10735
10720
11064
11198
11103
10730
10904
11193
10713
9908
9421
8463
7556
7038
6290
5631
5511
5503
5166
4902
4878
3978
3187
3168
3011
2521
2131
2591
2530
2896
2884
2803
2816
2808
2660
2230
2241
2332
2536
2372
2138
1386
926
374
455
432
300
25
-278
-725
-1368
-1628
-1744
-2103
-2737
-2786
-3033
-2792
-3103
-3104
-2465
-2208
-1790
-1315
-699
-236
521
1218
1571
2465
3068
2854
2605
2424
2292
2185
1693
1234
925
148
-248
-829
-1581
-1990
-2234
-2450
-2807
-2714
-3163
-3535
-3058
-2844
-2912
-2783
-2279
-1693
-1612
-1520
-961
-401
-457
226
232
179
192
235
251
531
874
1155
1333
1040
1112
815
952
554
346
213
-508
-869
-586
-267
-83
475
1073
1812
2076
2362
2537
2367
2241
2532
2310
1806
912
86
-95
-664
-1315
-2013
-2583
-2948
-3663
-4072
-4139
-4755
-4755
-4805
-5018
-4642
-5179
-4953
-4424
-4083
-4012
-3404
-3437
-3401
-3270
-3542
-3317
-3487
-3856
-3984
-4066
-4053
-4687
-4538
-4669
-4866
-4937
-4972
-4637
-4194
-3618
-3197
-2614
-2064
-1124
-448
125
606
1535
1790
2152
2656
2969
2830
3024
3564
3685
3939
3840
3110
2442
2318
1883
1634
1092
776
979
781
543
153
-272
-273
-744
-239
-197
-259
-379
-1308
-1296
-1386
-1698
-1826
-1742
-1924
-1885
-2508
-2638
-2680
-2735
-2908
-2794
-2340
-2353
-2218
-2036
-1987
-2023
-2058
-2375
-1556
-1342
-1545
-1660
-1073
-1270
-1333
-1081
-1551
-1501
-2083
-2161
-2912
-3649
-4009
-4627
-4459
-4040
-4159
-4318
-3994
-3962
-3546
-3014
-2541
-1918
-1686
-976
-809
-220
433
922
1500
1903
2944
3529
3902
4035
4813
5298
5093
4905
5066
4365
3732
4223
3665
2733
1932
2359
1893
1530
1875
2192
2033
1734
1898
1614
1609
1246
1988
2109
2176
2506
2473
1902
2013
2160
1824
1824
1879
1700
661
347
85
-348
-633
-1449
-2326
-2907
-2963
-2952
-2885
-2301
-2772
-3800
-4129
-3747
-2537
-2154
-3060
-3846
-4967
-4355
-2408
-1693
-922
-630
-698
-1393
724
1839
1950
1331
2095
892
763
2450
2187
2456
1670
3127
1732
2730
1712
1948
3
1104
-151
77
427
-425
-358
-1438
1569
-554
2086
-546
1291
-826
1438
1021
592
819
-1238
462
-1291
2041
-966
1215
-1563
-524
-993
-254
715
-985
106
-1171
1784
419
2279
2322
1936
2372
2806
5276
3952
6435
4971
5648
5543
6471
6753
5358
6898
4842
6794
4872
5994
4290
4579
3509
3409
3523
1471
2168
1585
2021
781
770
-690
-576
-397
-186
159
-325
-1832
-2011
-1857
-1455
-2419
-1895
-3377
-3818
-4491
-4106
-4385
-3914
-3518
-4234
-3733
-4606
-3961
-4743
-4121
-5438
-5160
-6474
-6104
-6786
-6233
-7373
-8647
-8808
-8893
-8671
-8698
-7695
-9147
-8953
-8996
-8077
-8504
-7828
-8731
-8141
-7345
-5834
-5149
-3891
-2700
-2303
-2068
-1711
-175
480
1580
2090
2916
1284
918
2612
4817
5534
5694
5830
4759
4446
5333
6392
5512
5534
5035
3946
2900
3291
3630
2226
2069
1861
916
-1239
514
1123
-764
-1600
-1490
-2387
-3167
129
-242
-1632
-3498
-2019
-2726
-2445
-971
-1583
-2295
-2249
-99
-1245
-754
-1894
-1944
-1855
-1040
-1318
-2646
-2151
-2477
-2104
-3289
-2743
-3594
-5199
-5670
-4983
-3656
-4336
-5493
-6402
-6284
-6967
-5757
-5741
-6352
-7529
-9023
-8589
-7015
-5309
-5613
-5870
-6009
-5201
-4760
-2690
-1254
-1469
-2788
-2145
-1063
-701
1501
3388
4424
5107
7448
7595
8122
9497
10738
10412
10320
10331
9296
8163
8052
8605
7471
6500
5353
4201
3596
2952
2669
1790
1008
86
-1094
-621
531
1076
1279
1411
1884
2101
3054
4874
5520
5483
6139
7657
8220
8389
8886
9866
10426
11826
12162
11447
9575
9829
10764
10923
10351
8051
5540
3303
3858
3002
1770
-896
-3120
-5221
-6145
-6238
-7674
-8854
-10602
-10827
-10841
-10646
-10937
-12029
-12768
-12596
-12127
-12385
-12574
-13083
-13846
-14133
-13227
-12230
-12638
-12400
-11948
-12509
-13665
-12013
-10237
-9663
-9037
-8715
-9137
-9693
-7196
-6118
-5025
-5545
-6052
-3195
2117
3209
-2296
-2535
-697
2878
5804
10147
4824
-2371
497
6706
11333
11052
12930
8252
5570
8676
15633
17104
14284
12256
9620
10504
12027
15157
13362
11455
7695
6476
8022
9014
7665
3289
2624
1513
2109
2449
2539
429
-2028
-331
2230
3823
563
-1436
-1771
1812
5794
6811
6098
3751
4327
5873
10973
13929
13032
9601
9530
11734
13316
15234
14815
13735
10249
10237
10790
11574
10301
8075
6384
4642
4986
4043
2885
242
-739
-3352
-5495
-5867
-6781
-8473
-10775
-11746
-12535
-12853
-14561
-15351
-16406
-17556
-17303
-16917
-16460
-17637
-19223
-20410
-19117
-18327
-18767
-20123
-22062
-23469
-24610
-23445
-22896
-15833
-8477
-11093
-26398
-29608
-14859
-2530
5247
5879
-1785
-20002
-12090
11237
26374
21529
15098
9346
3753
13902
27052
32407
20964
14606
11639
14938
19462
22196
18948
9688
6013
4630
8605
7535
2398
-4778
-5128
-2483
-4585
-6418
-7718
-8727
-11643
-6750
532
1186
-6141
-11278
-5629
2743
10046
9022
5819
999
2288
9437
19237
23312
16122
8653
7476
15561
19623
20493
15894
10153
5448
6624
11131
10980
6105
-1215
-3869
-4566
-1417
-2747
-6712
-10506
-10179
-8743
-9035
-9313
-10765
-11802
-12066
-8285
-6013
-7476
-10808
-10555
-6973
-3548
-2001
-4268
-6615
-7808
-6173
-3763
-1269
-1924
-5853
-8963
-8188
-5691
-6149
-8108
-10405
-13040
-14929
-13451
-13802
-17952
-17160
-9982
-8894
-14179
-14582
-12523
-12531
-5235
4588
3570
-6235
-3850
3479
8104
13060
19089
17242
10793
14314
21338
25019
23436
23205
18667
15903
17307
19878
18649
14327
10430
6787
8300
8220
4134
-985
-1413
-1782
-3951
-3563
-2930
-6535
-11627
-8994
-2016
-136
-3554
-6448
-4381
-99
4493
4329
4442
4981
6959
11873
15732
14192
9414
10831
15358
19135
17893
13497
8836
8558
11125
11374
9896
5598
685
-1905
-253
798
-956
-4912
-9217
-10162
-8694
-6066
-6998
-9926
-12855
-12594
-11381
-10095
-9499
-10273
-11782
-13072
-11891
-10473
-8968
-9989
-10956
-11075
-10301
-11214
-12323
-13250
-14230
-15245
-16135
-18298
-23175
-25819
-23891
-18009
-12534
-13007
-21668
-31075
-25262
-11824
1201
2607
-2194
-12532
-15363
-1020
16495
25378
20103
14726
9006
14709
23926
31605
28788
21988
18739
18022
21699
21916
21157
13627
8651
5347
5045
2850
-2814
-8434
-11180
-9578
-11224
-14876
-18313
-19272
-19166
-15967
-9529
-7551
-11542
-16183
-12034
-3255
4879
7518
5721
3057
3524
10807
18306
23514
22497
19229
16296
18957
24289
25592
23555
18934
15380
11790
13113
13032
10703
5455
2010
-239
-2482
-3482
-6107
-8283
-10317
-9090
-9950
-12235
-14438
-13901
-12061
-10055
-8620
-9494
-11168
-11932
-9226
-5258
-2443
-3704
-7175
-7947
-5877
-3398
-3541
-3300
-5642
-9539
-11449
-10234
-9083
-12847
-16027
-19531
-20029
-19971
-15316
-13385
-15477
-22877
-26349
-19244
-10566
-2313
-3993
-7278
-14322
-7645
5478
17549
18377
15012
13749
13294
21057
27966
32507
26255
22272
20245
22629
24162
22634
18732
11980
9296
5752
4974
1544
-2256
-7033
-10489
-10579
-12188
-14643
-18054
-17303
-16397
-13949
-12214
-11622
-12504
-12302
-6793
-618
4980
5265
5831
6097
10795
18004
23475
25099
21780
20506
21301
26568
28622
28239
22809
18787
17265
17247
17066
14401
10297
4915
2302
761
-170
-3326
-5532
-7824
-8731
-9832
-11974
-13483
-13953
-12588
-11850
-11690
-12388
-12819
-12185
-9688
-6200
-5170
-6226
-7411
-7374
-5540
-3247
-1209
-2391
-6435
-9278
-9447
-8519
-8871
-10810
-15260
-19263
-19385
-13903
-9810
-11137
-17841
-22708
-18225
-9308
-203
643
-2814
-10020
-6731
5096
16676
19403
16375
14635
13400
19759
27153
32179
27137
22235
20388
22380
24075
23277
19819
13094
9806
7285
6259
2436
-2189
-7659
-10826
-10177
-10777
-13797
-18155
-18969
-17147
-13294
-9337
-7939
-10383
-11906
-7156
50
6835
8575
7981
6303
8877
15399
21781
24772
22447
19630
18753
22821
26138
26872
23873
19603
15887
14519
15170
14376
10899
5179
1295
-612
-1633
-3446
-5742
-8102
-10878
-11750
-12439
-12599
-13508
-13781
-13205
-11979
-11126
-11665
-11808
-11434
-9200
-7254
-5945
-7095
-9196
-11167
-9967
-7336
-5757
-7058
-11068
-15270
-17494
-17175
-16440
-17607
-21596
-23548
-24604
-21460
-20036
-20249
-26038
-24907
-19254
-11669
-8957
-9330
-12268
-13792
-4409
5579
12567
10172
10430
8946
13757
21385
28647
27266
20966
18947
19378
22609
22788
22053
14828
8780
5513
4515
3137
-2133
-7846
-13628
-14450
-14473
-16404
-19538
-21430
-21197
-20390
-16684
-14291
-14106
-16955
-14539
-8064
-794
2574
2807
2772
4404
10840
17323
22891
22794
20657
18596
21827
26348
28036
25144
20770
17046
15768
16918
16422
13005
7931
3656
923
-334
-1219
-3623
-6649
-9323
-9824
-10015
-11363
-12130
-12706
-12019
-11549
-10423
-10620
-11378
-11558
-10210
-7913
-6083
-6176
-8771
-10539
-9727
-7382
-5739
-5986
-8344
-12977
-16969
-16838
-14797
-15568
-17973
-19662
-19899
-20029
-19786
-21205
-22545
-17908
-11247
-6968
-8346
-8944
-10556
-5233
4654
14046
15134
11773
11404
14342
22801
28975
32151
26580
23199
22611
26208
28475
27273
22554
15142
11461
9705
9688
5664
-232
-6872
-10856
-11806
-12974
-14772
-18422
-19660
-19653
-16603
-14014
-12988
-14199
-14041
-9185
-3081
2742
3748
4445
5775
10744
17105
22377
24122
22531
21464
22117
26391
28348
27373
23389
19668
17523
17809
18059
15160
9591
4910
2763
1043
-914
-2777
-5846
-9373
-10882
-10265
-10625
-11727
-12326
-11907
-11029
-10476
-9722
-9796
-9451
-8136
-5748
-4188
-3873
-4343
-5405
-5314
-4515
-3109
-3088
-5003
-8016
-10645
-11785
-12245
-13769
-18213
-20687
-20307
-16669
-14502
-16123
-22358
-26033
-18068
-8134
-563
-3278
-7669
-12722
-5126
8900
19505
20897
15700
12429
12318
21800
29599
31945
24946
21539
21110
23828
25796
24935
20303
12488
9818
8711
8406
3894
-1773
-6903
-9219
-9044
-10599
-13258
-17123
-17902
-17238
-13448
-11142
-12333
-15397
-15110
-9028
-2636
1781
1465
443
585
5840
12777
16983
16831
14117
13180
14370
18728
20857
19087
15442
12265
11027
11412
12430
9510
4697
806
-1052
-2491
-3737
-4699
-7310
-9523
-10947
-10101
-10920
-10912
-10896
-10198
-9496
-9083
-8735
-9680
-8648
-6971
-4660
-4285
-4503
-5603
-6670
-6455
-4746
-3782
-4604
-6915
-9429
-11727
-11958
-12012
-12770
-16760
-20326
-20753
-17181
-13439
-15539
-20016
-24730
-18861
-11612
-2417
-3681
-7288
-12856
-7676
3688
13061
16532
12109
9809
9650
20289
28070
31546
24782
20259
18503
21577
25132
23965
18347
9960
7167
6355
6348
2722
-3622
-9473
-12453
-11686
-12921
-14977
-18979
-21337
-20808
-16637
-13144
-14871
-17244
-17285
-11045
-5145
316
534
-332
-384
4603
12008
16422
17217
13894
13227
14704
19458
21455
19612
15395
11890
11031
11434
11932
9026
3879
-714
-3063
-3404
-4138
-5615
-8541
-10163
-11571
-11006
-11286
-11627
-11769
-11512
-10280
-10074
-9204
-9890
-9534
-8203
-5425
-4215
-4291
-5453
-6465
-6526
-5215
-3498
-3257
-5533
-9321
-12675
-12789
-12035
-11796
-15502
-18339
-19529
-17052
-14573
-15713
-18456
-20960
-15163
-9694
-3151
-5097
-7282
-9844
-2136
8674
16256
16718
13199
12828
15896
26021
31069
31712
25526
22751
22546
26212
28649
25638
19238
12844
11200
10539
9811
5568
-320
-5258
-7762
-8120
-9951
-12367
-16141
-17732
-16653
-13273
-11894
-13476
-14719
-12732
-6869
-1962
1276
745
899
2930
8462
14372
17014
16545
14454
15506
18270
22275
22955
20878
17216
15190
14992
14714
14413
11390
7631
3196
1809
103
-1459
-3287
-4427
-5770
-7413
-8671
-9944
-9697
-8982
-7530
-7318
-7989
-9442
-9501
-7917
-4933
-3087
-3059
-4276
-5451
-5110
-4092
-2707
-2873
-3706
-5774
-8591
-11285
-12039
-12544
-13852
-16390
-19269
-20443
-19543
-16325
-16758
-18848
-22649
-19102
-13357
-6037
-4766
-6602
-9258
-6174
3677
12187
16768
14139
13167
13429
21626
28373
31468
27584
23783
22580
24458
27539
26257
21884
15222
12097
10461
9256
5875
530
-5301
-8667
-9727
-11110
-13512
-16715
-18804
-18185
-15434
-13158
-13540
-14691
-13375
-8909
-3600
479
1163
883
2357
6772
12738
16581
16963
14173
13955
16907
20213
21523
20548
17131
13446
12903
13143
12595
10194
6973
2024
-860
-1128
-1509
-3584
-5598
-6834
-8655
-9689
-10266
-10358
-10166
-9385
-8770
-8878
-9031
-9023
-8122
-6231
-3837
-2642
-3609
-4805
-5286
-4363
-3139
-2676
-3716
-5600
-9277
-11529
-12087
-11075
-12587
-15521
-20460
-22695
-21791
-16973
-14885
-18932
-25006
-26653
-18908
-10405
-3162
-6906
-11499
-13972
-3844
7342
14866
14304
10410
8492
13137
24503
30094
28618
21756
19544
19944
24430
25535
22035
14806
9706
8341
7421
5751
396
-5369
-9554
-10429
-11008
-12673
-16382
-19704
-19225
-15742
-11909
-12063
-13969
-15031
-11621
-5072
725
2799
1562
1313
4396
11662
17895
19390
17616
16319
17857
21090
24528
23542
20320
16389
15247
15095
15196
13444
9192
5111
1634
530
-1350
-2255
-5275
-6726
-8944
-9486
-10655
-10795
-10579
-10387
-9518
-9092
-8720
-9136
-8391
-7077
-4718
-3316
-2824
-3708
-5068
-5225
-4621
-3344
-2801
-4093
-7414
-10642
-11411
-11075
-11683
-14198
-18674
-22546
-22261
-18282
-14856
-16526
-20865
-25271
-20696
-12508
-3335
-3547
-6579
-10809
-5747
4810
14495
17653
14747
12912
13816
22131
28977
31873
26737
23415
22216
25492
26884
24935
19308
13795
11654
10579
8825
4133
-2158
-7227
-8049
-7592
-9797
-14329
-19000
-19642
-16574
-11798
-10470
-12785
-14673
-13187
-6523
259
5041
3973
3116
4491
10598
17194
20444
19765
17257
17552
19672
23163
23285
20646
16700
15036
15016
14811
13539
9256
5862
2808
1716
-404
-2034
-4473
-6622
-7022
-8082
-8071
-9388
-8956
-9317
-7236
-6119
-5357
-6030
-5766
-4936
-3051
-878
-247
-418
-1820
-2629
-2912
-1558
-263
-676
-3540
-7420
-9828
-10994
-11112
-12618
-15347
-20797
-24705
-24311
-19907
-16051
-18231
-23218
-27867
-21465
-12847
-2962
-4693
-7577
-11371
-4623
5471
14597
17647
14349
12337
13572
24166
30057
31430
25092
22815
22050
24898
25384
22144
15462
9794
8886
8013
5909
-642
-7601
-11743
-11633
-10516
-13181
-18003
-22677
-22602
-18883
-13636
-12484
-14469
-16725
-14038
-7165
115
3922
2536
2266
4451
11382
17026
19783
18075
16297
17031
19614
21996
20715
17399
14150
13780
14097
13153
10362
5826
2909
1158
819
-1371
-4137
-7707
-9225
-8822
-8550
-8204
-9853
-10793
-10688
-7807
-6182
-5550
-5851
-6156
-5067
-2870
-330
26
-296
-2061
-2099
-1545
644
434
-1474
-4145
-6529
-7392
-9012
-9837
-13241
-15847
-18944
-21847
-23807
-19623
-14859
-15937
-22607
-26938
-24400
-15405
-4278
-1704
-7515
-12899
-7645
2628
12542
18272
17803
12449
11924
21282
31021
32489
27769
24222
23272
24993
26955
25441
19165
12946
10342
9562
7076
1457
-5782
-10691
-10983
-9849
-11735
-16470
-20924
-22023
-18554
-13300
-10473
-12637
-15719
-14783
-8238
57
5078
5194
2818
4278
9976
17034
20049
19991
18576
18556
20154
22376
23007
20125
18536
17469
17087
14171
11126
7707
4818
3607
1573
-1193
-5205
-7556
-8417
-7958
-7866
-8950
-10472
-11211
-10394
-8708
-7382
-6963
-6751
-6202
-5084
-3394
-2138
-845
-815
-1304
-1384
-419
-461
-1225
-1901
-3568
-5992
-9662
-11568
-13645
-14161
-17108
-20098
-21599
-19695
-16951
-19107
-21068
-25047
-19519
-14673
-5772
-6805
-8011
-10364
-5065
4854
12918
17628
14223
14385
14892
24508
29388
31860
26341
23503
22650
25113
26817
23975
18462
12041
10348
9194
7436
1485
-5723
-10540
-11433
-10605
-12834
-16406
-20437
-21439
-19103
-14067
-11575
-13114
-15135
-13359
-6122
679
5227
4874
5425
7403
12611
17801
20601
20971
19763
20625
22494
24579
23095
19701
17555
17135
16757
13969
10266
5495
2536
603
240
-2282
-5603
-9639
-11440
-11131
-10244
-10300
-11854
-12047
-11890
-9955
-8449
-7185
-7420
-7203
-5831
-3390
-1632
-1398
-1742
-2412
-2537
-2477
-2120
-2539
-3920
-5812
-8437
-10848
-13648
-15608
-16978
-19092
-22168
-24103
-22319
-20057
-22650
-26065
-28013
-22570
-15948
-9394
-10962
-14724
-15326
-7715
2556
9907
12742
9359
7433
11007
22716
28841
27951
22098
19845
20612
24458
26351
22770
16177
10791
9380
9105
7903
1884
-6042
-11043
-10481
-10369
-12995
-17833
-21118
-21548
-18557
-13601
-12241
-14163
-15696
-12043
-4437
2756
5641
4472
4883
9475
16629
21716
23097
22373
21457
22689
25270
27630
25817
21385
17907
17459
17413
15283
10791
5259
1812
-92
-1117
-3751
-7124
-10371
-12343
-12303
-12120
-12509
-14596
-14964
-14226
-12035
-10470
-10127
-10863
-10868
-8792
-5858
-3400
-3201
-4382
-6148
-5525
-4391
-3730
-4853
-6477
-8980
-11912
-14240
-15059
-15664
-18230
-22636
-24345
-22914
-18804
-20366
-25065
-29891
-25225
-16447
-8501
-8931
-13743
-16219
-10797
1897
11640
16654
12282
8731
10220
22408
31437
31751
25131
20469
20606
24312
27759
25349
18427
11223
8652
8795
8695
4137
-4357
-10405
-11400
-10151
-12528
-16603
-20586
-21808
-19196
-14296
-11770
-13897
-15901
-13837
-6025
1752
5895
3995
2981
6617
14794
21655
23583
22276
19895
21020
24758
28806
27905
23601
18452
17424
18611
18387
14800
9378
5263
2586
2048
339
-2564
-6461
-7596
-7905
-7470
-8470
-10016
-11061
-9961
-7381
-5590
-5201
-5956
-6241
-4797
-1313
1924
2884
1368
-339
-550
312
1140
770
-946
-4014
-7934
-9953
-11308
-11737
-15441
-18422
-19788
-17465
-16936
-20348
-26286
-27778
-20573
-12421
-7708
-12177
-16004
-17443
-7562
4091
13550
13130
8972
7124
12886
24730
31283
30316
23555
21833
22782
27038
28560
25557
18787
14077
12893
11872
8854
2832
-3875
-8060
-7885
-8154
-12113
-18152
-21765
-20659
-16258
-12051
-12994
-16658
-18700
-13791
-4833
2622
4132
1157
887
5568
14627
21020
22537
19805
18258
19966
24226
26995
25417
20945
17586
16618
15970
14394
10793
6228
2625
1022
-959
-4301
-8665
-11870
-12417
-11307
-10973
-13033
-15754
-16527
-13642
-10101
-7302
-6786
-7292
-7776
-5203
-1553
1652
2769
2375
1343
392
586
581
430
-492
-2149
-5660
-9565
-12900
-13979
-14730
-17743
-21360
-22506
-20341
-21303
-25665
-30449
-28560
-21933
-13717
-11820
-16868
-21033
-16911
-5921
4444
11430
11097
6240
4929
15191
27365
31563
27230
22726
20818
23392
27798
28161
22658
16496
12950
11297
10227
6945
-474
-8067
-9642
-7911
-9615
-15564
-21130
-23329
-20516
-14621
-11244
-13585
-17850
-17552
-10831
-980
5098
4174
541
1458
8838
17808
22276
21568
18866
18489
21909
25725
26132
22267
17949
16036
16384
15057
11138
5936
2093
374
20
-2566
-8137
-13363
-15064
-13963
-11705
-11516
-14168
-17949
-17895
-13854
-8595
-6007
-6632
-8763
-9026
-5667
-1192
1759
1912
417
-1311
-1723
-412
682
-613
-2378
-5096
-8665
-12812
-15152
-17041
-17390
-17136
-15580
-19166
-25951
-31497
-28237
-19485
-10899
-10028
-17460
-23096
-18864
-5682
4497
10571
9633
6385
4847
15030
27224
31401
26746
22911
22431
24295
27744
27667
22746
17507
15798
14458
11470
7796
1661
-5227
-7738
-6370
-7650
-13321
-18963
-20798
-18365
-13198
-10640
-12718
-16041
-15370
-9441
-1826
3844
3840
2372
3552
10447
17939
22257
21755
20534
21384
24471
27018
26852
23264
19518
18387
18457
17140
13023
7942
3452
1394
802
-886
-5408
-10027
-12632
-12141
-10864
-10613
-12451
-13540
-12730
-9636
-7122
-5079
-4293
-3590
-2139
247
2722
3739
4195
4544
5088
5101
4001
2178
363
-393
-2267
-4874
-8712
-12498
-16055
-18396
-18164
-16848
-16367
-21978
-28418
-31833
-25771
-17356
-10500
-13355
-19478
-22188
-14630
-3036
6236
9681
7448
5086
8418
19435
27348
28836
25273
23426
23745
26863
28261
25664
20818
17547
16183
14286
10449
4707
-1722
-4997
-5064
-5580
-9583
-15363
-19912
-19816
-15424
-10755
-10640
-14326
-17045
-13635
-5551
1842
4510
3295
2953
6634
14034
20583
22968
21900
20619
21866
25463
27647
26208
21486
17977
17375
17190
14466
9428
3913
-328
-1769
-2942
-5659
-10156
-14281
-16931
-16834
-14935
-14621
-16438
-17995
-16794
-13555
-10429
-8237
-7600
-7118
-5988
-3288
-598
1589
2140
2160
1303
752
-7
-195
-1342
-2802
-6309
-9528
-13161
-15844
-19294
-21144
-20497
-17746
-18905
-25427
-31192
-30825
-22749
-14263
-11202
-17343
-22214
-20694
-10010
574
8394
8382
5032
4053
12133
22892
27779
25371
22065
22027
24582
26938
25530
21000
16986
15561
14545
12130
6401
-1332
-7084
-7593
-6165
-7969
-13688
-20109
-23309
-21081
-15614
-11814
-13457
-17510
-18483
-12834
-4774
1446
2186
821
1555
6868
13483
17938
19017
18171
18367
20527
23529
23682
20664
16945
15731
15645
14281
10374
4955
237
-1915
-2291
-4203
-7599
-11835
-15425
-16409
-15033
-13341
-13746
-14900
-15139
-13222
-10265
-6962
-4794
-3224
-1758
-54
1855
4214
6081
6900
6619
6162
4450
3121
2239
1940
-197
-3093
-6725
-10509
-14121
-17140
-17550
-16990
-15624
-19458
-25511
-30741
-27246
-19513
-11570
-11514
-15976
-19987
-15877
-5446
5461
11255
10530
7763
9227
18257
27516
30945
27952
25265
25292
27781
29226
27240
21895
17657
15909
14883
11618
5630
-1672
-6657
-7439
-6367
-8737
-14491
-20607
-21894
-18514
-13106
-11004
-13248
-16211
-14850
-8380
-550
3720
4044
3486
6100
12036
17827
21065
21300
20813
21943
24999
26528
24900
20901
18011
17657
17520
14778
9071
3477
6
-1686
-2818
-5259
-9370
-13704
-15494
-14981
-13597
-13455
-14392
-15058
-13889
-10900
-8071
-6018
-4616
-2590
-112
2250
4113
5212
6256
7051
7904
7352
5602
3291
2332
1302
-278
-3389
-7238
-11558
-14950
-18147
-20416
-20903
-19844
-20597
-25702
-31040
-31502
-24737
-15998
-11577
-15001
-19662
-18597
-9403
1601
9687
10936
8515
7673
14818
25924
32264
30198
25817
24845
27616
30415
29611
24192
18751
16006
15173
13066
8011
300
-7003
-9227
-7548
-8382
-14346
-21578
-24685
-21705
-15661
-11968
-14036
-17606
-17246
-10500
-1506
4975
5715
3949
5337
11756
19383
23605
23437
22051
22537
25634
28224
27145
22920
19017
17806
17428
15205
10087
4112
-562
-2457
-3397
-5376
-10136
-14929
-17322
-16537
-14799
-14227
-15363
-16795
-15939
-12398
-7843
-4867
-3916
-3732
-2253
1092
4476
7025
7418
6768
5882
5662
5279
3780
1665
-610
-3397
-6713
-10814
-15217
-18993
-21869
-22935
-20843
-18856
-22301
-28859
-32450
-27642
-18065
-10921
-12771
-19560
-21504
-13573
-1997
7353
11289
9576
5997
9293
20591
29969
29953
24957
21887
23162
26496
27320
23239
17179
13537
12168
11387
7929
1156
-7299
-11640
-10536
-9396
-12815
-19794
-24835
-24574
-19265
-14011
-13537
-16729
-18517
-14421
-6366
1449
4365
3031
2513
6969
14663
20590
21960
20373
19742
21883
25670
26740
23770
18996
16201
16052
16009
13030
7301
1946
-1180
-1750
-2416
-5206
-10060
-13995
-14803
-13281
-11575
-11332
-12407
-12976
-11439
-7845
-4082
-1709
-570
-168
1208
3839
6747
8433
8774
8330
7420
6359
5425
4031
2528
332
-2622
-6291
-10029
-13186
-16810
-18990
-19672
-17849
-18890
-23901
-29820
-29411
-22386
-13678
-10316
-14405
-19158
-16779
-6884
3577
10232
11574
9341
8628
15935
26201
30553
27073
22999
22578
24765
26996
25256
19226
13614
12041
11998
9967
4730
-2832
-9125
-10713
-9039
-9683
-14525
-20776
-23091
-20350
-14309
-10835
-11907
-14590
-13383
-7023
905
6113
6490
5617
7514
13507
19872
23211
22877
21380
22146
25107
27597
26475
21773
16815
15116
15551
14506
9594
2801
-2595
-4705
-4584
-5458
-8637
-13381
-16453
-16679
-14473
-12459
-12403
-13511
-13335
-10500
-6511
-3446
-1874
-812
882
3162
5488
6969
7551
7316
7155
6967
5356
2833
413
-1699
-3755
-6420
-9846
-14500
-18607
-19768
-18114
-15813
-19382
-27020
-32448
-28139
-18834
-11403
-12466
-18420
-21236
-14993
-3648
5174
7994
6508
5060
8868
19260
26918
26243
21463
20459
23373
26647
26339
21124
14604
11507
11971
11515
7610
-256
-8318
-11942
-10073
-9141
-12708
-18805
-22999
-22942
-18776
-13758
-12902
-14979
-16515
-13026
-5979
1160
3903
3418
4504
9364
15645
19661
20367
19196
19157
21718
24945
25843
22738
17732
14112
13897
14785
12423
6919
368
-3982
-5507
-6057
-7891
-11472
-14936
-16646
-16808
-15910
-14865
-14255
-13893
-11829
-8671
-6256
-4969
-3574
-896
2214
4757
5932
6215
6460
7352
8003
7743
5828
2870
63
-2054
-4473
-7425
-10715
-14705
-17057
-17762
-15743
-17581
-23285
-29309
-27764
-20869
-13760
-13413
-18327
-21325
-16763
-6883
1437
6251
6234
4631
6795
16962
26394
27217
22057
19794
22401
26254
27322
23172
17165
13251
12788
12508
10271
4252
-3919
-9428
-9169
-7986
-10707
-16558
-21167
-21364
-18251
-14041
-13148
-14319
-15218
-11845
-5859
255
3197
3060
4100
8913
16211
20601
21211
19510
19767
22467
26239
27380
25002
20675
16982
15579
15343
14114
10224
4785
-120
-2967
-4741
-6597
-9608
-12424
-13599
-13940
-14597
-15352
-14949
-13601
-11327
-8820
-6802
-5459
-4092
-1888
1312
4223
5737
5817
5956
7054
8448
8481
6715
4286
1782
27
-1960
-5191
-9578
-13902
-16254
-16605
-14697
-15947
-21786
-28610
-28346
-21577
-13925
-12518
-17333
-21517
-18144
-8409
98
4283
4608
3881
5484
13934
23527
25809
20818
18182
21579
26510
27556
23321
16974
12482
12535
13792
11480
4594
-3969
-9788
-9795
-7934
-9375
-15172
-20751
-21735
-18421
-14181
-13088
-14658
-15857
-12992
-6846
-839
2270
2114
2982
7162
14200
19563
20619
18515
17525
19989
23940
25944
23552
18899
15502
14491
14131
12509
9187
4973
913
-1987
-4173
-6586
-9715
-12442
-13510
-13504
-13761
-14789
-15297
-14209
-11764
-8709
-6125
-4437
-3454
-1605
1765
5187
7061
7362
7294
7580
8871
10028
9357
6755
3126
548
-1146
-3582
-7423
-12099
-16355
-18253
-17398
-16239
-19749
-26335
-30595
-27133
-19355
-14029
-15747
-21111
-21625
-14324
-4508
1772
3740
2836
2724
8754
19315
25344
22457
17222
17834
22931
26822
25624
19934
13240
10311
11604
12711
8800
238
-8014
-11284
-9738
-9145
-13255
-20440
-24524
-23286
-18869
-15937
-16804
-18831
-18164
-12660
-5940
-1407
-763
-941
1728
8286
15595
19027
18077
16290
17460
21389
24825
24743
20829
16542
14399
14551
13970
10905
6341
1659
-1463
-3611
-5720
-8994
-12497
-14558
-14448
-14221
-14987
-16144
-15963
-14021
-10741
-7477
-5626
-4993
-3680
-561
3363
5991
6575
6325
6925
8365
9452
9299
7190
4518
1871
123
-2164
-6197
-11077
-15281
-16737
-16713
-15889
-18918
-25004
-30281
-27999
-20243
-14001
-14868
-20389
-22543
-17071
-6732
1422
4213
2809
2107
7079
18122
26881
26159
19963
18035
22882
28332
28873
23816
16813
12195
12120
13835
11704
4235
-4779
-9978
-9533
-8027
-10566
-17087
-22481
-22330
-18196
-14332
-14618
-16746
-16956
-12484
-4809
1328
3064
2090
3605
9582
17738
22324
21868
19409
19450
22862
26700
27432
23769
18567
15397
15279
15476
13046
7984
2398
-1259
-3019
-4639
-7595
-11353
-13807
-13833
-13220
-13506
-14578
-14592
-12748
-9758
-6496
-4617
-3701
-2507
895
5301
8362
9294
9077
9414
11086
12790
12591
10521
7540
5126
2924
383
-3401
-7405
-10606
-14129
-17439
-18584
-17338
-18858
-24490
-30004
-28705
-22086
-15684
-15075
-19080
-20950
-16270
-7254
903
5480
5450
3791
6863
16767
25850
25910
20720
19064
22881
27300
27603
23129
16087
11520
11191
11955
9638
2650
-5834
-11308
-11259
-9486
-11264
-17403
-22548
-22783
-19091
-14945
-13818
-14788
-15398
-11932
-5131
1701
4708
4644
5677
10736
18198
22844
23162
21280
21144
24122
27464
28263
24801
19661
15850
15166
15187
12977
7951
1725
-3009
-5390
-6613
-8680
-12104
-15155
-16270
-16218
-15876
-15714
-15548
-14482
-11990
-8512
-5344
-3309
-1873
666
4526
7881
9876
10143
10193
10835
11545
11185
9460
6412
3558
773
-2492
-6642
-10672
-14467
-18368
-21035
-21327
-19941
-22269
-28191
-32359
-29392
-22233
-16717
-17275
-20837
-21783
-16104
-6501
1611
5131
5020
4887
9231
18526
25661
25051
20664
20099
24016
27420
26818
21772
15565
12305
12286
11751
7278
-233
-7593
-11428
-10988
-10606
-13538
-19477
-23403
-22874
-18911
-15403
-14681
-15812
-15638
-11497
-4822
1009
3576
4467
6862
12362
18445
22094
21821
20434
20923
23696
26237
25619
21617
16692
13952
13365
12990
10472
5316
-872
-5273
-7210
-8591
-10588
-13701
-16120
-17324
-17558
-17136
-16177
-14918
-13169
-10660
-7857
-5178
-3278
-1002
2098
5514
7949
9133
9708
10327
11121
11859
11131
9142
6269
3749
1035
-2052
-6089
-9799
-13814
-17571
-20014
-19871
-18874
-21664
-27417
-31500
-28644
-21570
-15589
-15602
-18870
-19781
-14273
-5302
2997
7536
7930
8054
12391
21025
27039
26819
23699
23680
26791
29309
27831
22343
16512
13752
13669
12784
8080
-11
-7772
-11590
-10996
-10697
-13825
-19867
-23710
-23372
-19340
-15092
-13458
-13939
-13477
-9526
-3539
2258
5210
6653
9238
14441
20015
23064
22981
22119
22828
25085
27148
26422
22710
18190
15293
14264
13271
10545
5299
-1210
-5878
-7518
-8404
-10495
-13767
-16408
-17706
-17706
-16982
-15719
-13955
-11903
-9301
-6068
-3093
-1392
709
4484
8636
11571
12481
12385
12367
13179
14469
14433
11796
7801
4212
1581
-803
-4216
-8238
-13433
-17715
-19196
-17690
-17051
-21612
-28683
-32131
-27506
-19570
-14250
-15865
-19719
-19652
-12744
-3132
4437
7381
6836
7991
13992
22670
26692
25006
22220
23542
27202
29210
26098
19172
13358
11439
12227
10936
5088
-4146
-11838
-14023
-12111
-12143
-16521
-22680
-25430
-23669
-18951
-15723
-15297
-15940
-14131
-8833
-2261
2897
4964
6442
9861
15643
20884
22755
21629
20798
22885
26439
28416
26378
21760
17130
14709
14434
13503
9973
3565
-2795
-6712
-8140
-9522
-12160
-15244
-17020
-16917
-16512
-16329
-16349
-15276
-13062
-9498
-5930
-3658
-2189
-212
3410
7679
10748
11523
11129
11313
12234
12660
11363
8106
4488
1759
-357
-3228
-7255
-11451
-16171
-20066
-21398
-20157
-20387
-24631
-30838
-32375
-27321
-19496
-15330
-16529
-18980
-17270
-10260
-1641
5512
8781
9426
11099
17331
25086
28226
26223
24427
26094
28497
28724
24805
18395
12908
11287
11189
9007
2693
-5900
-12912
-14880
-13811
-14494
-19075
-24284
-26391
-24666
-20535
-17621
-16659
-16560
-14177
-9133
-2823
1981
4550
6264
10044
15823
20496
22274
21396
21041
22368
25080
26282
24463
20201
15928
13278
12327
10975
7372
1499
-4418
-7903
-9115
-10338
-12947
-15825
-17533
-17703
-17015
-15797
-14432
-13098
-10856
-7409
-3728
-900
1192
3290
6222
9585
12395
13459
13409
13811
14917
15576
14387
10932
6733
3435
710
-2145
-5916
-10279
-15699
-20883
-23204
-21657
-19122
-21244
-27622
-32277
-29563
-21535
-14034
-13037
-16405
-17984
-13116
-4046
5118
10736
11330
10415
13426
21368
27273
27451
24445
23412
25013
26525
24546
18595
12342
9356
9254
8227
3537
-4960
-13396
-17363
-16307
-14701
-16687
-22185
-26544
-26401
-21661
-16589
-14296
-14448
-14015
-10381
-3775
2606
5816
6879
9072
14302
20328
23588
23117
21390
21350
23502
25708
25125
21185
15834
11846
10665
10313
7432
1548
-4626
-8621
-9940
-10866
-12900
-16077
-18282
-18598
-17309
-15644
-14122
-12512
-10095
-6555
-2285
894
2637
4667
7876
11672
14641
15518
14895
14584
15383
16103
14797
11133
7224
4019
1477
-1482
-5499
-10392
-15582
-20140
-22457
-21573
-20226
-22597
-28219
-32403
-30417
-22860
-15380
-13442
-15750
-16545
-12098
-4061
4418
10434
12490
11941
14469
21110
27067
27978
25472
24438
25630
26576
24154
18299
12541
9694
8727
7047
2367
-5366
-13377
-17734
-17713
-17022
-18780
-22980
-26302
-26207
-22068
-17159
-14504
-14110
-13381
-9630
-2977
3547
6952
8199
10281
14997
20708
24278
24305
22670
22140
23770
25793
25178
21100
15559
11090
9434
8605
5549
-60
-6202
-10247
-11773
-12509
-13964
-16565
-18335
-18559
-17768
-16710
-15452
-13439
-10440
-6828
-2861
255
2528
5156
8615
12075
14555
15281
14820
14739
15752
16250
14089
10063
6012
3343
1560
-1421
-5856
-11356
-16975
-21588
-23157
-21951
-20175
-22726
-28340
-32395
-30285
-22795
-15533
-13460
-15513
-16103
-12011
-4338
3885
10008
11923
11867
14327
20462
25898
26680
24557
23797
25095
25503
22500
16616
11121
8203
7450
5794
1169
-6493
-13725
-17481
-17161
-16292
-17924
-22111
-25533
-25290
-21334
-16736
-14188
-13161
-11908
-7680
-1525
4529
7869
9192
11368
16070
21397
24393
24364
22912
22675
24015
25214
24132
20184
15042
11152
9357
8053
4823
-496
-6249
-10251
-12192
-13278
-15038
-17335
-18753
-18459
-17317
-16001
-14503
-12569
-9988
-6538
-2467
719
2260
4085
7416
11334
14001
14419
13470
13250
14220
14897
13347
9279
4672
1188
-894
-3088
-6865
-12054
-17519
-21806
-23283
-21646
-19983
-22223
-27884
-31889
-29569
-21964
-14589
-12536
-14142
-14147
-9714
-2123
5946
11728
13463
13306
15873
22098
26957
27202
24779
23978
25216
25682
22590
16465
10657
7470
6414
4634
121
-7398
-14799
-18782
-18323
-17676
-19481
-23275
-25917
-25183
-21089
-16617
-13825
-12492
-10691
-6220
54
5982
9222
10394
12705
17718
23160
25912
25271
23584
22944
24204
25401
24281
20288
14610
9850
7253
5758
3004
-1613
-6801
-10803
-13031
-14351
-15800
-17317
-18242
-18274
-17945
-17066
-15205
-12640
-9527
-6068
-2511
601
3344
5747
8633
11377
13201
13836
13818
13890
13624
12531
10154
6845
3357
526
-2260
-6089
-10709
-15559
-19360
-20894
-20492
-21017
-24156
-28900
-30958
-28072
-21980
-17564
-16875
-17485
-15743
-10169
-2924
3372
6616
7933
10185
15868
22445
25498
24479
22625
23613
26062
27119
23854
17567
11556
8822
8300
6246
853
-6757
-13014
-15146
-14754
-15264
-18733
-22394
-23798
-21983
-18556
-16102
-15021
-13730
-10109
-4642
893
4900
6874
8410
11957
17568
22396
23942
22499
20911
21346
23746
24949
22926
18611
14284
11724
9554
7195
3342
-1099
-5460
-8566
-11064
-13573
-16053
-17740
-17864
-16768
-16079
-16319
-16161
-14415
-10524
-6175
-2792
-885
677
3289
7282
11007
12740
12735
11589
10946
11216
11498
10129
6648
2606
-488
-2520
-4866
-9000
-13955
-17660
-18398
-17744
-19261
-23555
-28110
-28451
-23977
-17676
-14961
-16247
-18106
-15565
-8470
-159
5149
6363
6117
8851
16522
23795
25798
22820
20352
21537
24682
25833
22667
16616
11034
8993
9057
7806
2477
-5293
-11215
-12459
-11525
-12612
-16671
-20587
-21626
-19064
-15207
-13142
-13311
-12828
-9056
-2905
2699
5507
6243
7691
11774
17641
22114
23346
21769
20390
21324
23890
24979
22487
17680
14019
12438
11065
7965
3087
-1797
-5024
-6735
-8552
-11561
-14630
-16348
-16338
-15028
-14046
-14147
-14720
-13555
-9949
-5608
-2367
-1150
-304
1969
5740
9345
11250
11478
10783
10499
10872
10652
9369
6555
3106
15
-2447
-5167
-9249
-12672
-13275
-12252
-13414
-17917
-23620
-24669
-20114
-13823
-11794
-14360
-17025
-15656
-9617
-1763
3590
4249
3088
4490
11246
18942
22191
19992
17549
18260
21134
22746
20625
16095
11710
9972
9243
7550
3279
-2398
-7293
-8922
-8793
-10164
-14025
-17807
-18755
-16657
-13719
-12213
-12368
-12347
-9296
-4023
1237
3779
4370
5289
8898
14235
18238
19245
17943
17174
18014
20241
21060
19224
15680
13091
11819
10840
8613
4564
-85
-3198
-4237
-5665
-8195
-11626
-14243
-14687
-13133
-11818
-11910
-12587
-11978
-9396
-5633
-2579
-1513
-1320
-234
2796
6451
9096
9486
8608
8129
8728
9259
8576
6033
2809
-276
-2358
-4941
-7936
-10114
-10561
-10355
-12301
-16171
-19524
-19195
-15622
-11847
-11197
-13308
-15463
-14240
-9459
-3390
501
754
336
2813
8535
13630
15442
14789
14712
15727
16952
17029
15256
12490
10375
10026
9621
7126
2142
-2884
-5142
-4799
-4867
-7703
-12149
-14880
-14504
-12155
-10054
-9477
-10240
-10106
-7279
-2825
1268
3106
3479
4626
7928
11975
14673
15176
14654
14671
16081
17865
17810
15395
11970
9966
9585
8951
6215
2032
-1658
-3659
-4341
-5170
-6996
-9547
-11604
-12674
-12296
-11356
-10890
-11023
-10693
-9081
-6585
-4356
-2643
-1094
599
2691
4390
5795
6502
6520
5987
5885
5940
5431
4271
1908
-430
-2110
-3586
-5999
-8443
-9617
-8781
-8950
-11562
-15619
-17400
-15158
-10847
-8334
-9170
-11202
-11435
-8529
-3894
541
1975
1296
1285
4750
10206
13377
13055
11700
12262
14341
15753
14583
11481
8402
7075
7016
6239
2984
-2084
-6216
-7090
-5908
-5552
-7753
-10934
-12466
-11562
-8939
-7171
-7275
-8261
-7627
-4332
23
3102
4217
5086
7191
10788
13805
15014
13895
12660
12918
14607
15682
14778
11803
8733
7711
7921
7528
4974
1256
-1993
-3595
-4291
-5134
-6891
-8468
-9386
-9268
-8674
-8320
-8271
-8058
-6587
-4564
-2781
-2131
-1837
-463
1731
3843
5022
5067
4771
4524
4601
4568
4090
2884
988
-1130
-2752
-4273
-5701
-6190
-5574
-5221
-6783
-9933
-12550
-11813
-8178
-5238
-5374
-7757
-9544
-8203
-4153
319
2299
1384
621
2595
6671
9886
10159
8493
7937
9253
11378
11693
9738
6736
4742
4991
5497
4059
443
-3574
-5413
-4938
-4298
-5457
-8023
-9595
-8830
-6452
-4605
-4519
-5253
-4763
-2405
847
3239
3771
3499
4315
7284
10497
11955
10813
9227
8868
10300
11931
11816
9326
6557
5155
4990
4822
3321
689
-1755
-2722
-3100
-3627
-4772
-6094
-6751
-6362
-5840
-5873
-6354
-6359
-5253
-3366
-1629
-1208
-1839
-2025
-844
850
2292
2461
1652
843
1107
1637
2048
1457
-209
-2287
-3653
-5125
-6869
-7479
-6228
-4621
-4816
-7208
-9946
-9950
-6479
-2206
-1161
-3389
-6251
-6410
-3632
268
2461
1636
220
818
3934
7346
8573
6842
5286
5605
7357
7706
6112
3737
2293
2408
3327
3023
548
-2842
-4705
-3773
-1940
-1694
-4160
-6831
-7151
-4844
-2099
-1026
-1366
-1956
-1085
1300
3358
3434
2455
2123
3745
6241
7800
7633
5992
4439
4616
5956
6723
6125
3834
1492
690
980
814
-398
-2390
-3703
-3981
-3256
-3193
-4037
-4988
-5320
-5031
-4512
-3884
-3947
-4003
-3307
-1695
-413
-373
-1346
-2214
-1913
-766
-146
-491
-1033
-1720
-1982
-1708
-1781
-2783
-4373
-5640
-6518
-6981
-6552
-5430
-4446
-4720
-6204
-7214
-6270
-3328
-347
701
-281
-1917
-1813
7
2607
4161
3649
2090
2008
3778
5580
5583
4508
3791
4180
4857
4559
2984
830
-452
-344
492
312
-1171
-3353
-4325
-3526
-1822
-1254
-1990
-2558
-2175
-935
340
1150
1493
2077
3243
5066
6287
6418
5583
5136
6025
7279
7929
6922
5053
3617
3617
4018
3957
3319
2023
756
224
497
-42
-1041
-2062
-2261
-2119
-1917
-2093
-2365
-2070
-1367
-336
146
-25
-862
-1263
-929
27
445
22
-947
-1916
-2073
-1736
-1333
-1588
-2458
-3576
-4163
-4497
-4753
-5268
-6101
-6972
-7875
-8773
-8815
-7269
-4741
-3078
-3477
-4715
-5159
-3396
-207
2309
2190
865
306
1537
4045
5901
5320
3128
2248
3566
5138
4793
2935
959
347
1299
1915
615
-1599
-3343
-3445
-2268
-1173
-1952
-4066
-5483
-4823
-3068
-1816
-1483
-1582
-663
1577
3832
4592
4486
4465
5396
7169
8558
8085
6240
5034
5819
7585
8785
8117
5514
2715
1454
1887
2534
2061
70
-2056
-2564
-1787
-1399
-1586
-2009
-2443
-2230
-1346
-1151
-1803
-2469
-2109
-796
1045
2073
1385
370
569
1848
2617
2344
1237
184
-491
-709
-987
-1559
-2407
-3419
-4181
-4370
-4431
-5040
-6169
-7143
-8088
-8968
-9467
-9812
-8772
-6715
-4477
-3523
-3679
-3758
-2460
573
3567
3924
2336
1223
1648
3456
5681
6410
4707
3014
3648
5375
6047
4909
2538
402
220
946
279
-1997
-3814
-4203
-3346
-2097
-1961
-3587
-5364
-5445
-3887
-1943
-935
-1016
-1347
-516
1651
3697
4468
4421
4665
5871
7500
8297
7432
5786
5178
6020
7056
6866
5499
3327
1991
1856
1631
726
-512
-1755
-2528
-2585
-2544
-3240
-3839
-3477
-2449
-1478
-1443
-1715
-1858
-1232
-140
552
643
744
1073
1735
2342
2334
1540
522
239
288
-68
-1157
-2612
-3866
-4387
-4626
-4764
-5390
-6472
-7236
-7682
-7104
-6565
-6997
-8036
-8620
-7426
-4443
-1278
-366
-1801
-2688
-597
2505
4624
4454
3227
2820
4027
5704
6115
4579
2636
2239
3889
5934
5747
3618
969
312
1571
2384
1485
-1065
-3094
-3091
-1241
282
76
-1517
-2474
-1614
643
2378
2204
688
521
2633
5532
6992
6478
5260
4747
6072
7682
7827
6146
4202
3264
4138
5512
5288
3384
1158
463
523
564
-545
-1938
-2744
-2316
-1706
-1604
-2144
-2563
-2273
-1056
-21
-326
-1145
-1895
-1362
-181
819
939
520
95
248
709
743
160
-904
-1848
-2290
-2605
-3323
-4475
-5496
-5750
-5585
-5140
-5649
-6629
-7497
-7754
-7519
-7351
-7406
-7895
-8177
-7465
-6018
-4760
-3629
-3362
-3557
-3375
-1918
129
1388
1090
-201
-916
299
2888
4575
4304
2730
1746
2641
5202
6493
5244
2776
1297
1861
3252
3531
1913
240
-85
1303
2560
2802
1249
-645
-775
1156
3103
2832
1180
23
838
3236
5374
5318
4165
3188
3684
5181
6162
5442
3727
3057
3621
4785
4723
3528
1746
1262
2100
2663
2270
803
-1040
-2048
-1423
-359
-309
-1438
-2331
-2287
-1602
-920
-835
-1452
-1882
-1977
-1672
-1697
-2221
-2998
-3242
-2504
-1922
-1855
-2875
-3999
-4364
-3816
-3433
-4025
-5468
-6628
-6975
-6569
-5880
-6057
-7035
-7776
-7342
-6584
-6213
-6424
-6953
-6856
-5436
-3334
-2829
-3660
-4493
-4094
-1952
723
1931
921
-62
568
2215
3557
4034
3505
2720
3210
4943
6148
5980
4876
3983
3826
4576
4845
3577
1851
1008
1230
1813
2294
2101
984
552
945
1725
2054
1712
1423
1410
2450
3317
3608
3687
3909
4258
4741
5692
6142
5931
5011
3932
3084
3171
3299
3062
2749
1976
1255
903
1209
1112
618
-188
-859
-1397
-995
-453
-679
-1011
-1041
-822
-462
-335
-1000
-1825
-2261
-1988
-2009
-2158
-2347
-2580
-2947
-2839
-2419
-2687
-3507
-4202
-4774
-5263
-5630
-6280
-6819
-7538
-7646
-7727
-7702
-7812
-8079
-8216
-8047
-6992
-5699
-4926
-4799
-5110
-5024
-3921
-1930
-595
126
530
704
1376
2834
4051
4118
4000
4333
4830
5451
5954
5694
5061
5255
6125
6272
5823
4979
3598
2702
2898
3095
2718
2253
2052
2066
2614
3445
3440
3141
3419
3973
4627
5129
5018
4259
4408
5426
6802
7581
7152
6173
5518
5336
5099
4470
3260
1837
915
744
813
538
-236
-944
-1352
-1384
-1695
-2895
-4454
-4956
-4381
-3844
-3723
-3945
-4281
-4432
-3494
-2374
-2049
-2417
-3018
-3216
-2932
-2586
-2744
-3243
-3425
-2860
-1984
-1680
-2408
-3587
-4332
-4335
-4249
-4702
-5612
-6459
-6915
-7057
-6652
-5645
-4418
-4067
-4361
-4509
-3967
-2726
-1226
-575
-647
-131
871
1254
1939
3514
4276
4099
4654
5811
5856
5786
5665
5400
5334
6200
6251
5085
4131
3919
3653
3533
3986
3221
1676
743
1076
1717
2332
2206
1514
1237
1947
2706
2773
2545
2735
3188
3525
3708
3473
3369
3253
3783
3821
3225
2244
1527
990
984
995
486
-375
-1496
-2129
-2705
-3120
-3489
-3865
-4300
-4431
-4748
-5235
-5542
-5285
-5000
-4755
-4862
-5297
-5510
-5468
-5003
-4269
-3829
-4028
-4191
-4282
-4020
-4026
-4017
-4346
-4494
-4338
-4360
-4711
-5161
-5507
-5765
-5615
-5639
-5757
-6173
-5744
-4679
-3672
-3583
-3753
-3690
-2988
-1593
-315
98
315
1134
2051
3249
4606
5255
4893
5111
6029
6751
6785
6631
6380
6142
6642
7101
6785
6100
5457
4861
4337
4168
3774
2868
2279
2206
2186
1912
1534
1413
1748
2462
3088
2964
2360
1782
2033
3322
4476
4800
4267
3543
3049
3207
3610
3675
3042
1852
782
391
362
209
-362
-1065
-1156
-1408
-1943
-2852
-3616
-3828
-3809
-3736
-3962
-4391
-4475
-4116
-3504
-2826
-2314
-2512
-3131
-3225
-2640
-1991
-1735
-1722
-1878
-2066
-1966
-1893
-2037
-2410
-2447
-2452
-2852
-3170
-3567
-3876
-3824
-3258
-2790
-3170
-3349
-3093
-2781
-2449
-1903
-1374
-862
246
1029
1289
1747
2595
3006
3762
5206
5735
5350
5706
6647
6633
6399
6517
6112
5649
6157
5950
4827
4342
4107
3399
3046
3360
2871
2160
2279
2453
2669
2950
2552
1665
1687
2466
3118
3320
3363
3120
3642
4378
4647
4438
3878
3428
3068
3247
3380
2575
1623
1283
1502
1929
1705
914
-67
51
452
176
-1153
-2381
-3106
-3602
-3622
-3886
-4190
-4823
-4799
-4537
-3888
-3480
-3784
-4252
-4046
-3654
-3793
-4510
-5007
-5038
-4661
-4188
-4039
-4292
-4822
-4898
-4375
-3746
-3350
-3602
-3920
-3771
-3425
-2938
-2889
-3014
-2332
-968
-445
-861
-1124
-412
1004
2556
2749
1679
1023
1582
2381
3143
3960
3341
2171
2462
3819
4291
3967
3314
2826
3058
4360
4747
3925
3707
4130
4441
4732
5288
4893
4019
3846
4170
4112
3859
3632
3463
4093
4782
4571
3331
2604
2480
2725
2950
3017
2057
1167
963
1114
1464
1717
1588
690
314
160
90
-250
-550
-936
-1389
-1588
-1590
-1692
-1696
-1730
-2061
-2347
-2841
-3185
-3802
-4066
-4395
-5173
-5735
-5836
-6148
-6447
-6367
-6267
-6596
-6712
-6769
-6948
-7001
-6687
-6702
-6695
-6293
-5702
-5439
-5189
-5001
-4909
-4425
-3576
-3126
-3248
-3339
-3177
-2412
-1609
-1362
-1717
-1959
-1528
-416
794
1145
742
336
474
1286
2302
2310
1528
1474
2326
3528
4042
4234
3891
3788
4374
5198
5801
5398
4652
4074
4636
5352
5581
5254
4816
4730
5153
5220
4565
3623
3089
3321
3797
4145
3348
2195
1372
1925
2754
3041
2213
880
125
209
667
422
-331
-1235
-1341
-874
-194
58
-454
-970
-1017
-886
-1006
-1474
-2086
-2454
-2481
-2579
-2713
-2851
-3125
-3073
-3021
-3076
-3528
-4030
-4456
-4829
-4711
-4888
-5264
-5431
-5061
-4718
-4493
-4385
-4519
-4470
-4111
-3616
-3194
-2812
-2750
-2790
-2559
-2170
-1604
-1040
-468
-2
264
235
248
536
799
1327
1908
2338
2378
2379
2319
2190
2431
2736
2633
2131
1892
1845
2070
2314
2576
2679
2958
3660
4240
4045
3510
3338
3357
3690
3940
3659
3250
3380
4126
4639
4813
4822
4622
4367
4207
4166
3772
2950
2281
2084
2389
2712
2634
2172
1904
1957
1747
1559
1058
363
-143
-213
-209
-247
-590
-766
-564
-172
51
-308
-865
-1483
-1449
-1532
-1719
-2255
-2704
-2765
-2602
-2418
-2588
-3004
-3551
-3758
-3468
-3361
-3976
-4917
-5804
-6065
-5893
-5653
-5840
-5887
-5678
-5282
-4727
-4274
-4032
-3944
-3668
-3104
-2528
-2234
-2249
-1910
-1311
-588
58
569
1022
1484
2123
2511
2545
2239
1990
1808
2042
2079
1814
1597
1401
1615
2032
2704
2745
2516
2349
2283
2185
2160
2464
2624
2790
3046
3340
3470
3940
3861
3770
3827
3692
3501
3401
3447
3355
3361
3322
3309
3143
2793
2402
2237
1831
1223
675
182
-182
-531
-682
-760
-733
-955
-1281
-1539
-1809
-2027
-2081
-1979
-1998
-2186
-2292
-2486
-2506
-2426
-2371
-2347
-2518
-2600
-2799
-3057
-3463
-3668
-3751
-4195
-4404
-4635
-4789
-4629
-4270
-4343
-4705
-5046
-5259
-5259
-4968
-4482
-4418
-4342
-4283
-4104
-3703
-3249
-2884
-2741
-2477
-2083
-2074
-2272
-1919
-1309
-596
87
248
102
-110
201
803
1156
1266
1171
836
737
780
771
786
993
1355
1578
1819
1825
1794
2068
2617
2919
3106
3237
3128
2829
2702
2533
2464
2734
3093
2818
2411
2384
2511
3006
3037
2702
1943
1333
1146
1031
872
351
-39
-390
-570
-510
-348
-484
-340
-246
-505
-731
-1160
-1600
-1760
-1397
-1071
-880
-824
-527
-479
-430
-268
-303
-564
-876
-846
-709
-878
-1146
-1447
-1610
-1557
-1741
-2282
-3164
-3839
-4306
-4494
-4524
-4878
-5594
-5721
-5445
-4932
-4394
-4003
-3633
-3409
-3084
-2998
-3025
-3029
-2785
-2423
-1977
-1636
-1522
-1441
-1030
-354
184
544
613
447
655
985
1119
957
791
1043
1205
1396
1370
1048
1329
1961
2518
2766
2748
2694
2733
3043
3355
3563
3678
3696
3763
3765
3892
3919
3770
3621
3526
3436
3161
2854
2440
2316
2426
2565
2674
2602
2579
2390
2045
1710
1484
1017
422
-79
-311
-526
-748
-937
-891
-827
-717
-708
-873
-849
-819
-795
-985
-1266
-1783
-1909
-1720
-1438
-1232
-1036
-1086
-1387
-1465
-1749
-1953
-2009
-1846
-1898
-2150
-2586
-2825
-2666
-2453
-1964
-1779
-1871
-2117
-2145
-1880
-1439
-920
-802
-706
-409
81
630
1083
1119
856
940
1196
1505
1466
1246
948
662
777
944
852
776
428
532
799
869
915
901
1023
1248
1284
1368
1565
1316
1066
1043
1009
954
844
870
986
1202
1469
1680
1608
1803
1905
2085
2386
1969
1351
766
495
334
313
476
443
294
199
-17
-453
-943
-1263
-1566
-1672
-1820
-2207
-2319
-2431
-2349
-2152
-2054
-2223
-2544
-2758
-2928
-3015
-2998
-3031
-2813
-2206
-1562
-952
-822
-703
-653
-340
-239
-182
-187
-210
-4
329
527
563
467
498
738
820
807
556
252
40
172
466
868
965
548
414
758
976
928
413
-136
-339
-78
563
867
889
929
1724
2603
3097
3055
2766
2135
1568
1291
1189
1311
1293
1621
2019
2497
2625
2544
2453
2186
2014
1927
1501
988
759
563
431
285
191
-165
-308
-420
-801
-1194
-1258
-1109
-1072
-1058
-1308
-1435
-1497
-1314
-882
-622
-665
-1248
-1624
-1711
-1514
-1581
-1561
-1320
-1076
-729
-676
-543
-575
-616
-388
-159
-188
-652
-1114
-1324
-1326
-1112
-1005
-919
-789
-418
-159
1
296
481
312
162
490
553
558
575
686
958
1267
1560
1886
1926
1938
1807
1360
1111
1081
962
678
872
1249
1353
1430
1820
1874
1930
1964
1800
1617
1484
1717
1678
1613
1724
1961
2170
2438
2516
2497
2602
2803
2793
2653
2440
2079
1972
1898
1505
1075
715
463
418
270
-109
-587
-1213
-1692
-1926
-1985
-2206
-2561
-2689
-2649
-2568
-2474
-2572
-2642
-2766
-2530
-2054
-1762
-1625
-1936
-2055
-1895
-1698
-1641
-1786
-1575
-1604
-1498
-1435
-1390
-1125
-974
-809
-911
-855
-818
-952
-1281
-1462
-1450
-1395
-1246
-1243
-1089
-1141
-938
-668
-588
-392
-484
-487
-393
-199
-104
-48
243
415
292
193
314
631
1006
1196
1319
1079
921
992
986
961
728
820
857
1116
1309
1608
1861
2102
2268
2312
2428
2378
2515
2486
2328
2250
2128
2080
2120
2307
2419
2256
1947
1916
1784
1501
943
394
-275
-753
-1077
-1329
-1755
-2132
-2174
-2310
-2382
-2371
-2409
-2426
-2345
-2188
-1924
-1712
-1362
-1008
-823
-697
-891
-698
-422
-203
-128
-129
-209
-212
-404
-465
-228
-351
-538
-662
-652
-655
-692
-974
-1211
-1198
-1033
-1165
-1286
-1422
-1462
-1247
-1013
-553
-162
230
346
410
475
571
594
445
726
1004
1266
1700
1957
2079
2367
2370
2135
1878
1700
1492
1384
1268
1129
958
761
1131
1277
1295
1220
1201
1061
843
572
366
264
357
921
1529
2260
2319
2202
2088
1879
1712
1463
1083
755
696
689
924
1209
1389
1690
2024
1930
1549
972
34
-722
-1166
-1267
-1441
-1450
-1303
-1017
-582
-571
-671
-855
-979
-1117
-1119
-1030
-1076
-900
-679
-450
-141
248
280
319
320
427
342
85
-63
-237
-144
-161
-32
86
160
124
60
84
25
-323
-236
-259
-670
-740
-760
-424
25
350
315
33
-113
-255
-333
-456
-329
-346
-234
28
377
732
1002
1494
1787
1849
1612
1253
709
551
543
619
821
832
1220
1779
2174
2486
2569
2768
2612
2563
2385
2319
2439
2472
2587
2659
2554
2367
2141
2114
2265
1898
1547
1246
1125
1107
902
764
508
266
170
145
7
-378
-805
-778
-702
-435
-305
-207
-195
-545
-623
-824
-1259
-1515
-1713
-1608
-1608
-1620
-1285
-1125
-991
-793
-373
-206
-386
-640
-819
-883
-989
-1130
-1025
-845
-467
-178
-14
290
600
887
943
925
840
761
739
1061
1305
1694
1752
1460
1307
948
640
239
43
-26
-241
-439
-515
-455
-165
240
589
915
921
746
366
-28
-563
-976
-1295
-1372
-1377
-1489
-1505
-1058
-495
14
315
273
-121
-689
-720
-774
-768
-753
-608
-513
-384
-301
-591
-772
-765
-1199
-1631
-1981
-2399
-2522
-2494
-2176
-1681
-1395
-1045
-986
-1157
-1358
-1447
-1328
-1429
-1464
-1625
-1854
-1825
-1416
-895
-635
-375
-244
-277
-185
-417
-681
-852
-968
-939
-972
-717
-411
-177
112
137
371
514
489
263
-8
-376
-361
-72
159
401
383
559
499
519
279
-178
-637
-849
-832
-1025
-1013
-854
-548
-479
-515
-351
-276
-275
-296
-497
-673
-327
-30
373
1016
1240
1400
1514
1569
1517
1264
1221
1154
1005
918
1007
883
1005
1163
1357
1331
1133
1086
878
693
770
828
1162
1311
1142
996
823
864
945
817
521
545
622
743
972
969
847
1013
1063
1153
873
639
557
362
486
317
279
136
-175
-345
-630
-855
-1109
-1488
-1578
-1761
-2017
-2171
-2004
-1648
-1360
-1310
-1353
-1379
-1782
-1777
-1739
-1885
-1505
-994
-756
-839
-790
-697
-975
-867
-704
-749
-860
-570
-434
-449
-531
-459
-206
224
498
615
744
676
647
413
509
532
521
641
704
591
538
763
1342
1666
1702
1927
2022
2117
1895
1737
1580
1539
1177
917
926
747
506
404
759
1232
1545
1647
1659
1598
1549
1494
1409
1307
1133
1037
791
840
1044
1198
1364
1771
2025
1783
1767
1180
945
549
373
498
308
655
612
547
497
582
160
-371
-806
-1248
-1597
-1998
-2010
-1775
-1502
-1178
-694
-596
-755
-921
-1261
-1381
-1490
-1733
-1906
-2074
-2163
-2055
-1777
-1522
-1346
-1418
-1671
-2019
-2664
-3019
-3236
-3097
-2626
-2067
-1700
-1542
-1372
-1260
-1217
-1737
-1959
-2077
-2073
-1971
-2157
-1923
-1628
-1348
-1246
-964
-491
-338
-559
-632
-657
-789
-657
8
512
869
1428
1583
1426
1245
874
160
-38
-511
-783
-691
-77
1019
1790
2411
2626
2545
2478
2290
1837
1221
565
273
-296
-480
189
813
1297
1454
1402
1024
455
57
-347
-552
-620
-624
-302
291
493
645
686
493
34
-621
-1007
-1571
-1921
-1936
-1708
-1238
-931
-769
-768
-958
-1095
-1446
-1873
-2293
-2796
-2565
-2411
-2129
-1902
-1855
-1762
-1905
-2208
-2936
-3670
-4382
-4949
-5359
-5295
-5417
-5330
-5073
-4939
-4782
-4655
-4519
-4641
-4961
-5086
-5148
-5083
-4898
-4596
-3958
-3344
-2783
-2585
-2549
-2605
-2498
-2333
-2267
-2381
-2327
-1928
-1359
-772
-241
81
-76
-137
38
17
-154
194
306
892
1338
1494
1691
2032
2313
2569
2785
2758
2939
2915
2707
2652
2979
3114
3320
3526
3874
3862
3828
3747
3222
2803
2439
2068
1687
1606
1516
1903
1914
1910
2296
2299
2166
1585
989
748
979
678
568
745
1130
1504
1717
1920
1518
1312
1047
749
76
-228
-125
109
-153
-540
-280
-268
-131
-382
-877
-1079
-1550
-2014
-2261
-2447
-2336
-1879
-1615
-1587
-1611
-1658
-1267
-1017
-1004
-977
-764
-721
-754
-1034
-1055
-986
-926
-699
-612
-413
-387
-322
-496
-645
-672
-228
129
682
1084
922
1233
1357
1330
1162
871
679
417
330
274
308
340
504
708
779
975
980
864
937
1233
1462
1670
1425
1620
1770
1540
1362
1125
825
507
268
-99
-200
-532
-651
-557
-638
-483
-245
109
61
9
-145
-387
-298
-255
-291
-328
-18
99
165
31
174
-34
-298
-169
-383
-232
-296
-413
-521
-305
-356
-332
-197
18
-218
-624
-832
-873
-968
-1149
-670
-478
-375
-375
-88
69
-69
20
164
60
235
448
581
501
266
272
489
673
391
126
0
-219
-295
-387
-483
-509
-630
-495
-582
-693
-442
-391
-365
-489
-108
37
42
185
419
555
630
737
601
476
627
1194
1661
1763
1740
1975
2324
2805
2865
2867
2882
2636
2257
2080
1760
1533
1012
511
503
409
400
229
229
521
396
53
-68
-163
-454
-570
-757
-902
-1009
-932
-299
-207
-114
-60
-21
-235
-645
-906
-968
-977
-1069
-590
-285
86
228
105
-169
-411
-692
-770
-1284
-1888
-2586
-2720
-2793
-2739
-2281
-2160
-2097
-2259
-2555
-3003
-3188
-3286
-3060
-2645
-1945
-1377
-911
-405
-69
323
604
857
874
709
586
488
688
997
1508
1707
1722
1674
1490
1673
1664
1539
1617
1456
1188
1325
1464
1447
1289
1596
1774
1565
1369
1044
860
889
1295
1315
1445
1369
1681
1938
2172
2119
1703
1687
1666
1759
1767
1822
1818
1623
1114
1005
1048
799
663
556
478
512
622
129
-358
-269
-281
-426
-533
-466
-239
-160
-245
19
52
-31
-27
-76
-233
-553
-420
-309
-220
227
317
80
93
195
308
44
32
102
-199
-404
-459
-739
-913
-736
-556
-163
174
492
771
968
949
790
548
485
258
408
414
545
799
838
1296
1871
2368
2691
2934
2529
2376
2341
2150
1865
1770
1818
2050
2321
2687
2859
3092
3099
2830
2232
1557
1023
377
254
71
137
503
967
1057
1121
965
690
249
113
160
106
13
205
466
649
909
1148
1526
1434
1355
832
402
-3
-261
-297
-146
-107
-392
-782
-864
-867
-1074
-834
-444
-198
-669
-1002
-1068
-957
-643
-329
-197
-237
-551
-954
-1114
-1026
-1001
-833
-577
-370
-120
-19
43
92
82
-106
-204
-683
-1109
-1366
-1391
-1112
-386
26
281
467
179
76
-16
-139
-832
-740
-457
-324
-239
-114
27
117
475
457
469
245
-47
-202
-667
-1067
-831
-590
-318
-238
-255
-195
-126
-125
-236
-742
-881
-1033
-1189
-1183
-1210
-1265
-1080
-730
-637
-423
-505
-319
-281
-328
-254
-85
167
141
282
490
692
656
206
-45
-361
-665
-1097
-1208
-1170
-907
-560
-281
-187
-442
-347
-355
-493
-634
-268
-105
100
554
698
872
1111
1743
2054
2021
2166
2024
2085
1866
1774
1821
1848
1754
1817
2022
2013
1830
1530
1576
1432
1329
1351
1644
1489
1329
1385
1435
1197
1173
1561
1427
1336
1224
1086
1293
1448
1486
1698
1923
2237
2227
1945
1909
1762
1625
1480
1420
1350
1169
815
682
583
221
-4
-381
-540
-820
-1447
-1816
-1738
-1775
-1863
-1781
-1527
-1425
-1321
-1286
-1255
-991
-677
-288
-379
-366
-54
247
205
84
124
-52
-338
-731
-981
-1010
-970
-673
-655
-586
-622
-918
-1165
-1537
-1315
-1245
-969
-504
-80
68
422
775
872
1017
1046
1238
1237
1224
1315
1221
1663
2081
2103
2271
2404
2693
2900
2700
2445
1909
1356
1107
880
1059
1162
982
758
547
668
527
435
198
-237
-576
-1099
-1533
-1828
-1524
-1303
-911
-529
-295
-185
-555
-499
-482
-725
-957
-1098
-1146
-1189
-960
-721
-129
366
320
444
493
431
424
-56
-426
-611
-694
-642
-666
-439
-426
-512
-637
-837
-539
-453
-540
-565
-738
-951
-955
-796
-467
-340
-4
393
516
437
240
60
-54
26
-174
-443
-277
-29
99
544
836
1141
1431
1323
1237
1187
972
693
619
633
500
381
60
-158
-89
-483
-908
-886
-961
-1138
-1238
-1134
-688
-465
-392
-445
-519
-884
-1442
-1790
-1867
-1717
-1673
-1701
-1666
-1690
-1769
-1735
-1827
-1913
-2146
-2545
-2990
-3013
-3088
-2996
-2882
-2711
-2689
-2897
-2726
-2476
-2304
-2116
-2039
-2449
-2388
-2207
-2349
-2125
-2086
-1745
-1346
-1030
-761
-701
-640
-629
-570
-472
-165
-170
-174
-417
-647
-712
-698
-700
-994
-1099
-1424
-1685
-1973
-1869
-1765
-1786
-1683
-1652
-1960
-1957
-1708
-1545
-1625
-1645
-1398
-1446
-1142
-920
-778
-347
-67
111
321
374
210
99
248
484
679
726
1179
1278
1207
1492
1612
1806
1816
1753
1761
1971
2346
2259
2093
2062
1972
1726
1548
1570
1566
1502
1400
1486
1378
1122
728
646
734
548
502
319
11
-591
-1054
-1493
-2119
-2224
-2373
-2273
-2051
-1487
-924
-443
129
354
488
181
55
51
-61
-350
-462
-365
-52
120
351
325
328
314
27
-111
-670
-826
-694
-693
-561
-598
-875
-915
-961
-913
-659
-420
-129
-158
-243
-319
-489
-470
-236
34
264
404
562
746
858
1164
1151
1231
1205
1125
1064
1038
1016
1208
1687
1776
1859
1799
1700
1615
1834
1826
1752
1690
1506
1352
1260
1127
865
755
698
821
1000
1001
1147
911
721
847
777
525
399
480
402
372
147
164
125
-159
-429
-542
-768
-1042
-1351
-1452
-1470
-1608
-1886
-2019
-2123
-2359
-2458
-2435
-2384
-2397
-2565
-2806
-3061
-3010
-2847
-2199
-1617
-1511
-1147
-892
-986
-1081
-731
-562
-467
-63
343
601
817
840
1227
1702
1754
1712
1681
1441
1270
1191
1307
1315
1149
1407
1203
906
944
882
873
1043
1064
773
803
854
1083
970
948
1168
1180
1346
1480
1431
1620
1648
1599
1226
941
966
964
750
390
230
-327
-622
-811
-814
-895
-1122
-1250
-1441
-1668
-1912
-2112
-2163
-2118
-2287
-2227
-2188
-1807
-1713
-1665
-1594
-1511
-1401
-1415
-1118
-983
-762
-486
-164
108
-48
13
124
-90
-243
-497
-733
-878
-1155
-1072
-878
-804
-1003
-1185
-1324
-1776
-2217
-2274
-2322
-2680
-2725
-2570
-2450
-2428
-2116
-2036
-1974
-1987
-2064
-2161
-2111
-2076
-1924
-1711
-1606
-1334
-951
-407
-123
257
511
546
508
314
177
93
-168
-286
-167
282
505
322
208
37
-124
-27
-309
-364
-509
-1061
-1264
-1374
-1237
-1134
-968
-1038
-850
-899
-1177
-1173
-1296
-1263
-1362
-1539
-1523
-1521
-1157
-1013
-1135
-1035
-904
-664
-594
-560
-668
-782
-665
-300
7
314
510
563
852
815
660
655
590
809
931
1127
962
1167
1326
1574
1700
1657
1695
1636
1622
1270
934
611
6
-359
-303
-521
-587
-679
-674
-686
-826
-956
-1465
-2199
-2613
-2897
-2779
-2285
-1962
-1834
-1582
-1445
-1187
-933
-881
-759
-698
-739
-730
-893
-745
-296
-271
-59
144
400
745
754
960
782
596
682
719
644
361
82
-118
-177
-114
167
523
1027
1192
1223
1157
1049
1089
1002
1092
1090
1393
1564
1250
1169
1343
1499
1460
1157
883
358
61
-209
22
511
808
814
911
781
789
676
489
227
-345
-438
-317
-43
173
594
792
1321
1690
1797
1840
1678
1713
1797
1821
2088
2087
2337
2570
2860
3124
3074
2996
2781
2701
2358
2355
2151
2148
2303
2366
2698
2854
2605
2479
2194
1774
1708
1609
1456
1495
1397
1289
1318
1442
1520
1525
1536
1560
1437
981
428
25
-233
-155
-259
-287
-466
-614
-614
-740
-808
-1139
-1353
-1765
-2054
-2016
-1799
-1444
-1253
-1312
-1403
-1422
-1220
-1387
-1222
-1852
-2337
-1960
-1993
-1928
-1905
-1204
-935
-743
-492
-506
-346
-632
-746
-921
-1107
-1262
-1801
-1193
-741
-405
-325
-454
-407
-617
-772
-900
-870
-782
-799
-891
-987
-1000
-377
45
730
1116
1419
1443
1427
894
597
653
421
475
769
1384
1754
1944
1837
1774
1513
1336
1263
1239
1304
1451
1337
1328
1450
1730
1702
1217
904
693
489
371
139
-46
281
628
788
1335
1778
1821
1772
1696
1251
886
1000
935
827
610
343
525
402
-30
-494
-1108
-1335
-1502
-1802
-1725
-1393
-1378
-1465
-1708
-2207
-2609
-3165
-3145
-3335
-3279
-3124
-2980
-2682
-2571
-2067
-1514
-1153
-712
-535
-430
-142
-198
-249
-49
419
672
1172
1627
1832
1908
2183
1892
1543
1241
844
739
580
869
1188
1590
1700
1479
1402
1814
1976
1965
1878
1710
1756
1727
1882
2264
2722
2883
2997
2997
2933
3021
3008
2560
2310
2054
1809
1589
1572
1531
1679
1843
1685
1857
1420
1148
993
803
887
824
1148
1279
1171
931
867
774
331
235
31
-56
-350
-648
-721
-607
-269
-169
-148
-252
-202
-139
-352
-995
-1524
-2086
-2271
-2261
-2255
-1862
-1342
-763
-571
-288
-321
-315
-567
-481
-340
-199
149
387
721
1320
1681
1925
2174
2427
2109
1908
1882
1748
1686
1657
1892
2369
2873
3292
3740
4018
4051
3492
3085
2647
2157
1616
1583
1610
1976
2452
2619
2967
2896
2416
1680
1310
690
448
393
536
773
1159
1308
1394
1402
1061
921
448
-149
-769
-1276
-1547
-1460
-1291
-1068
-854
-662
-944
-1485
-1816
-2105
-2368
-2642
-2790
-2879
-3367
-3273
-3002
-3061
-2978
-2921
-2926
-2767
-2583
-2846
-2664
-2348
-2182
-1957
-1927
-1844
-1760
-1807
-1431
-1366
-1309
-1076
-1062
-957
-877
-807
-479
-36
262
596
1240
1500
1850
2143
2101
2175
2224
2216
2484
2594
2553
2751
2746
2677
2947
2866
2600
