-141
-237
-152
-390
-279
351
515
566
1184
1230
1233
1554
1176
1502
1173
1070
1264
1163
1352
1229
1317
1232
1148
772
744
735
617
780
551
466
469
559
565
569
444
346
360
317
617
556
450
706
507
588
243
-47
-142
-381
-615
-609
-799
-1066
-1169
-1084
-1352
-1288
-1024
-762
-826
-914
-1096
-1078
-774
-831
-586
-524
-319
-101
-98
89
-140
260
508
542
433
509
636
624
761
745
772
896
1018
1036
1124
560
541
578
848
1048
1129
1174
750
567
525
572
171
270
458
446
634
616
710
742
641
889
793
681
727
589
431
426
374
349
-59
-379
-479
-683
-915
-1128
-1505
-1498
-1425
-1255
-864
-744
-871
-544
-574
-769
-979
-1281
-1273
-1638
-1646
-1724
-1279
-881
-1242
-1360
-887
-707
-654
-674
-905
-495
-212
-33
-32
-63
-82
-403
-410
-309
-241
-277
-303
-297
-562
-314
-281
-187
119
281
239
521
821
731
1089
1335
1576
1694
1541
1424
1324
1288
1044
532
170
14
27
-60
-382
-422
-167
-232
-239
97
217
298
589
814
858
1402
1634
1574
1360
1332
1410
1196
1246
1162
1297
1225
1016
1135
1115
1219
1083
1120
862
801
1084
1303
1116
1005
776
381
445
304
245
495
380
348
193
-119
-152
-257
-498
-591
-649
-990
-960
-872
-764
-211
-339
-445
-425
-610
-717
-916
-1078
-1113
-892
-976
-988
-1026
-1349
-1312
-1328
-1083
-1306
-1317
-1572
-1310
-1230
-1576
-1405
-1366
-1103
-1224
-1064
-1019
-937
-597
-412
-65
-176
397
155
260
446
612
955
646
557
629
504
400
439
270
315
238
296
403
306
239
345
-32
-21
-81
-146
-140
-196
-212
-105
-431
-636
-393
-364
-272
9
280
-67
-168
-276
-333
-616
-689
-790
-1302
-1367
-1377
-1022
-857
-490
-348
-738
-551
-163
-464
-561
-667
-825
-1037
-1353
-1117
-1212
-938
-781
-737
-822
-371
-205
-50
228
145
124
41
257
472
790
1104
814
985
967
1065
1296
1384
1215
1122
946
480
414
210
105
-181
-145
-18
49
-91
-361
-231
-262
-316
-171
-166
61
-53
63
513
147
41
49
150
158
83
-121
-257
-677
-934
-854
-778
-311
-324
-250
-598
-543
-677
-804
-580
-246
-478
-423
-429
-385
268
174
287
258
641
466
555
551
468
576
490
401
311
500
502
162
337
81
191
176
53
274
255
342
104
-72
-363
-224
-32
-18
-47
-231
-85
-56
-154
-294
-194
-644
-686
-550
-305
-271
156
547
117
-76
-123
-145
-197
-61
-311
-362
-501
-565
-318
-16
228
163
54
-6
-88
-136
-361
-348
-376
-171
-29
-361
208
220
616
908
814
804
759
994
723
691
521
704
406
152
327
6
43
71
352
511
346
398
525
575
315
354
75
188
193
-221
23
106
86
151
218
447
229
-109
-325
-107
320
352
654
971
984
817
1062
872
496
176
77
-130
-193
-158
-423
-419
-339
-459
-364
-148
-43
385
478
626
1094
1311
1417
1153
1299
1491
1356
1420
1278
1114
1170
1321
1364
1572
1533
1901
1974
1969
1963
1935
1982
2179
1916
1676
1446
1412
1540
1138
1244
1068
622
479
641
411
468
401
138
120
46
-36
-262
-455
59
85
195
333
383
417
286
378
322
31
-213
49
-88
348
617
829
719
738
707
396
627
660
679
490
761
742
789
816
485
556
522
442
605
728
946
1138
1095
898
1043
856
932
1114
1082
1184
1015
627
496
142
-345
172
-130
-507
-561
-933
-831
-1128
-1314
-1471
-1492
-1454
-1463
-1132
-1313
-1355
-1384
-1186
-1434
-1526
-1355
-1461
-1588
-1732
-1458
-1371
-1422
-1199
-1415
-1386
-1214
-1154
-954
-672
-828
-847
-464
-257
92
-58
-247
-208
-330
-21
-60
-18
-107
-274
-320
-367
-404
-398
-364
-378
-424
-211
-282
-341
-349
-788
-868
-1003
-1036
-991
-940
-888
-850
-1573
-1798
-1885
-2066
-2410
-2517
-2296
-2548
-2509
-2592
-2505
-2485
-2244
-2050
-1654
-1438
-1486
-1652
-1897
-1618
-1773
-1699
-1690
-1771
-1980
-1887
-1756
-1429
-1523
-1197
-834
-886
-806
-513
-483
-647
-374
-619
-578
-712
-158
-185
-223
-159
-157
228
318
372
559
590
465
611
699
1047
1210
1050
1100
1114
806
756
558
222
285
88
-23
70
29
-84
-59
-213
-221
-186
104
259
289
767
1193
1359
1454
1531
1305
1105
1061
1438
1511
1428
1549
1457
1201
1255
1158
881
866
697
675
558
345
379
72
253
390
178
509
631
901
1043
742
462
58
117
400
474
859
954
911
1017
1009
911
474
180
157
-606
-948
-1501
-1910
-2284
-2546
-2656
-2531
-2321
-2540
-2295
-2259
-1996
-2122
-2369
-2038
-2229
-2178
-1706
-1355
-1585
-1645
-1676
-1598
-1853
-1688
-1555
-1282
-1211
-917
-837
-943
-850
-1033
-870
-768
-676
-465
-61
155
130
468
618
523
722
684
890
1077
893
1006
1191
1169
1009
1125
1322
989
1313
1497
1147
1155
1221
1325
1346
1219
1199
1210
1115
1005
1303
1238
1158
1330
1132
932
663
444
267
118
-170
40
-130
-624
-1063
-1633
-1994
-2160
-2228
-2142
-2108
-2124
-1989
-2048
-2224
-2094
-2162
-2093
-1758
-1563
-1455
-1038
-1057
-954
-689
-860
-509
-19
121
382
389
383
789
703
448
333
552
655
510
740
1098
1191
1480
1627
1431
1738
1940
2071
2192
2490
2732
2708
2833
2820
2913
2834
2607
2306
2152
2167
1521
1417
1445
1135
963
715
1148
906
519
378
301
328
-20
-211
-647
-603
-742
-740
-713
-680
-706
-722
-626
-678
-725
-533
-909
-588
-536
-479
21
43
558
523
563
419
386
385
326
604
602
389
314
214
53
96
-236
39
103
121
76
8
-385
-336
-258
-297
137
252
72
203
257
165
283
135
-194
-97
-255
-128
-395
-949
-1076
-969
-1068
-1264
-935
-923
-744
-759
-868
-696
-869
-985
-931
-1100
-914
-595
-564
-524
-360
-250
-86
-402
-434
-366
-387
-377
-554
-106
374
865
1398
1568
1477
1534
1474
1345
1148
857
989
962
876
883
1164
1354
1370
1406
1367
1768
1879
1815
1642
1799
1962
2219
2417
2472
2611
2318
2054
2025
2194
2333
2366
2456
2431
2206
1804
1701
1649
1117
738
555
617
395
197
75
-298
-716
-739
-855
-1177
-1011
-1147
-1278
-475
-412
-308
-158
-164
-177
-45
124
163
376
489
679
766
1221
1083
1017
632
331
117
-44
-193
-611
-559
-305
-319
-343
-238
-639
-549
-225
-428
-576
-752
-706
-393
-686
-737
-518
-507
-474
-666
-1007
-1101
-1321
-1734
-1721
-1823
-1864
-1659
-1754
-1872
-1969
-1826
-1545
-1122
-1090
-732
-604
-481
-643
-801
-899
-1326
-1575
-1609
-1479
-1336
-1449
-1155
-954
-1223
-1269
-1445
-1129
-1111
-546
-257
28
289
501
421
251
139
-72
-387
-607
-236
-329
-365
-665
-1085
-945
-1382
-1574
-1685
-1472
-1614
-1770
-1637
-1754
-1750
-2002
-1952
-2244
-2021
-2017
-1792
-1389
-1204
-1291
-1169
-1234
-1522
-1689
-1803
-1588
-1480
-1549
-1740
-1847
-1759
-1641
-1670
-1505
-1504
-1314
-1092
-846
-484
-340
-248
-228
22
177
922
1016
1872
1930
1967
2519
2164
2466
2361
2452
2596
2438
2779
2612
2457
2468
1777
1852
1364
1514
1188
1114
949
476
633
338
433
-30
-256
25
-142
-149
58
-182
-263
-409
-367
-233
-312
-456
-408
-144
-129
38
139
-104
-423
-465
-778
-740
-871
-566
-639
-543
-565
-606
-170
-369
28
53
-129
-220
81
264
85
197
120
299
515
498
749
828
610
686
392
462
405
260
873
847
1101
1057
904
979
1060
1103
1128
1249
1156
1333
1441
1954
1971
2035
2387
2126
1970
1554
1706
1796
2114
2078
1911
1823
1877
1735
1809
1803
1933
1797
1933
2245
2216
2356
1819
1574
1387
1737
1666
1138
1050
1028
661
457
291
336
524
795
1041
972
983
773
774
859
1145
991
966
867
875
836
891
578
97
197
-178
-10
-49
-402
-564
-581
-469
-506
-586
-553
-802
-1004
-838
-728
-623
-474
-644
-403
-456
-480
64
228
472
682
759
1354
1362
1544
1819
1578
1661
1330
1355
1151
1173
993
986
600
469
338
209
776
705
846
846
839
702
537
286
586
310
291
437
608
540
206
344
-252
-435
-443
-462
-705
-680
-541
-451
-515
-617
-577
-871
-955
-691
-743
-905
-912
-950
-816
-716
-546
-867
-1177
-936
-941
-1164
-1342
-1585
-1581
-1687
-1533
-1803
-2053
-2188
-2057
-2058
-2240
-2300
-2514
-2604
-2687
-2734
-2659
-2609
-2900
-3090
-2980
-2911
-2899
-2882
-2661
-2663
-2520
-2341
-2378
-2116
-2278
-1953
-1896
-2301
-2556
-2551
-2914
-2893
-2584
-2684
-2409
-2616
-2397
-2307
-2247
-2174
-2302
-2298
-2268
-2165
-2206
-1936
-1770
-1712
-1687
-1255
-944
-985
-658
-567
-1075
-1174
-823
-839
-1048
-1286
-1360
-957
-895
-848
-794
-1011
-949
-799
-636
-712
-795
-1091
-1240
-1441
-1238
-1124
-1025
-712
-438
-85
169
342
306
265
509
204
337
625
727
966
944
1010
1129
1118
1302
1409
1451
1391
1607
1923
1699
2174
2463
2518
2669
2407
2151
2182
1944
1834
1697
1645
1569
1344
1248
758
438
135
-69
-96
-120
-154
-423
-308
-258
-746
-998
-1022
-880
-900
-640
-376
-542
-397
-658
-753
-469
-448
-56
182
117
2
-181
109
120
23
416
438
184
228
139
-228
-607
-666
-300
-253
183
494
867
971
1001
1022
778
569
527
844
816
796
947
1144
1340
1585
1356
1871
2280
2194
2531
2319
2260
2441
2511
2468
2421
2777
2773
2791
3015
2652
2906
2673
2571
2328
2143
2405
2311
2300
2108
2094
2276
2466
2391
2195
1918
1915
2349
2250
2395
2607
2453
2056
1835
1976
1756
1509
1731
1385
1149
1043
1347
1087
944
727
224
12
95
197
210
153
-187
-349
-989
-1124
-1343
-989
-851
-614
-69
217
438
380
585
690
374
59
-83
-608
-1194
-1583
-1462
-1271
-1259
-1468
-1248
-614
-387
-419
-123
-28
12
314
276
444
595
510
660
791
1015
1164
1230
1160
1423
1145
884
1197
770
717
674
962
702
870
864
923
822
670
356
60
251
276
592
413
477
-10
-475
-690
-1117
-830
-544
-709
-686
-463
-517
-589
-618
-774
-839
-859
-1133
-1068
-1342
-1307
-1338
-1490
-1858
-1773
-2040
-2093
-1941
-1928
-1760
-1942
-1676
-1878
-1748
-1846
-1938
-2114
-2282
-2567
-2631
-2476
-2310
-2020
-1754
-1714
-1763
-1533
-1647
-1562
-1102
-1260
-1359
-1227
-1376
-1616
-1170
-1198
-1267
-832
-890
-543
-411
3
339
229
323
284
160
34
49
165
80
262
-72
-162
-522
-559
-183
-446
-387
-916
-908
-897
-1468
-1254
-1297
-1291
-1124
-1226
-1402
-1632
-1250
-1483
-1507
-1768
-1682
-1326
-1438
-1433
-1009
-1008
-1412
-1607
-1887
-2069
-2359
-2286
-2279
-1805
-1806
-1617
-1649
-1563
-1626
-1771
-1683
-1665
-1417
-1514
-1301
-1001
-1024
-1238
-1093
-1205
-1419
-1617
-1607
-1390
-1410
-1325
-1126
-1290
-1380
-1042
-763
-347
-340
-437
-450
-472
-436
-140
84
34
558
862
990
1063
859
857
867
712
677
875
893
705
1078
1269
1513
1654
1479
1675
1526
1613
1604
1650
1903
2197
2451
2235
2370
2202
2449
2537
2239
1782
2067
1901
1467
1386
1290
1632
1305
1385
1427
1506
1529
1366
1561
1568
1816
1990
1941
1578
1234
1276
1222
729
1022
894
1184
1485
1381
1252
1184
1357
1408
1549
1492
1564
1349
1463
1589
1422
1304
1552
1366
1483
1751
1918
1579
1597
1699
1587
1684
2075
2088
1763
1949
1856
2305
2326
2290
2252
2156
1649
1710
1760
1904
2059
1830
1963
2034
2215
2330
2739
2284
2293
2064
2096
2073
1996
2123
2181
2165
1937
1969
1714
1578
1266
1054
651
523
330
305
415
49
52
-61
-242
-370
-26
189
-37
108
152
70
7
43
-88
-30
-408
-434
-568
-678
-545
-577
-437
-377
-350
-652
-656
-408
-658
-739
-899
-1113
-622
-529
-655
-447
-174
-262
-216
239
553
286
388
322
114
158
191
521
761
1172
880
840
812
257
293
351
604
925
921
1196
1367
1282
1206
922
754
498
276
117
-287
-405
-708
-342
66
-288
-417
-466
-527
-770
-893
-900
-1108
-1263
-1604
-1798
-1987
-2059
-2154
-2488
-2583
-2977
-2871
-2427
-2222
-2035
-2484
-2799
-2689
-2628
-2206
-2189
-2208
-2175
-2356
-2125
-2042
-2095
-1653
-1597
-1985
-2258
-2206
-2385
-2831
-2471
-2553
-2507
-2463
-2419
-2365
-2026
-1756
-1412
-1248
-1396
-1198
-1079
-1224
-1086
-917
-1053
-1258
-941
-1040
-1180
-1118
-1327
-1253
-772
-457
-397
-359
-37
-156
134
182
-18
128
-178
-258
-199
-11
-31
51
99
-38
153
89
213
298
-147
89
-9
-342
-674
-1150
-1278
-1409
-1229
-1023
-1248
-1259
-1425
-1353
-1346
-1123
-1066
-1432
-1408
-1534
-1664
-1605
-1550
-1424
-1468
-1242
-1173
-907
-708
-964
-1175
-1394
-1344
-1523
-1368
-1365
-1363
-1404
-1253
-1058
-720
-566
-712
-555
-598
-532
52
301
505
262
616
704
471
619
429
790
1145
1349
1402
1060
977
1140
797
678
801
793
1085
1411
1212
1325
1645
1828
2002
2353
2645
3039
3351
2826
2561
2196
1896
1734
1414
1255
1237
1128
1274
1202
1290
1229
1089
1391
1667
1810
1660
1784
1428
1309
1177
897
1239
1188
914
717
453
377
444
-186
-487
-695
-1020
-814
-698
-529
-818
-801
-810
-407
-403
-319
70
9
698
937
1067
1345
1227
1503
1574
1535
1577
1569
1397
1099
1267
1041
1205
1349
1274
1267
1759
2031
2359
2549
2681
2994
2669
3358
3370
3258
3063
2659
2339
2173
2030
1974
1818
1879
2103
2047
2390
2046
2129
1931
1915
1736
1446
1066
576
149
-358
-237
-436
-536
-551
-994
-1015
-1253
-1608
-1716
-1872
-1835
-1923
-1671
-1654
-1811
-1454
-1058
-951
-1205
-1187
-1602
-1614
-1521
-1757
-1569
-1800
-2009
-2043
-2046
-2311
-2233
-2449
-2581
-2528
-2378
-1726
-1578
-1208
-1094
-1087
-951
-895
-596
-612
-670
-918
-1163
-746
-1097
-1261
-1096
-1259
-1295
-1480
-1417
-1381
-1275
-1444
-1410
-1367
-1216
-1079
-1183
-1071
-823
-925
-890
-555
-251
-80
85
158
425
435
308
281
118
206
128
-141
-146
-236
-443
-567
-672
-741
-588
-697
-605
-250
-827
-1185
-1164
-1407
-1529
-1651
-1988
-2134
-2104
-2045
-1784
-2042
-1924
-1923
-2274
-2176
-2176
-1901
-1744
-1768
-1271
-1173
-1073
-685
-168
-244
-339
-820
-576
-249
-388
-323
-274
169
429
744
445
197
119
153
355
300
265
658
654
747
905
1171
1295
1345
1439
1320
1366
1497
1646
1815
1981
1969
1938
2091
2305
2111
2273
1902
2188
2222
1828
1736
1640
1592
1127
1063
674
272
-16
-79
162
428
612
653
546
365
379
391
376
485
494
449
453
855
971
872
746
801
1233
833
760
645
501
463
286
-242
-184
-543
-849
-776
-828
-631
-760
-639
-841
-679
-580
56
104
303
780
696
820
684
639
732
508
572
1223
1007
1284
1599
1555
1676
1722
1714
1459
1489
1136
1113
890
1107
1223
1208
1551
1698
1821
1846
2331
2217
2335
2416
2261
2312
2038
1952
2294
2378
2073
2249
1972
1947
1740
1067
1176
862
434
-5
-608
-760
-681
-1144
-1261
-1277
-1663
-1570
-1410
-1659
-1585
-1714
-1697
-1656
-1497
-1565
-1596
-1353
-1580
-1526
-1501
-1010
-980
-861
-1004
-670
-569
-700
-274
-271
-388
-502
-417
-282
-335
-136
82
193
258
333
810
1242
1266
1284
1010
836
864
829
1059
1350
1281
1089
927
805
430
452
239
423
509
201
217
-250
-263
-476
-694
-1221
-1430
-1556
-1536
-1517
-1527
-1498
-1891
-1918
-1737
-1860
-2045
-1823
-1801
-1928
-1743
-2006
-2086
-1691
-1561
-1572
-1576
-1433
-1719
-1910
-1887
-1793
-1432
-1640
-1771
-1705
-2100
-2249
-2373
-2482
-2512
-2584
-2453
-2535
-2206
-1843
-1816
-1664
-1756
-1738
-1409
-1386
-1076
-696
-901
-735
-885
-784
-762
-717
-996
-1165
-1041
-915
-951
-1482
-1786
-1968
-2050
-2080
-1813
-1800
-1710
-1572
-1584
-1208
-924
-1063
-862
-599
-303
-244
-326
-199
-252
-361
-737
-363
-354
-279
-621
-359
-713
-909
-1313
-1705
-1257
-1658
-1527
-1308
-1080
-1152
-1044
-907
-745
-387
167
130
-21
-78
149
74
-289
-285
-235
-385
-261
-355
-554
-622
-768
-558
-301
125
201
156
328
118
63
170
9
-38
188
-40
204
390
209
509
656
767
1198
1071
1329
1736
2023
2468
2465
2496
2317
2613
2607
2307
2100
2081
2157
2276
2181
2342
2642
2617
2467
2431
2525
2856
3045
3148
3104
3229
3346
3257
3272
3152
3470
3539
3662
3676
3527
3719
3348
3052
2691
2720
2491
2066
2350
2201
2270
2022
2182
1877
1693
2186
1979
1859
1786
1446
1213
1259
895
696
409
386
518
487
526
107
161
86
-136
-296
-303
-173
-177
41
73
-278
-441
-259
-458
-349
-549
-747
-703
-953
-1027
-694
-373
227
439
500
855
847
857
1069
1224
1636
1899
1731
1441
958
881
473
537
490
347
236
543
531
508
772
577
769
638
666
694
788
705
587
610
280
-16
-125
-409
-401
-571
-625
-655
-685
-902
-843
-1080
-1227
-1417
-1669
-1528
-1455
-1463
-1782
-1920
-2052
-1717
-1496
-1656
-1556
-1438
-1253
-1387
-1604
-1557
-1650
-1501
-1654
-1477
-1532
-1386
-1069
-1321
-1320
-1225
-1106
-944
-1155
-1386
-1714
-1745
-1570
-1508
-1416
-1427
-1147
-1063
-1006
-993
-894
-801
-668
-840
-848
-404
-732
-736
-888
-1198
-1139
-1173
-989
-1507
-1650
-1962
-2084
-2482
-2594
-2435
-2872
-2699
-2726
-2788
-2913
-3286
-3283
-3444
-3403
-3123
-2994
-2938
-3054
-3054
-2974
-2943
-2835
-2723
-2540
-2490
-2600
-2475
-2587
-2768
-2445
-2283
-2291
-1997
-1842
-1443
-1536
-1637
-1593
-2046
-2167
-2415
-2827
-2868
-2827
-2564
-2534
-2388
-2058
-1983
-1790
-1651
-1583
-1483
-1733
-1570
-1273
-1289
-1062
-1173
-897
-829
-903
-874
-884
-980
-1613
-1328
-1378
-1208
-1281
-1193
-873
-1150
-1430
-1482
-1279
-1518
-1548
-1115
-1264
-1019
-891
-978
-710
-377
-259
-324
162
90
325
560
415
529
538
243
129
207
315
588
871
939
786
730
558
376
517
411
206
232
243
513
762
739
1016
1342
1623
1724
1795
2062
2159
2247
2392
2295
2085
1605
1540
1387
1100
985
842
595
268
346
269
646
940
1052
1199
1278
1789
2044
2329
2693
2883
3118
3168
3265
3094
3190
3336
3390
3357
3559
3806
3656
3800
3905
4014
4016
4127
4247
4075
4109
4109
4248
4172
4306
4664
4501
4522
4725
5029
4835
4583
4409
4011
3643
3354
3016
2771
2940
2975
2792
2376
2226
1832
1785
1382
1135
948
893
1165
1258
1121
1297
1428
1426
1856
1729
1718
1369
1056
841
714
689
655
444
85
234
442
353
494
681
738
232
77
202
117
223
505
494
253
453
243
660
546
690
1068
1207
1169
1006
933
756
1208
1126
1165
650
642
474
525
791
555
853
907
1077
1586
1393
1131
853
1069
1489
1491
1550
1720
1652
1015
876
725
826
834
451
568
549
289
311
225
103
-140
-292
-192
-516
-875
-1119
-970
-1031
-1235
-1447
-1579
-1242
-1646
-1671
-1784
-1814
-1384
-1566
-1625
-1690
-1978
-2572
-2690
-2625
-2819
-2548
-2771
-2888
-3108
-3355
-3582
-3825
-4330
-4626
-4525
-4683
-4629
-4522
-4167
-3984
-3718
-3606
-3230
-3263
-3238
-3220
-3230
-3180
-3596
-3223
-3362
-3256
-3071
-2830
-2826
-2425
-2337
-2147
-1836
-2100
-2136
-2174
-2161
-2319
-2413
-2395
-2256
-2163
-2112
-1897
-1664
-1658
-1965
-1972
-1627
-1823
-1824
-1713
-2058
-2287
-2059
-2009
-1875
-1713
-1625
-1633
-1513
-1308
-1007
-986
-995
-989
-1195
-1113
-1342
-1241
-1349
-1522
-1571
-1724
-1882
-2005
-2600
-3162
-3227
-3146
-3146
-3180
-3276
-2942
-2497
-2260
-2024
-1889
-1789
-1802
-1702
-1742
-1343
-1284
-1031
-837
-681
-576
-440
-216
-557
-513
-402
-573
-1028
-718
-630
-554
-158
-140
100
183
458
817
1349
1472
1736
2082
2490
3121
3522
3585
3857
4147
4255
4499
4543
4806
5072
4941
4893
5253
5227
5272
5102
4916
4654
4239
3951
3433
2895
2679
2457
1995
1627
1635
1554
1250
898
399
19
-503
-814
-1009
-1568
-2007
-2006
-2171
-2278
-2856
-2798
-2853
-2844
-2745
-2760
-2452
-2469
-2395
-2119
-2221
-1849
-1518
-1193
-926
-60
183
767
1709
2129
2881
3370
3929
4309
5057
5591
6048
6401
6811
7198
7153
7141
7428
7573
7529
7146
6692
6288
6007
5862
5395
4759
4362
3664
3380
3065
3157
2952
2799
2875
2464
2219
1747
1339
777
333
-64
-215
-707
-680
-1029
-899
-672
-664
-771
-952
-910
-1025
-693
-693
-547
-543
-511
-532
-114
-28
149
291
504
726
1040
1366
1183
1360
1169
1450
1456
1228
1264
1456
1101
889
635
364
47
46
15
-108
-525
-825
-1003
-977
-890
-807
-747
-927
-596
-348
-287
-394
-231
-169
-42
-106
-397
-321
-448
-31
-160
572
539
962
1392
1499
1133
970
1499
1597
1490
1446
1560
1466
1622
1576
1715
1336
941
913
558
-2
-151
-820
-1519
-2341
-2617
-4049
-4151
-4802
-5605
-5970
-6194
-6619
-6682
-7335
-7735
-7832
-8554
-8721
-9162
-9045
-9202
-8653
-8469
-7745
-7578
-7132
-7167
-6581
-5917
-5762
-5102
-4570
-3483
-3145
-2277
-1516
-971
-258
645
1225
1851
2803
3541
4015
4638
4763
4973
5118
5367
5389
5269
4874
4909
4776
4165
3748
3360
3099
2515
2624
2285
2380
1919
1586
806
294
-186
-671
-1414
-2122
-2066
-2369
-2958
-3142
-2973
-3030
-3282
-3086
-3135
-2981
-2743
-2576
-2488
-2505
-1924
-1761
-1352
-1115
-126
248
576
1108
1805
2293
2602
2548
2577
2810
2705
2683
2452
2376
1833
1865
1587
423
-120
-672
-1907
-3032
-4348
-5480
-6307
-7500
-8252
-8953
-9641
-10274
-10650
-10706
-11245
-11760
-11946
-11720
-11429
-11132
-10690
-9847
-9046
-7788
-6643
-5156
-4243
-3253
-1765
-420
767
1564
2735
3869
4940
5682
7153
8011
8707
9573
10116
10977
11515
12050
12131
12681
13258
13499
13687
12995
12779
12476
11891
10955
10471
9492
8725
8360
7046
5664
4777
4139
3217
2336
1507
998
143
-423
-599
-739
-523
-736
-613
-804
-776
-755
-957
-769
-937
-564
-734
-430
-245
403
826
1295
1456
2500
3285
4421
5181
6002
6912
7336
8862
8858
9850
9556
10180
9391
9823
9683
9824
9166
8715
7846
6696
5923
4344
3869
2931
1894
639
262
-1682
-2623
-3837
-5481
-6813
-8120
-9037
-10302
-11171
-11939
-13213
-13640
-14198
-14591
-14926
-14887
-14590
-14008
-13350
-12532
-11788
-11007
-9968
-8966
-7132
-5881
-4650
-3171
-1856
-614
423
1813
3139
4294
4997
6069
6834
7169
7953
8437
9035
9593
10034
10092
10078
10100
9855
9368
9285
8786
8000
7004
6027
5519
4506
3195
2272
1550
756
22
-953
-1787
-2562
-3305
-3520
-4082
-4113
-4167
-4127
-3687
-3702
-3734
-3649
-3599
-3560
-2841
-2997
-2811
-2776
-2676
-2089
-1709
-1270
-695
-187
546
1431
2123
3079
3658
4905
4810
6618
6826
7685
7538
8178
8014
8004
7716
7372
7090
5639
5358
3881
3386
1450
590
-646
-1770
-3303
-3916
-6175
-7252
-8069
-9817
-11069
-12479
-13448
-15164
-16158
-16983
-18451
-19096
-19346
-20010
-20297
-19885
-19719
-18654
-18062
-16489
-15092
-13885
-11483
-9458
-7535
-5327
-3878
-1385
594
2468
4217
5671
6880
7725
8956
10502
10932
11402
12624
13195
14074
14827
15469
15475
15822
15583
15405
15020
14325
13091
12456
11395
10135
8696
7314
5929
4482
2963
1976
253
-1026
-2415
-3337
-4250
-4703
-5089
-5840
-5924
-6551
-6524
-6753
-6426
-6620
-6341
-6494
-6458
-6564
-5944
-5709
-5480
-4753
-3943
-2836
-2010
-294
981
3507
4772
6808
8874
9903
11672
12874
14375
14774
15360
14904
15011
13999
13367
11990
10637
9343
7760
6457
4769
2962
1364
-334
-2140
-3868
-5952
-8258
-9649
-11173
-13153
-15382
-16796
-18817
-20331
-21485
-22386
-23065
-23355
-23214
-23838
-23335
-23281
-21885
-20821
-19218
-17219
-15253
-12646
-10283
-7405
-4566
-1958
1057
3201
5664
7494
10104
11789
13668
15327
16963
17842
18826
20285
20549
21381
21824
22628
22424
22905
22461
21848
21152
20327
18870
17694
16394
14615
12795
10495
8470
5987
3851
1864
-395
-2118
-3820
-5335
-6614
-7463
-8128
-8446
-8708
-8311
-8206
-8253
-7759
-7501
-6624
-6396
-5655
-5154
-4328
-3314
-2957
-1395
-1075
389
1334
3328
4988
5906
8593
9848
12444
12950
16131
16221
18540
18269
19054
17977
17859
16327
15080
13646
11654
10360
7552
5745
2359
434
-2479
-4183
-6769
-8439
-11348
-13387
-15751
-17592
-19837
-21357
-23615
-25248
-27088
-27795
-29538
-30149
-31056
-31003
-31537
-30440
-29946
-28621
-26159
-24665
-20941
-18940
-15225
-12162
-8307
-5686
-2173
660
3704
6255
8644
10968
12314
13989
14885
16059
17040
17343
18311
18592
18758
18489
18462
18300
17863
17673
16490
15495
13345
12491
10579
8822
6042
3651
794
-1971
-4227
-6745
-8496
-10599
-12193
-13569
-14077
-14792
-14608
-14821
-14735
-14326
-13881
-12811
-12303
-11057
-10259
-9054
-8094
-7404
-5836
-4861
-3623
-2269
-184
1639
3509
5566
7656
9929
11858
14017
15445
17313
18350
19678
20368
20560
19887
18964
17941
16165
14479
12005
9590
6493
3633
369
-2381
-5373
-8049
-11179
-13700
-15825
-18526
-20222
-22040
-24231
-25774
-27165
-28223
-29185
-30109
-31066
-32056
-32501
-32065
-31065
-31117
-29076
-27888
-24406
-22571
-18552
-14801
-10787
-7383
-3975
1087
3815
7312
9719
14377
15396
17798
18828
20970
21843
22775
24072
25228
25563
25884
26224
26873
26932
26813
26595
25461
23724
22870
21025
19284
16507
13473
11647
8295
6102
2895
1038
-1849
-4047
-6225
-6868
-8254
-8584
-9052
-9362
-9236
-9976
-8837
-8451
-7613
-7180
-6254
-4994
-4632
-3715
-3093
-974
-697
1720
3579
5857
6985
9898
12221
13851
16280
17873
20640
21415
23033
22703
24163
22464
22085
20714
19126
16800
14186
11982
8265
5417
2285
-570
-3619
-6843
-9967
-13180
-16339
-19050
-20996
-23290
-24428
-26884
-27251
-28238
-28731
-29859
-30092
-31020
-31636
-32059
-31609
-30272
-30066
-28230
-26995
-22871
-21403
-17299
-13302
-9106
-6665
-3544
682
3966
6387
8543
12265
14010
15680
17381
19561
20819
21436
23009
25310
25591
26059
26131
27687
27277
27129
26732
26778
24995
23748
22233
20802
18498
15299
13269
10403
7924
4322
2217
-560
-3038
-5355
-5875
-7527
-8819
-9717
-9622
-9425
-10178
-9575
-9371
-8854
-8628
-7625
-6631
-6383
-6085
-4378
-2449
-1874
-43
1938
4443
5482
8514
10845
13200
14743
16648
18811
19558
19906
20542
21109
19962
18902
17544
15896
13355
11377
9240
6931
3280
504
-2168
-5346
-8701
-11643
-14234
-17226
-19493
-20809
-22558
-24541
-26334
-26515
-27416
-28383
-29207
-29860
-31266
-32024
-32588
-31155
-31066
-30092
-29231
-26120
-23528
-22376
-17717
-14796
-10590
-10365
-5680
-2940
535
617
4398
7154
8720
10049
11659
14598
15089
15449
17397
19476
19906
20083
21295
22698
22050
22037
22118
21735
19973
18660
16397
16041
11738
10011
7472
5974
2284
-130
-1785
-3726
-6471
-8073
-7871
-9814
-10604
-11416
-9792
-11232
-11406
-11044
-10048
-10754
-11128
-9991
-9071
-9119
-8371
-5902
-4352
-3860
-1330
1174
4149
5122
8550
11005
12695
13959
16218
18211
18010
18711
18874
19397
17459
16873
15654
14360
11491
9943
8429
5854
3090
647
-1310
-4925
-7600
-9516
-10887
-13388
-15528
-16395
-18935
-21062
-23438
-24796
-26847
-28765
-29870
-30059
-31194
-31694
-32187
-30212
-29887
-28849
-27743
-23984
-21667
-19982
-15875
-12279
-8528
-8478
-4255
-1121
2449
2420
6530
9744
12113
13043
15761
19332
20132
20921
23761
26826
27579
27771
29384
31410
30873
30380
30825
30747
28310
26682
24653
24041
19445
16662
14303
12479
8205
5684
3901
2175
-982
-2407
-2007
-3889
-5131
-5946
-4453
-5859
-6175
-6334
-5258
-7036
-6642
-6534
-5014
-6106
-5034
-3190
-1340
-773
1589
4627
7011
8523
10861
14242
14679
16392
17579
19397
18800
18931
19055
19163
16878
15983
14509
13156
9881
7854
6096
3978
156
-1182
-3540
-5684
-8537
-9806
-11012
-13550
-15987
-17929
-20114
-23441
-25247
-26696
-27718
-30643
-31352
-32251
-32262
-31570
-30769
-29517
-28631
-25874
-23189
-21403
-18123
-14819
-11751
-10876
-7654
-4468
-1238
-883
2705
6087
8284
10041
12087
16078
16801
18158
21284
24229
24917
25969
27822
30137
29721
29413
30193
29551
27783
26101
24645
22982
18934
16571
14244
11546
8319
5679
3827
1804
-743
-1990
-2374
-4686
-5832
-7252
-6799
-8317
-9486
-9522
-9992
-11007
-12039
-11371
-12093
-11777
-12046
-9749
-8715
-7427
-5280
-2677
140
1385
4683
6974
8974
9456
11974
12854
13499
13199
13933
13874
12229
11775
10714
9697
7203
5996
4402
2375
43
-1022
-1996
-3824
-5639
-7402
-8756
-11689
-14243
-16522
-19233
-22338
-25176
-26627
-28514
-30434
-32113
-32595
-32262
-31985
-31673
-30395
-27965
-26056
-25245
-22089
-19830
-17066
-17086
-13940
-10861
-8588
-7595
-4341
-553
1655
3773
5669
9809
10998
12753
15705
19429
20346
22180
24611
27157
27502
27588
28766
28683
27087
25610
24669
23298
19830
17735
16063
13922
10867
8300
7293
4938
2826
945
789
-1867
-3278
-5001
-4858
-7099
-8707
-9327
-9894
-11337
-12903
-12530
-13116
-13433
-13300
-11128
-9935
-8771
-6812
-4006
-1865
-546
1963
4350
5429
6281
7541
9021
8597
8530
9025
9383
7821
7561
7363
7252
5558
4810
4843
3492
2200
1162
765
-1101
-3295
-4694
-6566
-9355
-12421
-14449
-17288
-20646
-23270
-25176
-27308
-29715
-30500
-29688
-29032
-29044
-27998
-26180
-23760
-23197
-20636
-17402
-15382
-15079
-12933
-10038
-7110
-6994
-4378
-1179
1237
2313
5015
8880
11354
12767
16063
20422
21733
23947
25849
29588
29343
29703
30438
31283
28799
28037
27084
25847
22649
20353
19682
17637
15383
13784
12963
11672
9608
8166
8019
5725
3847
1977
1325
-1078
-3114
-4473
-4838
-7562
-8463
-8713
-8598
-9544
-9446
-6897
-6207
-5056
-3104
218
1279
2735
4065
6886
6483
6879
7670
8210
7223
5840
6664
6189
4807
4056
4764
3993
3021
2404
3377
2532
985
1125
602
-863
-3031
-4639
-6664
-10699
-14076
-16560
-19708
-23576
-25793
-27853
-28723
-29723
-30044
-28598
-28569
-26137
-24741
-22216
-20119
-17390
-16326
-15397
-13987
-12348
-10920
-11269
-8673
-7009
-4591
-3471
-392
2651
5016
7545
11475
14888
17055
19232
22070
23996
24418
25392
26859
25940
24728
24051
23676
21709
18751
17813
16419
14858
12853
12721
11961
11014
9848
10848
10138
8290
7294
6710
5184
2707
1278
440
-2008
-4485
-5057
-5705
-7454
-8421
-7418
-6309
-5883
-5151
-2119
-803
945
2340
5066
5500
6144
5722
6330
5291
3569
3260
2235
1520
-688
-570
-1496
-2235
-3539
-2765
-3260
-3748
-4055
-3827
-3634
-4687
-4982
-5429
-7068
-9670
-12776
-15781
-18903
-22419
-25017
-26517
-28585
-28955
-28870
-28448
-27972
-26387
-22796
-21121
-17797
-15406
-11874
-11695
-10241
-8754
-7371
-8503
-8313
-6493
-5231
-4023
-2864
730
3189
5059
8082
12170
14555
16292
18160
21381
22306
22032
22162
22502
21246
19632
17786
16998
14454
12422
11444
11010
10283
8984
9315
9978
10319
9963
11444
11208
10965
9345
9896
8612
6955
4697
4490
2165
153
-1013
-958
-1664
-1772
-88
1147
3130
3320
7449
7929
10191
9826
12434
11240
11284
8649
9002
5677
3369
1503
-416
-2315
-5003
-6063
-6473
-7647
-8686
-7762
-8309
-8058
-8815
-8144
-8734
-10429
-12374
-13418
-16283
-18981
-22386
-24150
-26895
-29466
-30794
-29595
-29290
-28325
-26686
-23159
-19373
-17522
-12947
-8906
-5447
-4947
-3114
-1254
-224
-1655
-1659
-290
-174
-269
275
3766
5076
6043
8968
12923
14766
16215
18325
21127
21274
20887
21209
21129
18899
16655
14503
13541
10314
7305
6134
5485
3765
2640
3818
4661
4996
5761
8135
9115
9049
9524
10634
10886
9231
8287
8340
6377
5193
3422
4517
3280
3664
4197
7522
7096
9664
11133
14501
15068
15608
18021
17104
16289
14391
13601
10247
7742
3067
2172
-2011
-4324
-6955
-8407
-10095
-11627
-12354
-11722
-13038
-13236
-12648
-12629
-12846
-14642
-15971
-17444
-21361
-23420
-26117
-28005
-29598
-31617
-32178
-31837
-30608
-28863
-25934
-22735
-17551
-14829
-10060
-5843
-2551
-657
539
2151
3105
2657
1939
3090
3021
3320
2996
5194
6655
7555
9322
12208
13715
14801
16051
17755
17712
17240
16346
15183
12606
10110
7850
5291
2562
-321
-1562
-2889
-3398
-3756
-2640
-2067
-542
673
3147
4417
5407
6098
7274
7545
6396
6345
6075
5495
4374
4697
5272
5457
5844
8311
10370
11973
13872
16805
19259
20168
20965
22065
21414
19884
17656
15773
12816
8554
5329
2747
-923
-4421
-6462
-8182
-10170
-12182
-12173
-12528
-13544
-14247
-14070
-14572
-16142
-18287
-19323
-22201
-25272
-26556
-27837
-29283
-31642
-32106
-31459
-29869
-29502
-26359
-23361
-19058
-16000
-11766
-6493
-3325
-791
981
4042
3945
4912
4022
6295
5733
5906
6193
7640
8647
9425
10737
12956
14161
14456
16017
17029
17203
16100
15892
14885
12346
9642
7692
4911
2214
-1159
-2249
-4043
-5187
-5980
-5062
-4435
-3454
-2409
-120
1712
2331
4074
4980
6376
5917
6091
6416
5836
5414
5520
6228
6579
7044
9001
11479
13132
14992
17860
19748
21791
22781
24406
24087
23201
22009
20299
17899
14225
11097
8095
4945
680
-1536
-4397
-6410
-9038
-10125
-10550
-12207
-12775
-12618
-12970
-14545
-15587
-16995
-18951
-22334
-25131
-27314
-29449
-31090
-32464
-32146
-31572
-29772
-28218
-24878
-22175
-17335
-14030
-9236
-5246
-1540
733
2566
4664
5696
6075
5726
7749
7609
8569
8833
11125
12020
12666
13835
16464
16923
17581
18297
19088
18548
17174
15922
14425
11209
8551
6118
3264
529
-2803
-3637
-5400
-6531
-7178
-6072
-5869
-4420
-3242
-851
-59
810
2056
3168
3295
2913
2963
3100
2602
2192
3042
3385
4268
5285
7981
9372
11988
13604
17354
18350
20477
20997
22016
20639
19937
17719
16239
12872
10059
7608
4689
1606
-1469
-3410
-5353
-7679
-9317
-10107
-11567
-12121
-12868
-12762
-13921
-15656
-17873
-19563
-23100
-25199
-27802
-28593
-30773
-31603
-32339
-30956
-30110
-28545
-25187
-22235
-17503
-15346
-10114
-6807
-3511
-2343
381
2167
3414
3930
4862
7290
7047
8240
9560
11758
12115
12895
14327
16488
16267
16953
17813
18417
17304
16408
15513
14386
11083
9224
7147
4934
1628
-782
-1611
-3720
-5220
-5759
-4925
-5710
-4927
-4161
-1980
-2211
-1519
-275
764
157
255
1025
1026
-125
458
1488
1909
1535
4423
6340
8215
8933
12564
15015
15831
17505
19100
19985
18346
18292
16444
15790
10541
9563
6338
4138
145
-1576
-3407
-5128
-7829
-7876
-8635
-9888
-10228
-10519
-10199
-12314
-13980
-15101
-17844
-20640
-23209
-25451
-27095
-30021
-30863
-30726
-29860
-29048
-26931
-23966
-20316
-17019
-13787
-8640
-6249
-3270
-1993
1106
2684
3730
4510
6541
8276
8676
10127
11063
13344
13063
14256
15651
16991
16759
17940
18665
19448
18055
17278
16805
14894
11719
9832
7206
4748
1156
-676
-1783
-3791
-5122
-5116
-4394
-4928
-4222
-2914
-826
-1573
148
968
2405
1324
1658
2518
1846
926
486
2303
1628
2453
3696
7057
7952
10194
12705
15803
16938
17930
20056
20052
19159
17770
16969
14891
11762
8931
7383
3931
676
-1442
-3247
-5169
-7424
-7887
-8051
-9424
-9977
-10010
-10241
-12144
-13883
-15245
-17317
-20655
-22828
-24544
-26540
-28512
-28791
-27161
-26761
-25556
-23188
-19001
-16027
-13798
-9027
-4848
-2804
-1568
1527
4249
4684
4628
7637
9510
9255
9825
11689
13608
12998
13606
16414
17218
16712
17440
19120
19362
17738
17307
17494
15111
12202
10319
8340
5666
1764
220
-933
-3360
-5084
-5023
-4553
-4977
-4621
-2994
-1087
-1148
-188
1814
2528
2391
1873
3335
2449
1810
1260
2838
2690
2790
4409
6848
8459
9441
12548
14650
16337
16748
19391
19269
18643
17423
16723
14936
11531
8849
6623
3394
-376
-2538
-4886
-6744
-9644
-10335
-10874
-12472
-13148
-13380
-13483
-14619
-16337
-17574
-19627
-22782
-25152
-27018
-29093
-31090
-32472
-30677
-30503
-29367
-26770
-23048
-18768
-16733
-11835
-7004
-4208
-2743
670
2886
4425
3812
6179
8713
8609
9439
11184
13237
13655
13648
16154
18145
17352
17874
19427
20169
19074
17971
18400
16837
13110
11270
9036
6706
2323
-354
-1598
-3855
-6355
-6816
-6019
-6293
-6166
-5127
-2382
-2733
-1442
214
1691
1603
1456
2231
1994
887
409
1224
823
1202
1501
3715
5652
7094
9911
12407
14737
16107
17559
19048
18790
17304
16987
14885
11907
8838
5588
2985
-1056
-4127
-6180
-8800
-10809
-12386
-13716
-14225
-15500
-15898
-15550
-17086
-18625
-20380
-22261
-24388
-27402
-28641
-30262
-31788
-32263
-31689
-31234
-29086
-27302
-22211
-19452
-15184
-10334
-6078
-3092
37
2961
5805
6429
7102
10222
10747
11748
11919
14121
15430
15249
16072
18655
18553
19100
19834
21132
21401
20271
20230
19749
17168
14482
12112
9579
6524
2403
674
-1896
-4463
-6149
-6634
-6793
-6961
-6908
-4837
-3709
-2822
-1203
278
1761
1639
2242
2878
2575
1900
1803
1865
2004
1639
3543
5719
6870
9329
12292
15304
17113
18849
21227
21684
20869
20589
19251
17243
13603
10634
8176
3841
-209
-2876
-6180
-8631
-11353
-12269
-13194
-14955
-15532
-15461
-16772
-18465
-20257
-21099
-23634
-26508
-27507
-29342
-31126
-32424
-31663
-31682
-30070
-29060
-24350
-21707
-18116
-13440
-8549
-5176
-2421
1271
4631
6447
6501
10192
11470
12110
12638
14630
16234
16147
16272
19029
19721
19905
20822
22435
23346
22151
21989
22421
20293
17303
15486
12783
9663
4745
2815
265
-3292
-6020
-6737
-7503
-8346
-8896
-7157
-6174
-5944
-4225
-2275
-1079
-1108
-257
1069
953
-203
420
733
516
73
2133
3701
5120
6679
10314
12789
14696
16614
19621
20742
20774
20310
20276
18500
15184
12956
10262
6967
2500
97
-2753
-5586
-8711
-9498
-10865
-12356
-13810
-13963
-14665
-16805
-18754
-20518
-22441
-25467
-27268
-28574
-30242
-32156
-32052
-32455
-31781
-30837
-27847
-24035
-21613
-16842
-12351
-8523
-6028
-2288
1217
3807
4138
7283
9656
10399
10892
12454
14779
14982
14952
17247
19005
18819
19658
21073
22979
21656
21235
22019
21032
17931
16055
13881
10969
6223
3361
1341
-2112
-5091
-6738
-7280
-8464
-9267
-8524
-6802
-7071
-6113
-4522
-2951
-3136
-2477
-1370
-1188
-1859
-2177
-881
-1469
-1133
-245
1967
3174
5076
7578
11123
12699
14762
17186
18594
19287
18670
18981
17797
15036
12730
10711
7239
3569
305
-2034
-5040
-8134
-9639
-11055
-12941
-14218
-15266
-15966
-18010
-19999
-21617
-23706
-26451
-28432
-29333
-30566
-31091
-32385
-31651
-31253
-29216
-26634
-24234
-19779
-15757
-12123
-9140
-4720
-1259
1803
2791
6053
8783
9613
10655
12369
14696
15345
15499
17747
19606
19355
20261
21764
23236
22582
21959
22988
22175
19479
18041
16205
14058
9397
6735
4884
1399
-2288
-3962
-4789
-6563
-8214
-8182
-6803
-7749
-7013
-5750
-3939
-3742
-3507
-1860
-1407
-1793
-1809
-613
-458
-483
102
2319
3204
4380
6572
9550
11516
13133
15650
17848
18371
18794
19527
19124
17283
15097
13506
11080
7688
4495
2394
-591
-3359
-5941
-6940
-9091
-11253
-12670
-13563
-15787
-17832
-19884
-21498
-24283
-27220
-28340
-29893
-30978
-31608
-32363
-31309
-30968
-28477
-25968
-23202
-19008
-15226
-12002
-8671
-4933
-1360
1068
2115
5983
7927
9378
10627
12926
15449
16002
16941
19733
20769
21058
22097
23643
24841
23848
23613
24415
22899
20621
18852
17195
14268
10179
7928
5731
2015
-1417
-2980
-4158
-6068
-7476
-6928
-6304
-7002
-6633
-5308
-4700
-5123
-4721
-3456
-3447
-4111
-3960
-2713
-2961
-2164
-1238
1539
2557
4477
7656
10389
12470
14348
17125
18516
19103
18427
19752
17708
16183
13540
12103
9183
5581
3073
1273
-2229
-4688
-6140
-7641
-9299
-11564
-12270
-13617
-16681
-18556
-20690
-23351
-26025
-28127
-28592
-29996
-31038
-32130
-31322
-31234
-29055
-27628
-24401
-21137
-17565
-14318
-11060
-7494
-4023
-1800
-8
3303
5322
6796
8089
10026
12545
13470
14641
17443
18873
19854
21022
22837
24130
23611
23400
24334
23003
20902
19177
17466
15219
10849
8542
6344
3200
-179
-1887
-3013
-4719
-6323
-6093
-5591
-6441
-6397
-5458
-4208
-5226
-4901
-4146
-3780
-4853
-5019
-3966
-3917
-3784
-2831
-651
655
2064
4888
8129
10333
12200
15102
17135
18056
17797
18835
18163
16504
14326
13006
11021
7456
4892
3067
538
-2310
-4139
-5264
-6990
-9225
-10305
-11301
-13733
-16056
-18088
-20144
-23154
-26452
-28024
-29357
-30473
-32309
-31659
-31493
-29862
-28642
-25799
-22171
-18621
-15804
-12229
-8274
-4930
-2471
-1011
2547
4751
5922
7512
9841
12237
13172
14192
17570
19134
20182
21922
23952
25597
25016
25001
26404
25297
23246
21702
20100
17770
13356
10899
8547
5007
1552
-229
-1570
-3516
-5230
-5039
-4481
-5628
-5388
-4499
-3606
-4462
-4282
-3734
-3672
-4893
-5174
-4456
-4889
-4735
-4183
-2129
-1112
314
3153
6077
8420
10578
13264
15435
16915
16597
18186
17161
16316
14037
12769
10703
7434
4953
3282
605
-1921
-3384
-4702
-5816
-7994
-8748
-9564
-11591
-13541
-15547
-17934
-20407
-24143
-26021
-28428
-29818
-31625
-32510
-32322
-31515
-30015
-28086
-24506
-20693
-17134
-14184
-10032
-6246
-3264
-1797
823
4052
4954
6078
7613
10179
11224
11847
14299
16917
17666
19151
21327
23629
24077
23936
25461
25749
23752
22354
21125
19361
15521
12112
10315
6566
2664
-201
-1428
-3393
-5289
-6131
-5071
-5756
-6102
-5101
-3910
-3989
-4298
-3437
-3117
-3856
-4969
-4304
-4661
-4646
-4845
-3312
-1836
-810
1288
4322
7209
9246
11747
14417
16478
16382
17633
18098
17116
15466
13831
12375
9341
6310
4280
1718
-956
-3310
-4821
-6094
-8144
-9778
-10342
-11651
-13499
-15583
-17536
-19602
-23157
-25501
-27484
-28838
-31297
-32249
-32439
-31648
-30668
-29599
-25966
-22569
-19302
-16707
-12150
-8085
-5359
-3765
-65
2890
3706
4884
7066
9547
10048
10598
13435
15223
15618
17026
19266
21667
21815
22204
24370
24538
23110
22425
21525
20094
16083
13533
11713
8008
4096
1385
-209
-2813
-5180
-6166
-5457
-6433
-6553
-5611
-4271
-4362
-4620
-3185
-2694
-3340
-4068
-2958
-3378
-3441
-3418
-2156
-938
-698
1835
3998
6757
8459
11474
13575
15993
15517
17464
17497
17048
15825
14581
13466
10362
7529
5650
3085
52
-1705
-3732
-4757
-7483
-8555
-9579
-11153
-13225
-14662
-16978
-18431
-22077
-23801
-25666
-27270
-29187
-30430
-30726
-30440
-29408
-28735
-25508
-22991
-19711
-17130
-13530
-9548
-6233
-4446
-1272
2222
3663
5416
6828
9790
11196
11556
13776
15908
16718
17822
19405
21868
22490
22284
24027
24782
23870
22993
22170
21314
18310
15462
13982
11032
7597
4409
3002
668
-1711
-3266
-2968
-3763
-4403
-3822
-2508
-2489
-2829
-1612
-891
-1115
-1982
-1124
-959
-1459
-1461
-581
640
825
2329
4721
6942
8311
10410
12908
14550
14751
15696
16798
15811
14656
13352
12677
9731
7086
5228
3159
132
-2130
-3829
-5305
-7637
-9484
-10150
-11885
-13836
-15428
-16869
-18516
-21603
-23594
-25141
-26842
-28630
-30060
-29928
-30404
-29324
-28577
-25884
-23249
-20207
-17704
-14317
-10677
-7295
-5294
-2920
473
2164
3931
5357
7846
9735
10458
12162
14537
15502
16566
17828
20057
21266
20910
22078
23284
22601
21753
21000
20401
18299
15333
13909
11523
8397
5376
3690
1711
-497
-2442
-2657
-2793
-4039
-3735
-3025
-2432
-3040
-2184
-1425
-1273
-2188
-1693
-1509
-1991
-2235
-2125
-682
-767
458
1982
4519
5738
7656
9183
11936
11673
12718
13517
13359
12541
11060
10406
8484
5640
3879
1930
-905
-2909
-5479
-6281
-8405
-10109
-11186
-12082
-14035
-15261
-17342
-18185
-21077
-23166
-24552
-25555
-27374
-28666
-29017
-28765
-27695
-27586
-24839
-22320
-19596
-17302
-14191
-10690
-7509
-6153
-3315
-102
1573
3264
4702
7243
8804
9231
11195
13083
13639
14875
15898
18274
19091
18891
20358
21231
20838
20310
19651
19405
17470
14801
13943
11375
8832
5804
4238
2367
-53
-1814
-1859
-2540
-3467
-3311
-2454
-1994
-2527
-1636
-811
-807
-1603
-971
-594
-1000
-1130
-481
435
681
1440
3237
5083
6452
8127
10068
11740
12130
12476
13480
12920
11855
10603
9723
7619
4848
2873
840
-1700
-4010
-5674
-6887
-8572
-10319
-11256
-12295
-14044
-15762
-17344
-18634
-21060
-22785
-23901
-24569
-26422
-27466
-27721
-27150
-26608
-25840
-22759
-20245
-17839
-15900
-12444
-9384
-7061
-5845
-2340
176
1710
3297
5419
7663
8551
9295
11606
13002
13398
14640
16036
17845
17808
18372
19876
20228
19663
19394
18858
18406
15838
14165
12939
10416
7636
5195
3873
1822
-167
-1315
-1209
-2147
-2218
-2008
-855
-756
-546
545
1229
1169
818
1475
1563
2014
1034
2281
2597
3504
3833
5619
7483
8886
9674
11960
13342
13444
14036
14308
14590
12581
11661
10496
8323
5321
3542
865
-1015
-4204
-5603
-7144
-9244
-10932
-12340
-13699
-15118
-17356
-18378
-19555
-21971
-22793
-23588
-24679
-26019
-26886
-25537
-25294
-25302
-22870
-20384
-18372
-16634
-13584
-9517
-7566
-6210
-2503
677
2249
3155
5698
8698
9051
9468
12282
13756
13980
14521
16992
18527
17833
18080
19937
20081
19018
18708
19103
18155
15297
14097
13471
10956
7721
5923
4756
2311
-423
-1057
-1308
-2905
-3532
-3070
-2370
-2858
-2600
-1320
-497
-912
-520
672
834
756
1205
2517
2891
3177
4377
6179
6877
8147
9914
11512
12163
12564
13637
13922
13164
12429
11800
10273
7906
5714
4127
1445
-1677
-3852
-5566
-7966
-10606
-12176
-13500
-15586
-17875
-19085
-20745
-22404
-24517
-24714
-25768
-27411
-27967
-28210
-27069
-27613
-26245
-23726
-21523
-20212
-17419
-14045
-10780
-9680
-6855
-2979
-905
1023
2941
6078
8109
8702
10777
13219
13839
14700
15545
17816
18368
17706
18977
19780
19314
18776
18286
18242
16559
14353
13886
12020
9741
7281
5930
4311
1936
-79
-371
-1534
-2908
-3265
-3031
-2895
-3755
-3157
-2285
-2376
-2700
-1595
-791
117
-290
1106
2482
2663
3856
5222
7199
8010
8929
10956
12666
12272
13336
13794
14510
13057
12332
12360
10656
8123
7021
5078
3149
57
-2214
-3420
-6970
-9453
-11523
-13426
-15771
-18322
-20599
-21536
-24577
-25129
-26105
-26909
-27552
-28246
-27081
-26838
-26520
-24185
-22254
-20827
-18455
-15806
-12401
-11033
-8823
-5056
-2612
-758
1105
3905
6310
6881
8769
11573
12375
13022
14146
16591
17037
16745
17908
19337
18866
18350
18358
18556
16945
14886
14645
13113
10911
8322
7406
6114
3819
1737
1336
173
-1603
-2386
-2275
-2582
-3964
-3924
-2948
-3256
-3830
-3100
-1892
-1110
-770
307
2491
2964
4293
5794
7782
9190
9618
11413
12802
12813
13245
13668
13785
13267
11971
12069
10852
8761
7822
5860
4037
1570
-838
-2199
-5237
-7478
-9610
-12153
-14616
-17207
-20125
-21617
-24507
-25237
-26440
-27594
-28101
-28441
-27784
-27501
-26420
-24334
-22673
-21210
-18666
-16064
-13689
-12257
-9929
-6968
-5053
-3206
-885
1992
4053
5269
8060
10295
11751
12877
14652
16750
17120
17161
18327
18672
17949
17654
17373
17074
15218
13843
13391
12080
10232
8471
7872
6541
4903
3659
3087
2064
876
379
257
-481
-1217
-1385
-1434
-1811
-2349
-1757
-1698
-957
-514
809
2099
3133
4595
6373
8053
9418
10816
12106
13458
12920
13660
13204
13059
11796
11036
10077
8732
6594
5897
3805
2177
40
-1653
-2972
-5296
-7430
-9318
-11989
-14705
-17589
-20400
-22659
-25346
-26238
-27942
-28977
-29676
-29176
-28218
-27603
-25764
-23241
-21467
-19538
-17198
-14408
-12511
-11289
-8922
-6396
-5060
-3260
-1363
1696
3285
4594
7501
9927
11245
12444
14366
16756
17052
17327
18708
18971
18205
17304
16981
16401
14024
12568
11786
10317
8265
6759
6318
5222
3741
3023
2978
2121
1263
1047
1013
-14
-814
-1058
-1001
-1910
-2479
-2144
-1754
-1330
-1154
373
1841
3044
4570
6843
8706
10166
11026
13174
13621
13525
13719
13426
12695
11149
10172
9174
7083
5321
4404
2597
1340
-844
-1496
-2942
-5217
-6882
-8457
-10832
-13501
-16563
-18674
-21771
-24386
-25248
-27181
-28002
-28845
-27907
-27215
-26496
-24269
-21735
-19981
-17717
-14698
-11897
-10213
-9096
-6013
-4196
-2847
-1494
942
3328
3931
5634
8930
10561
11718
13429
15987
17891
17504
18979
20067
19504
18339
17726
17181
15398
12530
11894
10609
8374
6196
5311
4947
3348
2521
2904
3141
1996
2022
2582
2680
1634
1300
1424
902
-661
-818
-747
-723
-991
-48
1520
2729
3731
6034
8391
10142
11461
13117
15233
15065
15564
15487
15505
13507
12250
10919
9391
6651
5285
3648
1939
-17
-1706
-2194
-4290
-5922
-7561
-9217
-11419
-14283
-17026
-19543
-22878
-24980
-26737
-28839
-29899
-31100
-29714
-29479
-28619
-25845
-23450
-21109
-18477
-15352
-11936
-10417
-8972
-5648
-4156
-2717
-1693
410
2489
2850
4339
7204
8502
10180
11498
14080
15752
15841
17040
18429
18145
17464
16736
15950
14408
11505
10298
8459
6406
4070
2873
2199
1106
126
563
1027
548
969
1523
2177
1557
1722
1873
1689
428
310
-89
460
-35
292
1909
2831
4115
5611
8119
10232
11583
13326
15809
15805
16607
16054
16456
14797
13034
11683
9978
7049
5379
3017
1249
-857
-3068
-3696
-5843
-7494
-8896
-10570
-12443
-15002
-17603
-19291
-22639
-24834
-26412
-28766
-29660
-31342
-30376
-29977
-29312
-26770
-23997
-21384
-18696
-15253
-11870
-9345
-8002
-4494
-2766
-1344
-412
1541
3493
4150
4790
7683
9017
10022
11472
14060
15897
15866
16834
18281
18123
16846
16455
15779
14417
11380
10018
8469
5819
3122
2127
1477
339
-849
-237
869
143
896
1851
2815
2353
2465
3257
3028
1838
1848
2133
2511
1780
2519
4178
5196
5899
7832
10422
12059
12829
14929
17041
16884
17352
17346
17590
15467
13780
12474
10618
7205
5317
3121
1246
-1673
-3506
-4454
-6627
-8891
-10241
-11675
-13675
-16345
-18219
-20124
-23345
-25922
-26833
-28828
-30718
-31589
-31335
-29381
-29842
-27353
-23961
-21009
-18723
-15269
-11293
-7662
-6742
-4179
-385
644
1543
2511
5031
6439
5975
8016
10602
10989
12070
13823
16103
17223
16622
18358
19472
18100
17145
16205
15531
13010
9659
8865
6831
4073
1939
1370
657
-562
-1323
122
423
-139
846
1996
2609
2039
2699
3434
3235
2290
2584
3881
3667
3590
5074
7077
8108
9065
11562
14219
15450
16481
19250
19564
19867
18598
19244
17631
15418
13464
12117
9265
6516
4104
2017
0
-3231
-4303
-6081
-8031
-10417
-11512
-13476
-15556
-18463
-19948
-22109
-25187
-27566
-28878
-29781
-31977
-32193
-31801
-29484
-29333
-26820
-22653
-19227
-16922
-13941
-9357
-6015
-4721
-3218
1037
1940
2695
3291
6006
7244
7057
8211
11394
11985
13020
14474
16907
18190
17190
18262
19296
18053
16067
15139
13580
11273
7140
6083
4076
1282
-1044
-1549
-1839
-2898
-3357
-2236
-1195
-1560
-570
684
1828
1319
1770
2347
2490
1292
1633
2889
3077
2843
4275
6105
7731
8461
11072
13811
14822
15984
17939
18845
18598
17463
17439
16434
13398
11361
9576
7179
3986
1588
-361
-2209
-5592
-6738
-8264
-10057
-12422
-14204
-15506
-17717
-20858
-22558
-24355
-27369
-29498
-30310
-29883
-31617
-32250
-31144
-29144
-27600
-26282
-22049
-18466
-15600
-13512
-9077
-5727
-3603
-2868
320
2558
2928
3706
5059
7080
7357
7680
9980
11739
12195
13485
14902
16807
16591
16471
17392
17005
15173
13752
12082
10575
7225
4866
3668
1280
-848
-2060
-2150
-2891
-3158
-2914
-1394
-1199
-907
270
1299
1386
1328
1832
2411
1800
1649
3190
3385
3781
4702
6702
8505
9289
11230
14123
15135
16256
17641
18746
18705
17337
17173
16248
13641
11368
9486
7387
4737
1883
594
-1398
-4189
-5974
-7357
-8916
-11290
-13100
-14249
-16144
-19088
-20680
-22507
-24638
-27210
-28952
-29411
-29979
-31241
-29942
-28845
-26704
-24922
-22480
-18180
-15092
-12772
-9446
-6075
-3563
-1453
-428
2903
3902
4674
5917
7275
8635
9288
9943
12376
13363
13896
15162
16099
17408
16861
16618
16916
15706
13952
12518
10547
8791
5747
3949
2237
422
-1274
-2152
-2229
-2567
-2739
-2315
-986
-745
189
881
1906
2035
2527
2953
3346
3192
3928
4534
5360
6198
7586
9263
10593
12195
14152
15583
16856
18008
18572
19220
18055
17734
16461
14947
12690
10699
8438
6616
3295
1540
-696
-2924
-5047
-7216
-8716
-10785
-13140
-14691
-16482
-18857
-20609
-22796
-24074
-26308
-28087
-28740
-28888
-29017
-28952
-27517
-26389
-23906
-22423
-19123
-15820
-12962
-10417
-7291
-4257
-1584
-14
1549
4364
5010
6398
7260
8771
10225
10506
11590
13995
13986
14898
15596
16769
17259
16162
16176
16362
14342
12623
11212
9729
7647
4592
3694
2022
-44
-1855
-2072
-2632
-3126
-3533
-2585
-1857
-2074
-1376
-323
252
155
1053
1691
2542
2975
4036
5450
5840
7244
8847
10313
11558
13111
14666
15897
16536
17254
18106
17330
16868
15732
14844
12892
10819
8684
6873
4176
1785
-226
-2753
-5145
-7617
-9330
-11364
-13797
-15563
-17231
-19596
-21730
-23386
-25066
-26348
-28193
-28656
-29072
-28782
-28739
-27644
-26265
-24347
-22101
-20128
-16734
-14271
-11279
-9102
-6170
-3910
-1240
-202
2504
4124
5589
6815
8101
9832
10858
11138
12797
13833
13929
14985
15165
16110
15513
14803
14864
14190
12298
11103
9362
8052
5789
3615
2669
908
-798
-1774
-2278
-3089
-3586
-4009
-3214
-3538
-3364
-2961
-2141
-1905
-1432
-418
329
1307
1768
3208
3875
5222
6366
8135
9367
10854
11983
13667
14495
15179
16018
16174
15859
15282
14508
13326
11759
9727
7876
5776
3461
1089
-1213
-3702
-5884
-8228
-10209
-12543
-14958
-16995
-18809
-20705
-22235
-23771
-24968
-26140
-27256
-27511
-27628
-27040
-26829
-25329
-24168
-22068
-20274
-18094
-15493
-12824
-10466
-7933
-5187
-2828
-455
982
3651
5242
6640
8076
9509
10815
12042
12174
13864
14451
14881
15535
15874
16361
15771
14999
15168
14301
12727
11686
10070
9009
6980
5254
4189
2560
1041
-36
-1126
-1860
-2813
-3309
-2867
-2920
-2764
-2253
-1403
-812
-177
692
1740
2745
3334
4875
5744
7029
8189
9609
11038
12490
13273
14492
15371
15714
16017
15757
15700
14828
13995
12912
11548
9479
8099
5970
4047
1564
-561
-2738
-5125
-7445
-9753
-12260
-14452
-16633
-18508
-20267
-21860
-23237
-24416
-25364
-26328
-26658
-26699
-25587
-25383
-24179
-22603
-20913
-18813
-17187
-14525
-11786
-9478
-7285
-4325
-2024
416
1608
4182
6191
7292
8759
10617
11949
13251
13487
14873
15807
15758
16382
16688
17032
16587
15807
15604
14850
12952
12219
10902
9814
7805
6270
5346
3720
2050
923
53
-1028
-1914
-2237
-2021
-2521
-2490
-1908
-1097
-797
-170
814
1845
2386
3295
4690
5863
6459
7793
9115
10328
10934
12045
13352
14011
14214
14722
14916
14425
13866
13263
12652
10653
9108
7117
5404
2843
367
-1638
-4033
-6889
-9356
-11653
-14060
-16196
-18071
-19266
-20950
-22458
-23280
-24499
-24983
-25934
-25913
-25689
-24984
-24210
-23321
-21869
-20798
-18657
-17124
-14590
-12477
-9633
-7554
-4834
-2746
-246
1468
3195
5508
7058
8262
9862
11089
12456
13037
13755
14904
15017
15335
15467
15621
15649
15222
14598
14492
13103
12247
10828
9640
8414
6510
5263
3576
2100
553
-174
-1360
-2121
-2702
-2680
-2859
-2869
-2646
-1951
-1248
-561
519
1288
2529
3219
4459
5591
6522
7516
8774
9397
10382
10822
11804
12302
12377
12926
12737
12554
12033
11497
10671
9296
7466
6121
3747
1705
-1070
-3384
-5877
-8450
-10726
-12637
-14766
-16721
-18502
-19598
-20856
-22258
-22625
-23164
-23458
-24024
-23878
-23535
-23610
-22933
-22463
-21274
-20354
-18686
-16629
-14851
-12976
-10481
-8200
-5974
-3705
-1317
1442
2684
4925
6810
8384
9246
10280
11370
12398
12271
13289
13913
14083
14090
14211
14701
14361
13579
13562
12966
12030
10882
9658
8974
7140
5526
4284
2913
1121
-375
-1374
-2328
-3417
-3823
-3697
-3599
-3482
-2735
-1195
-402
706
2039
3397
4479
5300
6509
7774
8270
8989
9748
10648
10950
11450
12082
12878
12562
12737
12802
12307
11499
10895
9775
8426
6405
4263
2239
-541
-3363
-5769
-8284
-10605
-13047
-14999
-16377
-18309
-19483
-20362
-20837
-21457
-21824
-21596
-21472
-21830
-21516
-21308
-20612
-20199
-19261
-18157
-16745
-15129
-13760
-11602
-9569
-7462
-5401
-2792
-521
2043
3562
6103
7884
9059
10370
11427
12310
13214
13246
13867
14279
14083
14339
14001
14423
14039
13631
13687
13098
12090
11496
10286
9178
7559
6105
4709
2984
1415
-129
-1187
-2165
-2965
-3306
-3092
-2884
-2405
-1947
-592
421
1615
2923
4241
5176
6080
6956
7944
8353
8887
9604
10101
10261
10590
10814
11236
11209
11268
11261
10871
10251
9250
8267
6731
4763
2684
629
-2045
-4436
-7015
-9456
-11679
-13756
-15659
-17124
-18420
-19335
-20041
-20505
-20728
-20830
-20862
-20661
-20768
-20534
-20252
-19670
-19352
-18255
-17524
-15590
-14445
-12401
-10459
-8378
-6062
-4293
-1491
760
2923
4280
6362
7914
9166
9745
11116
11712
12026
12050
12579
12762
12569
12254
12560
12390
11778
11510
11193
10915
9648
8938
7941
6835
5202
4135
2658
1613
-84
-1019
-1702
-2620
-2926
-3113
-2691
-2584
-1972
-1140
226
1147
2491
3799
5154
6062
6950
8128
8547
9112
9081
9712
9708
9647
9769
10102
10023
10047
9863
9638
9202
8077
7349
6260
4488
2569
591
-1423
-3949
-6581
-8968
-11095
-13497
-15158
-16446
-17822
-18806
-19752
-20012
-20431
-20661
-20659
-20520
-20185
-20044
-19663
-19016
-18617
-17896
-17264
-15773
-14533
-12820
-11124
-8925
-6790
-4583
-2274
149
2481
4187
6474
8092
9488
10389
11386
12203
12845
12783
13138
13231
13185
12930
12667
12674
12342
11739
11541
11064
10497
9848
8785
8063
6602
5175
3932
2853
1235
31
-1072
-1839
-2586
-2985
-2639
-2388
-1851
-1129
277
1331
2507
3871
5159
6251
7117
7966
8679
9038
9348
10037
10023
10000
9894
9917
9732
9593
9296
9049
8546
7715
7050
5713
4322
2370
480
-1581
-4017
-6460
-8651
-10884
-13089
-14856
-16309
-17606
-18638
-19294
-19595
-19873
-20106
-19961
-19519
-19397
-18783
-18396
-17734
-17166
-16252
-14990
-13765
-12318
-10786
-8836
-7107
-4831
-3041
-730
1237
3269
5241
7053
8551
9992
11119
12124
12635
13160
13378
13586
13515
13339
13047
12622
12112
11549
11111
10304
9849
8976
8285
7126
6074
4933
3762
2663
1578
625
-295
-1033
-1610
-1971
-2321
-1877
-1837
-1112
-450
570
1994
3125
4343
5583
6709
7787
8472
9198
9770
9893
10007
10201
10181
10013
9657
9291
9137
8329
7580
6705
5611
4305
2682
955
-846
-2901
-4953
-7060
-9209
-11063
-13000
-14522
-16058
-17124
-18145
-19048
-19812
-20364
-20684
-20585
-20427
-19778
-19402
-18735
-17837
-16839
-15599
-14411
-12876
-11485
-9825
-8332
-6372
-4786
-2660
-1213
1005
2873
4479
6068
7824
9258
10518
11518
12385
13018
13339
13586
13444
13168
12779
12292
11567
10857
9840
9007
7959
6899
5714
4779
3780
2807
1887
1146
328
-403
-643
-1053
-1244
-1660
-1592
-1416
-1191
-865
-15
860
1573
2703
3744
4926
5909
6875
7711
8466
8884
9367
9702
9831
9652
9494
9080
8227
7328
6326
5328
3961
2515
1003
-523
-2243
-4152
-5939
-7677
-9446
-11118
-12693
-14121
-15647
-16795
-17689
-18577
-19331
-19985
-20296
-20612
-20360
-20376
-19847
-19079
-18196
-16843
-15567
-13807
-12138
-10271
-8539
-6289
-4656
-2659
-1188
617
2233
3593
5141
6660
7851
9110
10150
11195
12131
12769
13254
13498
13394
13138
12849
12218
11422
10444
9590
8321
7034
5815
4791
3508
2418
1596
1145
369
86
8
-36
57
-40
500
782
1277
1584
2398
2997
3684
4318
5320
5956
6605
7519
8463
9198
9821
10625
11378
11767
11873
11932
11637
11194
10334
9360
8021
6366
4600
3082
1161
-997
-3040
-4707
-6560
-8261
-9907
-11210
-12705
-14018
-15232
-16170
-17184
-18177
-18659
-19099
-19195
-19444
-18800
-18530
-17604
-16658
-15508
-14000
-12307
-10596
-8644
-6817
-5118
-3135
-1640
180
1772
3230
4718
6131
7515
8665
9502
10554
11121
11611
12129
12510
12705
12666
12355
11987
11321
10213
9240
8126
6997
5694
4344
3144
1927
815
239
-323
-577
-1153
-1116
-923
-655
-298
24
938
1438
2145
3017
3689
4395
5164
5866
6543
7268
8059
8993
9613
10367
11196
11854
12172
12328
12319
11863
11178
10343
9356
7955
6393
4823
2931
1069
-1014
-2877
-5010
-7076
-8812
-10632
-11976
-13574
-14713
-16014
-17151
-18182
-18864
-19069
-19581
-19611
-19420
-18881
-18296
-17490
-16264
-14705
-13410
-11779
-9912
-8245
-6312
-4913
-2870
-923
643
2107
3656
4923
6189
7064
8315
9106
9540
9983
10165
10150
9775
9485
9171
8350
7468
6627
5666
4717
3369
2168
1146
274
-566
-1511
-1966
-2507
-2897
-3143
-3107
-2916
-2474
-2084
-1422
-785
-209
730
1443
2749
3577
4699
5692
6604
7610
8484
9182
9860
10471
11067
11317
11433
11546
11174
10609
9986
9063
7983
6588
5266
3776
2194
620
-1005
-2708
-4462
-6331
-8021
-9871
-11819
-13545
-15129
-16524
-17547
-18906
-19379
-19840
-19947
-19772
-19424
-18525
-17408
-16281
-14965
-13436
-12042
-10349
-9124
-7293
-5793
-4304
-2937
-1360
188
1777
2861
4518
5818
6827
7942
8792
9443
9609
9980
9781
9521
8832
7905
7162
6185
5048
3930
2837
1772
1008
135
-292
-857
-1368
-1457
-1549
-1666
-1704
-1667
-1362
-1288
-1143
-769
-453
99
556
1357
2328
3229
4216
5472
6558
7651
8548
9449
10192
10541
11088
11347
11349
11001
10256
9679
8528
7510
6567
5405
4287
3036
1802
640
-643
-1863
-3088
-4508
-5756
-7132
-8245
-9604
-10526
-11778
-12377
-13005
-13614
-13726
-13373
-13207
-12599
-11739
-10836
-9683
-9057
-7610
-6228
-4937
-3816
-2459
-1130
28
951
2156
3099
4011
4910
5740
6510
6926
7317
7609
7785
7735
7590
7390
6936
6166
5384
4742
3768
2845
2006
1557
733
291
246
-31
-219
-132
-156
164
50
274
734
946
1302
1498
1979
2348
2806
3329
3854
4423
5097
5793
6452
7048
7478
7818
8090
8298
8292
8123
7933
7483
7092
6637
6066
5416
4823
4093
3104
2082
1149
66
-883
-1981
-2666
-3567
-4154
-4921
-5368
-5840
-6345
-6665
-6783
-6847
-7106
-6893
-6866
-6420
-6503
-6206
-5844
-5485
-5170
-4750
-4051
-3477
-2808
-1977
-1176
-507
153
868
1512
1927
2352
2642
2706
2718
2751
2711
2436
2120
1805
1547
1160
761
468
70
20
-260
-191
-117
-26
-18
189
189
365
321
248
372
408
489
707
966
1140
1436
1972
2207
2606
2778
3204
3481
3592
3614
3506
3301
3041
2864
2436
2244
1836
1612
1202
951
641
331
31
-285
-520
-937
-1126
-1652
-1882
-2251
-2598
-2764
-3169
-3105
-3293
-3391
-3151
-2973
-3102
-3030
-2970
-2622
-2590
-2445
-2058
-1723
-1556
-1431
-1125
-1083
-1173
-1187
-1134
-1131
-1245
-1525
-1622
-1904
-2078
-2350
-2286
-2407
-2514
-2604
-2675
-2815
-3002
-3246
-3318
-3436
-3465
-3473
-3309
-3153
-3061
-2988
-2704
-2514
-2251
-1890
-1270
-810
-242
360
1009
1373
1799
2138
2461
2691
2797
2935
2883
2960
2982
3109
3185
3118
3015
2895
2727
2451
2068
1648
1265
771
263
-277
-718
-1201
-1689
-1921
-2340
-2615
-2804
-3009
-3094
-2878
-2729
-2521
-2367
-1746
-1416
-847
-358
328
894
1315
1826
2239
2471
2607
2866
2960
3254
3359
3416
3732
3932
3970
3873
3851
3649
3361
3123
2620
2074
1253
628
-149
-1041
-1816
-2618
-3430
-4189
-4698
-4992
-5187
-5368
-5334
-5396
-5125
-4855
-4590
-4247
-3980
-3451
-3074
-2560
-2202
-1793
-1279
-784
-349
450
1029
1678
2249
2851
3360
3834
4180
4471
4635
4623
4574
4217
3917
3470
2915
2497
1790
1263
725
148
-328
-909
-1289
-1762
-2127
-2515
-2815
-3016
-3262
-3455
-3464
-3469
-3408
-3223
-2848
-2323
-2016
-1399
-963
-252
393
1023
1825
2429
3146
3727
4451
4904
5379
5845
6299
6387
6604
6623
6547
6431
6194
5900
5569
5112
4554
4186
3603
2888
2226
1514
666
-182
-955
-1612
-2421
-3009
-3555
-4009
-4624
-4751
-5025
-5200
-5325
-5157
-4948
-4730
-4458
-4041
-3461
-3068
-2642
-2213
-1700
-1243
-912
-383
-28
164
335
702
970
1164
1351
1577
1660
1635
1504
1368
1167
882
782
376
-134
-595
-945
-1428
-2015
-2457
-2865
-3246
-3531
-3510
-3420
-3340
-3205
-2786
-2315
-1923
-1457
-1104
-657
-353
70
406
683
783
997
1511
1745
2109
2610
3099
3637
4094
4421
4932
5354
5654
5859
6015
6097
5766
5404
5091
4696
4093
3508
2993
2458
1912
1294
968
609
8
-284
-593
-1053
-1531
-1921
-2293
-2608
-3249
-3495
-3794
-4095
-4299
-4535
-4569
-4718
-4656
-4549
-4324
-4010
-3898
-3696
-3605
-3327
-3144
-3126
-2944
-2876
-2997
-2878
-2934
-2909
-2959
-3073
-3188
-3310
-3187
-3207
-3313
-3275
-3212
-2949
-3025
-2922
-2815
-2806
-2642
-2529
-2057
-2061
-1578
-1215
-783
-382
12
443
807
995
1203
1572
1676
1841
2138
2553
2648
2858
2956
3238
3173
3125
3298
3272
3344
3152
3365
3348
3270
3181
2949
3185
2777
2769
2674
2565
2322
2123
2111
1800
1719
1588
1319
1318
1004
909
918
449
333
324
186
6
-80
-139
-254
-500
-638
-971
-1318
-1580
-2033
-2434
-2975
-3369
-3534
-3952
-4430
-4632
-4869
-5021
-5117
-5145
-4912
-4926
-4885
-4848
-4583
-4562
-4437
-4370
-4345
-4242
-4015
-3820
-3338
-2741
-2327
-1595
-772
-70
658
1512
2267
2849
3371
3830
4105
4204
4345
4438
4402
4401
4340
4500
4573
4488
4548
4604
4615
4699
4722
4682
4449
4088
3734
3458
3151
2880
2464
2077
1577
1236
971
736
678
634
574
596
800
873
1085
1343
1528
1691
1807
1934
2030
2061
2247
2176
2135
2054
1893
1805
1374
997
406
-203
-704
-1227
-1682
-2196
-2705
-3277
-3726
-4097
-4615
-5149
-5452
-5840
-6300
-6667
-6938
-7111
-7298
-7283
-7229
-7340
-7362
-7098
-6782
-6372
-5735
-5212
-4484
-3861
-3168
-2450
-1701
-1034
-258
569
1138
1892
2430
3110
3391
3777
4126
4511
4692
4849
5093
5242
5283
5425
5431
5191
5097
4812
4276
3763
3470
2988
2542
2144
1928
1535
1315
1062
675
541
352
176
-41
-47
-311
-442
-421
-333
-256
-187
110
333
525
851
1125
1471
1504
1506
1834
2026
2056
1933
1696
1478
959
454
194
-263
-590
-639
-851
-1323
-1490
-1629
-2008
-2335
-2932
-3305
-3817
-4263
-4542
-4927
-5262
-5632
-5864
-5930
-5935
-5820
-5744
-5499
-5064
-4851
-4393
-3964
-3505
-3097
-2573
-2221
-1660
-1036
-753
-102
303
844
1103
1664
2185
2660
2999
3351
3504
3801
3975
3987
4004
3925
3786
4005
3760
3899
3851
3825
3883
3506
3492
3015
3022
2740
2477
1904
1716
1202
951
557
204
-112
-374
-521
-733
-705
-633
-484
-438
-342
-178
57
106
86
281
352
638
610
795
1000
1072
1225
1302
1568
1656
1867
1993
2080
2164
2116
1857
1431
1243
845
505
214
-282
-581
-1081
-1313
-1779
-1956
-2276
-2515
-2737
-3015
-3107
-3241
-3555
-3775
-4061
-4213
-4183
-4239
-4129
-4073
-3725
-3403
-3086
-2594
-2175
-1733
-1086
-536
-46
379
869
1399
1796
2279
2678
3012
3637
4236
4890
5386
5573
5805
5924
6084
6073
6085
5936
5564
5335
4888
4581
4114
3486
2941
2382
1907
1546
963
489
171
-264
-578
-870
-1077
-1290
-1481
-1899
-2170
-2305
-2307
-2174
-1963
-1488
-1147
-769
-463
137
688
1149
1399
1564
1944
1952
2296
2335
2382
2422
2432
2332
2377
2320
2117
2229
1920
1700
1298
726
118
-511
-1153
-1904
-2664
-3372
-3931
-4337
-4817
-5227
-5548
-5891
-6173
-6323
-6252
-6301
-6274
-6089
-5726
-5519
-5253
-4796
-4416
-4013
-3454
-2866
-2092
-1395
-588
292
1147
1961
2641
3478
4071
4603
4989
5258
5306
5101
5081
4776
4633
4425
4078
3892
3510
3199
2420
2034
1328
438
66
-654
-1258
-1840
-2243
-2700
-3106
-3419
-3589
-3913
-3891
-3847
-3738
-3476
-3212
-2763
-2408
-2124
-1527
-1029
-377
186
452
783
1156
1501
1634
2038
2239
2482
2773
2944
2913
2802
2652
2151
1745
1353
759
127
-473
-981
-1732
-2443
-2914
-3528
-3940
-4565
-5240
-5628
-6319
-6695
-7200
-7347
-7508
-7634
-7625
-7517
-7249
-6933
-6341
-5842
-5367
-4776
-4313
-3632
-2869
-2347
-1546
-878
-399
229
754
1405
2105
2838
3324
3811
4214
4680
5078
5303
5424
5413
5473
5183
4858
4611
4223
3732
3451
2992
2518
1915
1488
1041
777
491
421
254
83
75
-63
-236
-361
-354
-354
-160
-3
137
468
859
1248
1629
1972
2289
2782
3214
3563
4018
4278
4685
4973
5118
5176
5120
4967
4735
4481
4055
3784
3461
3207
2855
2364
1677
1058
271
-498
-1049
-1723
-2372
-3068
-3510
-4110
-4512
-4887
-5249
-5481
-5578
-5688
-5756
-5652
-5427
-5186
-4988
-4516
-4329
-3969
-3512
-3056
-2496
-2005
-1594
-897
-277
486
920
1393
2032
2367
2893
3212
3505
3681
3680
3777
3861
4048
3972
3799
3716
3705
3551
3453
3240
3156
3041
2788
2710
2435
2237
1904
1781
1641
1565
1551
1519
1383
1525
1686
1716
1854
1878
2104
2325
2445
2712
2860
2878
2927
3105
3415
3647
3770
3919
3748
3629
3528
3400
3279
2983
2804
2674
2404
2113
1734
1252
988
669
174
-174
-508
-1138
-1656
-2048
-2612
-3199
-3650
-4110
-4516
-4886
-5060
-5264
-5497
-5722
-5704
-5599
-5792
-5595
-5409
-5327
-5083
-4766
-4404
-4041
-3698
-3263
-2936
-2646
-2499
-2054
-1729
-1302
-926
-710
-279
-124
-62
257
445
598
767
1131
1226
1345
1605
1641
1846
1810
2118
2142
2176
2368
2425
2465
2489
2539
2571
2598
2501
2413
2540
2557
2470
2296
2054
1788
1507
1443
1239
963
744
532
365
280
122
145
101
-10
-62
-223
-341
-398
-630
-829
-996
-1251
-1384
-1522
-1576
-1753
-1809
-1859
-1954
-2113
-2160
-2216
-2371
-2587
-3081
-3435
-3616
-3678
-3879
-4161
-4478
-4652
-4825
-5043
-5309
-5303
-5332
-5419
-5386
-5395
-5305
-5351
-5088
-4891
-4679
-4392
-4307
-4035
-3835
-3564
-3282
-2905
-2558
-2183
-1738
-1378
-890
-440
61
626
1191
1549
1959
2644
3092
3683
4155
4406
4711
4861
4930
4704
4752
4730
4692
4703
4734
4425
4175
4000
3561
3415
2990
2847
2549
2370
2200
1896
1710
1300
877
335
91
-331
-317
-438
-578
-652
-759
-710
-749
-708
-566
-414
-483
-269
15
181
402
491
518
792
631
732
763
464
342
48
-228
-373
-462
-600
-712
-1005
-1099
-1179
-1397
-1582
-1864
-2261
-2528
-2879
-2959
-3028
-3206
-3301
-3430
-3344
-3291
-3130
-2990
-2537
-2279
-2274
-1981
-1746
-1411
-1092
-712
-203
236
812
1557
2113
2795
3183
3684
4293
4671
5232
5699
6122
6309
6322
6616
6673
6638
6517
6369
6248
6037
5812
5417
5010
4651
4023
3496
3272
2673
2253
1929
1502
894
472
147
-144
-351
-633
-792
-846
-907
-873
-831
-1048
-965
-1008
-919
-610
-318
246
314
558
612
649
794
818
884
854
720
836
866
744
628
462
213
-14
-312
-768
-981
-1285
-1530
-1878
-2409
-2741
-3061
-3355
-3473
-3496
-3656
-3690
-3748
-3878
-3905
-3808
-3484
-3509
-3438
-3147
-2970
-2757
-2355
-2080
-1739
-1297
-907
-370
-168
316
1061
1482
1890
2361
2687
3099
3430
3739
4065
4117
4080
3913
3654
3599
3452
3152
2879
2555
2277
1965
1782
1414
1129
863
491
110
-136
-306
-624
-905
-1146
-1213
-1359
-1512
-1574
-1696
-1846
-1962
-2147
-2222
-2225
-1978
-1917
-1871
-1833
-1761
-1663
-1662
-1549
-1364
-1308
-1156
-1178
-1095
-1001
-1169
-943
-1036
-894
-816
-675
-721
-912
-1180
-1441
-1803
-2033
-2255
-2435
-2523
-2815
-2976
-3053
-3081
-3046
-3052
-3013
-2883
-2799
-2869
-2900
-2642
-2675
-2648
-2409
-2177
-1948
-1703
-1102
-671
-344
-254
21
269
436
693
862
1228
1606
1889
2307
2429
2684
3062
3115
3072
3225
3229
3061
2733
2458
2612
2467
2387
2168
2112
1928
1478
1312
1100
1075
1025
978
855
638
439
229
83
36
-119
-272
-276
-436
-579
-516
-497
-554
-414
-225
-164
-75
101
103
195
201
175
166
5
-107
-258
-314
-476
-510
-394
-322
-244
-53
148
-37
-142
-180
-406
-516
-808
-1080
-1124
-1207
-1196
-1090
-882
-694
-855
-811
-796
-711
-751
-618
-30
145
355
540
793
823
807
950
1053
1354
1381
1454
1502
1565
1725
1585
1919
2117
2204
2295
2362
2478
2529
2478
2506
2512
2545
2560
2526
2539
2400
2398
2019
1853
1703
1338
1279
1142
1108
1104
1130
1157
1166
983
936
865
790
989
904
742
560
367
433
64
87
-112
-292
-344
-283
-351
-323
-359
-335
-131
-210
-230
-266
-182
-233
-159
-46
-132
-207
-30
-208
-236
-352
-524
-676
-783
-583
-623
-650
-415
-438
-440
-574
-587
-703
-783
-1023
-1167
-1004
-900
-754
-607
-434
-387
-371
-183
91
126
465
580
752
805
919
1088
1113
1138
1009
781
777
827
858
938
940
900
1135
1211
1097
1096
1324
1353
1715
1783
1590
1637
1465
1176
869
744
734
520
340
274
-12
-134
-358
-305
-378
-393
-373
-466
-697
-844
-993
-1206
-1386
-1562
-1600
-1964
-2084
-2371
-2461
-2280
-2250
-2111
-2116
-2043
-2052
-2007
-1908
-1888
-1888
-1901
-1845
-1850
-1719
-1633
-1637
-1505
-1481
-1196
-984
-919
-657
-652
-727
-768
-815
-887
-950
-1018
-1159
-1264
-1301
-1413
-1536
-1747
-1777
-1847
-2063
-2160
-2165
-2145
-2320
-2549
-2572
-2512
-2491
-2516
-2382
-2452
-2134
-2036
-1902
-1750
-1674
-1529
-1390
-1235
-1083
-995
-928
-654
-482
-396
-284
-7
-17
49
348
603
697
754
824
945
771
652
566
539
555
408
275
257
138
340
243
230
199
91
397
85
112
-174
-215
-361
-531
-708
-810
-659
-684
-577
-486
-377
-132
-3
210
346
390
524
671
1030
1261
1469
1348
1309
1489
1514
1741
1756
1594
1653
1449
1262
1193
880
748
386
435
431
407
447
194
410
328
253
20
-106
-37
65
92
250
286
379
530
343
560
599
604
513
790
890
889
1212
1397
1467
1367
1417
1647
1792
1933
1974
1684
1716
1782
1722
1696
1680
1420
1299
1179
1148
988
659
362
218
149
-24
-97
-141
-14
-171
-218
-108
-169
-266
-197
-191
-97
105
460
653
804
896
784
671
658
652
871
923
973
1287
1513
1485
1374
1455
1416
1394
1152
1117
1022
936
695
393
254
129
-84
-36
238
378
575
790
659
389
466
420
168
37
-228
-524
-997
-1431
-1466
-1526
-1563
-1513
-1394
-1397
-1411
-1426
-1505
-1275
-1326
-1428
-1615
-1658
-1452
-1424
-1592
-1594
-1726
-1885
-1734
-1818
-1903
-2237
-2189
-2412
-2615
-2672
-2739
-2525
-2301
-2132
-2090
-1823
-1665
-1730
-1746
-1989
-1911
-1954
-1952
-1914
-1777
-1626
-1770
-1496
-1132
-726
-465
-91
-6
108
333
400
568
361
37
32
-6
-170
-287
-266
-346
-524
-522
-481
-411
-495
-613
-892
-806
-739
-1028
-1212
-1210
-1362
-1534
-1450
-1473
-1509
-1772
-1767
-2085
-2241
-2396
-2665
-2747
-2803
-2679
-2631
-2449
-2334
-1999
-1968
-1924
-1821
-1696
-1649
-1518
-1457
-1665
-1867
-1820
-1735
-1752
-1764
-1696
-1458
-1400
-1393
-1449
-1580
-1556
-1749
-1950
-2029
-2054
-1950
-1956
-1817
-1800
-2057
-1874
-1875
-1826
-1728
-1602
-1505
-1259
-742
-688
-457
-240
195
467
500
386
525
554
537
780
932
836
967
1250
1312
1483
1522
1581
1664
1589
1403
1542
1558
1363
1374
1238
1103
976
979
868
811
755
555
435
170
-101
-97
-174
-144
-30
-142
81
313
555
546
598
954
786
913
880
770
697
631
429
553
479
389
390
465
532
559
865
924
800
816
755
649
700
465
152
160
-102
-269
-323
-237
-358
-392
-478
-474
-403
-423
-353
-41
70
189
461
509
837
1206
1628
1663
1925
2019
2395
2704
2920
3215
3548
3788
4154
4539
4663
4820
4891
5205
5395
5568
5660
5722
5702
5507
5118
4968
4661
4283
3983
3624
3442
3338
3210
3030
2667
2553
2521
2336
2066
1918
1670
1336
1154
1021
886
755
874
799
819
922
1192
1563
1769
1965
2125
2092
2055
1756
1513
1262
988
835
673
527
308
-92
-101
-195
-373
-292
-570
-696
-767
-779
-836
-932
-1388
-1477
-1454
-1518
-1514
-1407
-1366
-1574
-1569
-1731
-1834
-1873
-1847
-1636
-1578
-1572
-1457
-1149
-795
-585
-248
-140
14
-12
150
-52
-21
66
-81
90
362
817
1010
1176
1184
1015
925
605
430
-88
-394
-728
-1058
-1188
-1491
-1800
-1973
-1825
-2061
-2107
-2034
-2063
-1977
-1940
-1633
-1513
-1505
-1581
-1615
-1384
-1747
-1902
-1925
-1815
-1631
-1716
-1552
-1445
-1503
-1613
-1276
-1162
-1062
-1179
-1269
-1255
-1325
-1140
-1074
-1102
-984
-1001
-963
-1066
-1233
-1276
-1466
-1702
-1992
-2063
-2268
-2449
-2644
-2940
-2959
-2833
-2821
-2878
-2677
-2568
-2277
-2083
-2205
-2083
-2062
-1934
-1805
-1846
-1752
-1572
-1399
-1114
-894
-660
-563
-277
-50
-148
-234
-319
-172
-86
-55
-176
-335
-524
-631
-773
-959
-966
-888
-926
-858
-720
-753
-599
-671
-647
-365
-234
-234
-255
-30
-103
-54
-12
-87
-133
-57
-65
-89
11
-160
-113
-5
95
273
536
910
858
904
1000
1112
1276
1458
1578
1457
1321
1287
1437
1652
1734
1630
1651
1548
1278
1106
1082
951
695
723
562
327
340
285
298
307
516
662
780
987
1310
1613
1700
1848
2045
2065
2238
2174
2155
2288
2234
2483
2451
2330
2223
2110
1966
1970
1982
1947
2064
2046
2144
2226
2139
1974
1679
1410
1191
1125
1213
956
857
953
826
909
674
762
654
549
681
556
635
685
555
627
800
988
1177
1296
1488
1438
1578
1631
1542
1322
1615
1623
1646
1716
2032
2206
2167
2198
2167
2365
2394
2534
2654
3032
2968
3095
3107
3014
2752
2496
2530
2421
2262
1749
1648
1635
1724
1903
1823
1871
1887
1633
1681
1654
1447
1087
580
516
610
666
740
856
957
979
1047
1142
1040
1058
1097
980
968
1016
595
323
99
-136
-58
-155
-164
-164
-400
-518
-534
-567
-878
-909
-1253
-1443
-1462
-1441
-1378
-1640
-1721
-1829
-1842
-1711
-1504
-1182
-1194
-1200
-1170
-1072
-970
-1012
-1017
-768
-532
-673
-583
-610
-749
-516
-546
-453
-283
-269
-288
-547
-827
-960
-1041
-1088
-1121
-928
-1035
-1294
-1165
-1202
-1190
-1129
-1347
-1364
-1360
-1629
-1525
-1449
-1225
-1218
-1146
-1216
-1264
-1307
-1499
-1551
-1681
-1709
-1851
-1844
-2039
-2102
-1991
-1918
-1978
-1952
-1926
-1784
-1631
-1817
-1736
-1650
-1305
-1214
-1456
-1474
-1506
-1632
-1707
-1731
-1762
-1804
-2091
-2242
-2356
-2206
-2229
-1880
-1779
-1851
-1591
-1627
-1335
-1239
-1013
-1059
-881
-919
-897
-731
-846
-846
-786
-585
-679
-721
-633
-612
-596
-734
-861
-578
-522
-434
-307
-270
-208
-48
100
191
152
-18
78
-142
-447
-270
-304
-569
-655
-593
-603
-695
-653
-647
-569
-794
-864
-917
-1128
-1022
-1105
-1001
-1125
-1095
-763
-694
-717
-608
-554
-363
-376
-473
-490
-430
-249
-224
89
147
496
547
587
565
209
151
-168
-316
-272
-219
-197
-31
126
199
193
304
102
117
363
419
331
442
531
584
642
828
1032
1150
1212
1200
1279
1049
1187
1330
1481
1824
2112
2268
2291
2377
2167
2094
2070
1992
2085
2101
2229
2462
2305
2229
2217
2140
1992
1743
1703
1649
1722
1695
1708
1426
1274
1262
1324
1477
1583
1813
1637
1491
1595
1737
1403
1240
1328
1530
1710
1556
1483
1627
1591
1722
1867
1875
2029
1829
1570
1500
1434
1233
1079
826
662
390
309
222
275
494
375
501
574
530
519
274
347
396
273
285
306
282
286
454
455
480
430
359
410
408
505
568
665
894
987
1025
1217
1210
1229
1340
1353
1415
1550
1446
1462
1242
1440
1398
1498
1834
1569
1701
1602
1494
1281
1169
1112
893
816
448
452
529
314
284
123
-99
-160
-443
-476
-648
-695
-602
-793
-914
-933
-976
-955
-868
-742
-953
-1283
-1499
-1880
-1924
-1985
-2179
-2237
-2075
-1909
-1942
-2082
-2016
-1825
-1509
-1469
-1422
-1304
-1286
-1131
-1001
-1065
-1142
-1217
-1283
-1305
-1454
-1201
-1229
-1420
-1528
-1763
-1699
-1580
-1419
-1303
-1421
-1406
-1441
-1477
-1360
-1432
-1284
-1184
-1077
-1140
-960
-878
-987
-784
-888
-807
-614
-458
-102
28
10
160
213
253
283
341
179
137
24
-247
-362
-463
-705
-915
-675
-797
-755
-781
-790
-705
-745
-874
-892
-1029
-943
-960
-1111
-888
-914
-780
-791
-862
-806
-748
-776
-619
-739
-792
-1024
-1319
-1350
-1629
-1516
-1684
-2002
-2094
-2138
-2038
-1851
-1742
-1695
-1515
-1410
-1422
-1165
-1105
-1372
-1137
-1003
-990
-760
-804
-897
-815
-622
-718
-681
-607
-556
-475
-352
-449
-460
-276
-35
-126
42
83
131
442
574
289
150
255
-29
-4
21
76
249
183
204
378
492
574
324
380
655
578
597
762
814
810
808
915
853
814
969
1066
1086
1159
1316
1298
1505
1707
1485
1437
1318
1329
1212
1141
1154
1151
1132
954
1027
1018
984
1097
1096
894
693
416
433
408
318
106
331
297
345
449
160
491
453
701
875
855
740
830
765
867
822
744
940
872
915
1034
1105
1153
1330
1514
1451
1372
1435
1640
1565
1326
1258
1078
1150
1270
1344
1338
1250
1095
1260
1215
903
744
540
374
206
234
225
190
147
287
308
149
39
19
35
37
-8
53
-75
-341
-336
-528
-642
-597
-600
-350
-115
-201
-129
-149
-266
-304
-278
-217
-419
-533
-480
-477
-299
-434
-490
-768
-922
-1091
-1248
-1115
-1178
-1101
-1138
-1102
-1121
-1117
-878
-1002
-1097
-943
-1040
-967
-865
-843
-803
-774
-624
-497
-474
-274
-256
-453
-501
-523
-375
-512
-446
-591
-894
-947
-946
-826
-480
-491
-348
-179
-309
-338
-420
-617
-810
-1149
-1046
-1031
-1233
-947
-970
-900
-938
-788
-793
-830
-1034
-1233
-1544
-1533
-1475
-1784
-1602
-1325
-1434
-1719
-1550
-1561
-1565
-1327
-1126
-1220
-1131
-1053
-810
-829
-825
-623
-644
-761
-890
-666
-713
-974
-1308
-1245
-1310
-1466
-1322
-1365
-1570
-1723
-1624
-1687
-1610
-1422
-1227
-1101
-1106
-1194
-1174
-1127
-868
-776
-748
-462
-607
-588
-502
-492
-531
-610
-641
-606
-642
-757
-676
-507
-537
-523
-429
-607
-793
-697
-886
-886
-939
-673
-576
-359
-219
-233
-15
226
151
-109
-170
7
45
-121
30
-192
-205
-145
-228
-296
-287
-309
-408
-444
-429
-463
-389
-231
-175
-22
344
520
835
1099
1169
1197
1217
1275
1334
1408
1383
1489
1340
1539
1550
1402
1142
1042
935
607
623
611
676
552
747
858
728
876
766
739
870
1078
1152
1092
1282
1051
1191
1211
1066
1232
1196
1032
1141
1336
1446
1338
1150
999
886
721
856
929
997
1081
1079
1086
884
811
831
791
708
790
1089
1074
1039
1376
1559
1527
1354
1416
1087
1219
1342
1110
1133
1095
1245
1323
1337
1202
1337
1303
1411
1493
1486
1318
1135
1204
1153
1057
938
781
804
950
1002
980
927
899
993
963
876
900
1136
1265
1108
1163
1181
1359
1596
1621
1507
1387
1245
1460
1539
1542
1696
1631
1366
1279
1205
1186
1432
1514
1333
955
779
295
-109
-202
-398
-316
-270
22
59
103
299
-166
-156
-424
-672
-864
-984
-896
-1093
-1002
-1003
-1070
-1127
-1180
-933
-832
-720
-726
-841
-922
-974
-790
-889
-824
-844
-821
-604
-739
-368
-214
-321
-282
-224
-472
-401
-160
-125
-163
-387
-461
-502
-515
-781
-828
-851
-645
-701
-747
-857
-1145
-1076
-986
-942
-886
-1021
-1367
-1698
-1855
-1920
-1963
-2374
-2606
-2621
-2621
-2604
-2715
-2913
-3032
-3015
-3069
-2797
-2967
-2974
-3013
-2887
