0
0
0
0
-1
0
0
0
0
1
0
0
0
0
0
0
0
0
-1
0
0
0
0
0
0
0
0
0
1
0
0
0
0
0
1
0
0
1
0
1
-1
0
0
0
0
0
0
0
0
-1
0
-1
-1
0
0
0
0
0
0
0
0
0
0
-1
0
-1
0
0
0
0
0
0
-1
0
0
0
0
0
0
0
0
0
0
0
0
0
0
0
0
0
1
1
0
0
0
0
0
0
0
0
0
0
1
-2
2
-3
4
-6
9
-12
15
-19
24
-31
40
-54
80
-141
555
1734
1541
1507
1270
1264
1130
991
902
893
830
696
533
283
120
55
-17
-145
-165
-313
-537
-642
-645
-687
-594
-525
-408
-191
-53
-77
26
66
67
138
263
397
557
777
837
908
784
681
545
436
397
406
413
407
303
132
24
10
166
280
415
499
488
453
539
664
767
1067
1304
1372
1350
1017
853
599
362
200
-43
-118
-207
-154
-152
-97
77
208
205
302
402
534
679
778
760
662
748
590
372
237
-157
-352
-372
-299
-257
-227
-243
-103
106
345
499
474
517
547
427
461
437
214
-79
-298
-282
-330
-373
-262
-100
4
81
110
115
173
204
342
323
383
615
758
851
705
642
369
130
-159
-336
-262
-276
-341
-456
-593
-790
-771
-752
-751
-714
-771
-782
-793
-885
-1039
-1185
-1332
-1276
-1251
-1240
-1135
-1165
-977
-795
-729
-748
-663
-737
-919
-969
-789
-646
-557
-321
-79
20
154
260
164
103
-147
-395
-657
-834
-912
-940
-953
-777
-606
-563
-298
-106
59
189
304
322
238
232
84
105
70
-29
-87
-164
35
191
237
173
-30
-287
-537
-784
-939
-1173
-1247
-1181
-1132
-912
-803
-730
-604
-478
-450
-395
-256
-240
56
336
582
848
939
964
888
846
573
356
138
-82
-216
-264
-339
-477
-467
-437
-436
-413
-488
-645
-633
-746
-792
-946
-1135
-1162
-1368
-1336
-1215
-1144
-1126
-1167
-1187
-1115
-1054
-893
-656
-543
-412
-316
-290
-408
-493
-474
-388
-180
-5
-33
-45
-48
-158
-237
-513
-772
-1035
-1171
-1156
-1074
-918
-857
-720
-743
-842
-790
-701
-566
-352
-71
117
115
245
269
290
217
144
47
131
264
234
101
-118
-377
-589
-579
-581
-489
-420
-341
-248
-334
-579
-886
-1097
-1324
-1581
-1618
-1654
-1646
-1657
-1710
-1631
-1505
-1321
-1160
-1022
-859
-896
-895
-766
-737
-739
-795
-979
-1101
-1157
-1160
-1173
-1133
-1055
-951
-827
-639
-530
-487
-571
-585
-769
-842
-708
-656
-551
-650
-558
-572
-438
-373
-303
-153
-328
-413
-520
-640
-718
-715
-740
-715
-787
-920
-1159
-1437
-1578
-1601
-1355
-1166
-921
-829
-583
-234
-2
348
611
839
815
792
612
529
316
190
113
-53
17
-24
-140
-82
-59
-41
-41
-176
-262
-244
-144
-176
-88
-118
-191
-304
-360
-460
-528
-582
-615
-716
-934
-1123
-1281
-1411
-1510
-1565
-1628
-1595
-1485
-1351
-1253
-988
-845
-614
-460
-398
-237
-148
75
219
234
395
523
524
597
593
568
661
753
849
975
982
1067
1184
1040
920
953
1046
1077
1071
1038
835
589
327
119
-91
-236
-394
-529
-609
-576
-558
-553
-508
-559
-635
-652
-643
-620
-547
-419
-343
-220
-11
173
402
700
1073
1253
1316
1306
1147
836
595
474
309
193
84
81
199
184
218
375
424
387
204
11
-138
-186
-67
-25
83
148
168
301
266
288
411
435
479
532
665
715
753
837
856
842
824
750
673
651
615
627
564
285
128
-112
-362
-454
-396
-378
-338
-229
-283
-382
-359
-369
-233
-80
62
235
343
486
646
831
1048
1009
824
715
412
275
271
245
233
266
340
372
341
266
187
207
54
22
-61
-208
-260
-224
-107
-42
-130
-169
-174
-240
-171
-42
115
291
393
424
432
278
205
70
3
19
16
-112
-242
-292
-256
-113
126
294
442
447
445
422
483
628
793
826
930
952
1004
982
934
1106
1228
1317
1197
1049
916
789
661
557
411
339
63
-210
-358
-668
-864
-1002
-1006
-958
-1051
-1004
-902
-679
-514
-532
-411
-397
-284
-136
115
284
321
361
319
343
280
310
345
381
346
396
510
425
396
298
399
450
543
673
608
439
335
369
340
395
389
251
184
177
134
12
-104
-247
-438
-579
-752
-747
-816
-973
-984
-912
-932
-888
-838
-843
-731
-655
-526
-356
-212
-145
-60
-80
-56
-9
-78
-89
-152
-81
-93
-400
-483
-453
-341
-250
-164
-102
-127
-155
-272
-344
-416
-382
-348
-255
-169
-104
-117
-273
-520
-675
-626
-608
-393
-193
49
246
405
529
552
469
250
48
-114
-162
-279
-377
-446
-445
-386
-392
-298
-166
46
181
211
222
332
280
14
-119
-180
-241
-219
-133
-164
-45
120
295
530
628
854
890
898
946
913
877
856
944
930
865
837
872
969
1137
1138
1182
1226
1192
1190
1202
1298
1296
1290
1196
954
748
576
331
182
123
175
232
356
429
575
614
675
624
485
471
348
383
350
430
363
333
335
287
255
137
78
71
210
287
448
660
862
1014
982
800
642
513
435
557
804
924
1022
1041
971
954
1004
1009
909
977
886
748
709
578
445
419
422
357
276
214
353
500
604
792
901
1105
1308
1390
1513
1328
1217
1011
771
644
514
468
389
309
291
264
307
371
250
198
49
10
-95
-150
-127
-175
-202
-234
-180
-25
219
267
202
253
298
486
679
839
922
872
797
588
443
361
383
380
297
217
132
70
-83
-290
-337
-397
-334
-97
12
192
414
470
489
515
444
425
278
299
278
418
655
662
772
821
918
1029
1133
1180
1221
1192
1101
1104
1095
1015
895
714
464
293
213
298
504
524
589
602
577
586
658
794
843
865
693
480
266
117
76
43
31
41
56
175
207
243
379
334
367
366
439
498
788
1012
1164
1198
1148
1129
922
924
821
914
922
781
727
488
329
163
66
140
265
264
167
38
-80
-273
-333
-421
-566
-555
-567
-377
-268
-50
19
-46
-117
-167
-70
-2
-32
-207
-389
-392
-357
-350
-361
-423
-641
-790
-920
-1029
-1071
-1201
-1295
-1453
-1573
-1550
-1597
-1650
-1776
-1795
-1820
-1764
-1785
-1859
-1769
-1810
-1783
-1793
-1920
-1967
-2061
-2078
-1961
-1874
-1771
-1727
-1648
-1611
-1676
-1604
-1489
-1319
-1254
-1155
-1000
-1023
-1044
-1158
-1403
-1653
-1715
-1710
-1566
-1370
-1176
-1171
-1197
-1150
-1146
-1152
-1026
-935
-986
-1020
-1052
-1061
-1091
-1192
-1249
-1239
-1180
-1075
-1000
-881
-806
-918
-1049
-1072
-993
-883
-770
-619
-621
-573
-517
-464
-427
-352
-186
-85
201
344
574
770
851
935
938
980
1073
1149
1098
987
851
718
731
778
848
946
1092
1283
1427
1560
1705
1842
1997
1988
2087
2261
2347
2386
2401
2487
2591
2658
2807
3088
3252
3165
2938
2800
2638
2484
2408
2529
2607
2584
2548
2579
2628
2721
2760
2907
3092
3009
3066
2982
2980
2944
2814
2878
2945
3088
3115
3132
2978
2863
2664
2312
2135
1956
1853
1890
1886
2024
2054
2025
2008
2026
2086
2290
2427
2579
2798
2852
2768
2668
2513
2448
2533
2421
2513
2587
2602
2660
2683
2877
2991
3043
3126
3274
3318
3372
3439
3399
3317
3188
3023
2952
3008
3086
3054
3189
3229
3171
3053
2945
2834
2797
2813
2765
2635
2459
2283
2190
2219
2333
2388
2481
2525
2394
2304
2206
2242
2138
2102
2104
1979
1886
1728
1541
1451
1337
1284
1366
1348
1193
925
790
755
758
790
911
910
964
970
952
1005
995
786
585
308
13
-238
-437
-455
-544
-527
-623
-675
-696
-638
-609
-686
-617
-697
-797
-919
-872
-942
-999
-1056
-1122
-1057
-1074
-1022
-1056
-1159
-1315
-1584
-1794
-2022
-2192
-2410
-2628
-2712
-2853
-2872
-2911
-2899
-2867
-2868
-2868
-2899
-2786
-2818
-2797
-2768
-2757
-2564
-2378
-2256
-2243
-2108
-2056
-2047
-2127
-2294
-2443
-2530
-2691
-2711
-2646
-2475
-2332
-2166
-1947
-1819
-1677
-1706
-1879
-2060
-2150
-2345
-2319
-2287
-2254
-2235
-2157
-2125
-2183
-2115
-2172
-2069
-2009
-2056
-1987
-2013
-2033
-2016
-1992
-2048
-2058
-2140
-2137
-1972
-1687
-1544
-1472
-1384
-1329
-1328
-1386
-1329
-1282
-1289
-1284
-1275
-1363
-1351
-1484
-1594
-1672
-1715
-1907
-2063
-2190
-2213
-2186
-2192
-2088
-1945
-1813
-1842
-1798
-1831
-1904
-2035
-2241
-2331
-2334
-2321
-2214
-2088
-1998
-1897
-1927
-2016
-2221
-2456
-2802
-3030
-2992
-2956
-2765
-2614
-2384
-2220
-2155
-2098
-2080
-2107
-2184
-2117
-1973
-1981
-2071
-2135
-2201
-2269
-2352
-2488
-2578
-2507
-2425
-2309
-2239
-2246
-2284
-2404
-2512
-2534
-2491
-2485
-2527
-2626
-2674
-2650
-2642
-2633
-2676
-2749
-2774
-2763
-2837
-2965
-3174
-3217
-3277
-3281
-3329
-3357
-3221
-3159
-3123
-3119
-3084
-3073
-3103
-3188
-3282
-3138
-3012
-2924
-2719
-2717
-2830
-3095
-3319
-3486
-3753
-3878
-3913
-3891
-3828
-3841
-3726
-3580
-3314
-3162
-3125
-3115
-3192
-3323
-3481
-3609
-3466
-3266
-3109
-2931
-2967
-2993
-3124
-3251
-3279
-3264
-3020
-2690
-2294
-2097
-1984
-1850
-1936
-2081
-2116
-2194
-2406
-2463
-2587
-2680
-2810
-2851
-2778
-2508
-2391
-2365
-2319
-2378
-2307
-2368
-2316
-2339
-2337
-2380
-2398
-2339
-2175
-1932
-1798
-1809
-1929
-1983
-2019
-1908
-1712
-1447
-1156
-1006
-854
-814
-814
-932
-1128
-1274
-1366
-1571
-1678
-1664
-1568
-1286
-1179
-1219
-1218
-1063
-1043
-952
-926
-912
-822
-811
-796
-950
-1114
-1205
-1134
-1273
-1413
-1615
-1716
-1734
-1737
-1589
-1474
-1315
-1101
-868
-571
-392
-145
-59
48
212
229
108
-7
-4
-100
-79
-115
-126
-174
-193
-168
81
323
508
710
620
447
274
167
75
59
-30
120
227
266
318
327
193
59
-30
-76
190
341
737
1139
1459
1579
1430
1297
891
622
491
340
317
328
320
321
267
198
169
-45
-273
-464
-575
-550
-265
-5
38
136
211
158
21
26
124
207
302
431
369
348
278
196
273
333
477
526
486
602
822
820
930
900
815
574
331
287
231
126
59
93
141
262
452
575
450
419
218
-28
-288
-452
-585
-585
-430
-333
-137
-168
-226
-176
-33
152
373
507
606
569
492
378
345
244
84
-105
-330
-460
-577
-541
-499
-344
-252
-202
-77
-25
-164
-333
-569
-873
-1074
-1155
-1015
-804
-594
-332
-240
-89
-180
-387
-553
-832
-1162
-1354
-1402
-1358
-1233
-1037
-946
-909
-922
-1069
-1155
-1159
-1152
-1013
-870
-752
-489
-242
-66
88
272
236
33
17
81
65
82
138
-14
-130
-188
-245
-265
-251
-198
-157
-29
77
218
457
673
808
842
657
534
509
549
743
931
1161
1374
1497
1668
1689
1664
1549
1427
1337
1295
1314
1357
1588
1595
1650
1589
1471
1426
1413
1531
1605
1784
1940
1885
1633
1287
1105
991
951
979
1059
1143
1308
1529
1634
1785
1982
2154
2265
2490
2617
2584
2524
2563
2635
2615
2566
2484
2370
2341
2484
2499
2575
2611
2705
2764
2756
2593
2510
2481
2408
2376
2295
2297
2337
2421
2547
2782
2769
2683
2544
2384
2184
1930
1984
2110
2077
2072
2081
2148
2239
2356
2434
2310
2295
2314
2313
2246
2129
1998
1837
1592
1585
1379
1300
1375
1369
1377
1209
1062
885
818
799
840
1022
1143
1208
1406
1444
1515
1529
1560
1438
1263
1112
1008
1078
1305
1548
1760
1934
1964
1927
1907
1843
1826
1992
1985
1946
1899
1886
1846
1670
1377
1121
727
355
119
-104
-221
-447
-445
-392
-313
-212
-106
115
200
232
129
117
-4
-116
-55
-88
-205
-385
-523
-642
-528
-359
-235
-126
2
195
-14
-326
-502
-679
-905
-1240
-1412
-1593
-1546
-1447
-1320
-1180
-1091
-1000
-942
-839
-901
-768
-790
-709
-745
-674
-662
-780
-906
-1013
-1227
-1531
-1697
-1934
-1953
-1924
-1814
-1564
-1295
-1056
-829
-636
-535
-548
-601
-730
-877
-931
-971
-1034
-1070
-1084
-1285
-1484
-1589
-1763
-1924
-1966
-1902
-1626
-1240
-897
-524
-299
-204
-254
-332
-323
-376
-310
-242
-58
7
-38
-195
-322
-223
13
332
392
370
423
370
405
436
377
301
295
399
447
659
648
661
551
293
-287
-966
-1545
-1909
-2122
-2131
-2023
-1715
-1164
-668
-191
173
470
746
859
965
937
831
836
703
493
228
-99
-476
-896
-1329
-1485
-1481
-1392
-1246
-1010
-716
-405
-266
-132
182
442
571
669
619
533
345
238
317
345
397
306
128
31
-228
-508
-604
-729
-761
-567
-322
-156
119
273
478
642
722
778
668
607
389
238
246
307
230
282
311
310
415
628
795
857
930
998
1235
1415
1579
1787
1907
1877
1727
1566
1290
791
509
310
379
632
857
1051
1169
1269
1457
1596
1565
1582
1435
1348
1108
899
819
798
765
797
946
863
720
453
217
-3
-53
6
111
110
108
277
420
557
648
611
607
761
778
797
822
642
455
179
-112
-344
-483
-677
-707
-710
-617
-486
-355
-345
-472
-425
-485
-577
-666
-769
-722
-754
-655
-394
-205
-75
-83
48
52
48
-68
-142
-253
-297
-166
20
243
521
912
1227
1230
1281
1048
843
681
427
362
340
411
540
608
449
288
139
-45
-293
-559
-800
-826
-761
-595
-402
-342
-269
-239
-257
-252
-313
-396
-669
-781
-1051
-1168
-1211
-1264
-1300
-1315
-1413
-1459
-1375
-1246
-976
-721
-402
-292
-268
-344
-528
-824
-1028
-1345
-1635
-1906
-2206
-2501
-2656
-2632
-2427
-2084
-1896
-1830
-1792
-1849
-1827
-1739
-1749
-1581
-1416
-1263
-1015
-843
-781
-903
-1002
-1128
-1188
-1241
-1128
-965
-738
-402
-228
81
360
654
780
842
952
1060
1305
1465
1529
1556
1688
1634
1779
1829
1909
1979
1719
1355
503
-668
-1988
-2775
-3435
-4219
-4726
-4350
-3619
-2674
-1607
-672
97
636
1149
1472
1656
1527
1345
743
210
-376
-1040
-1882
-2647
-3234
-3659
-4006
-3924
-3631
-3107
-2328
-1378
-446
292
996
1514
1872
1892
1730
1330
1032
776
488
147
-226
-521
-806
-1149
-1444
-1634
-1619
-1577
-1323
-802
-358
156
778
1187
1553
1664
1622
1314
540
-200
-813
-1346
-1599
-1619
-1493
-1286
-1076
-889
-625
-418
-76
167
469
789
1062
1276
1369
1577
1650
1765
1682
1349
857
420
160
63
53
-20
-131
-297
-163
75
269
420
446
718
973
1269
1505
1810
2061
2369
2651
2747
2930
2818
2602
2408
2095
1877
1757
1674
1630
1640
1749
1989
2303
2626
2855
3019
2998
2885
2851
2834
2793
2662
2558
2429
2221
1742
1299
883
560
186
-415
-955
-1454
-1698
-1742
-1616
-1335
-1128
-841
-322
65
479
787
999
1143
1314
1342
1058
752
308
-35
-450
-796
-1058
-1175
-1225
-1134
-878
-616
-209
2
293
426
494
528
630
673
612
428
-58
-631
-1312
-1827
-2280
-2751
-2832
-2622
-2269
-1695
-1120
-305
491
1065
1413
1452
1468
1366
1184
850
391
-50
-398
-655
-813
-810
-691
-443
-42
510
962
1427
1828
2147
2515
2702
2735
2488
2195
1932
1699
1574
1412
1348
1431
1558
1945
2332
2912
3368
3848
4404
4840
5290
5289
3910
1362
-640
-1791
-3341
-5261
-6037
-5832
-5161
-4477
-3021
-1433
-120
954
2050
3033
3804
4086
4018
3249
2469
1516
5
-1773
-3277
-3994
-4589
-5166
-5358
-4973
-4491
-3757
-2632
-1394
-383
649
1476
2222
2464
2437
2179
1766
1412
801
-37
-833
-1580
-2225
-3027
-3904
-4407
-4846
-4851
-4588
-3982
-3063
-2095
-1068
-63
650
786
659
313
-332
-927
-1750
-2598
-3168
-3474
-3467
-3411
-3229
-3077
-2660
-2136
-1967
-1754
-1515
-1239
-858
-447
-154
130
349
527
549
453
274
94
161
233
477
853
1162
1608
2211
2721
2896
2881
2674
2222
1806
1481
1484
1655
1940
2395
2917
3435
3895
4470
4736
4879
4893
4820
4399
3020
595
-2280
-4434
-5771
-7476
-8686
-8668
-7469
-6198
-4685
-2714
-630
1118
2603
4212
5439
6030
5829
5293
4402
3425
1925
41
-2145
-3678
-4547
-5156
-5689
-5621
-4968
-4006
-2648
-752
1196
2691
4034
5206
5849
5733
5059
4036
3208
2304
1089
-128
-1027
-1803
-2613
-3432
-4461
-5029
-5216
-5144
-4385
-3197
-1765
-308
1169
2146
2557
2541
2172
1594
641
-374
-1439
-2309
-2638
-2650
-2482
-2241
-1942
-1685
-1231
-678
-109
503
1020
1820
2301
2632
2924
3058
3083
2965
2633
2268
1835
1627
1574
1652
1851
2196
2468
2844
3222
3598
3944
4027
4057
4072
4313
4568
4812
4917
5004
3743
843
-2454
-3464
-3928
-5705
-6980
-6685
-5164
-3396
-1731
-98
1667
3252
4506
5068
5530
5209
4304
3014
2096
1127
-70
-1942
-3606
-4361
-4556
-5049
-5600
-5582
-4651
-3137
-1549
44
1528
2888
3864
4525
4411
4028
2853
1810
1066
299
-425
-1099
-1700
-2088
-2487
-3245
-3860
-4237
-3971
-3523
-2971
-2183
-937
152
1061
1493
1242
774
85
-744
-1652
-2591
-3249
-3474
-3331
-2896
-2359
-1971
-1593
-914
-297
-112
-156
-350
-243
-97
-70
8
-3
163
411
601
646
549
622
873
1200
1645
2109
2653
3271
3842
4198
4367
4608
4800
5067
5383
5616
5959
6469
7294
8122
8429
7686
5715
2680
-395
-3164
-6003
-8546
-9899
-9607
-8752
-7114
-5134
-2414
299
2672
4472
5709
6323
6339
5727
4724
3504
1857
26
-2007
-3632
-5096
-6053
-6778
-6751
-6182
-5130
-3815
-1967
-43
1696
3017
3896
4328
4437
4071
3452
2804
2065
1377
758
489
25
-712
-1627
-2412
-3005
-3487
-3811
-3665
-3110
-2166
-946
230
1002
1536
1791
1541
904
-49
-1168
-2308
-3171
-3725
-3858
-3812
-3378
-2839
-1901
-1091
-739
-419
-75
276
373
585
859
1129
1415
1700
1926
2204
2540
2843
3145
3394
3767
4111
4496
4756
4902
4934
4942
4915
4652
4599
4535
4614
4744
5076
5705
6650
7731
8644
9266
8662
6454
3494
693
-2400
-5912
-8752
-9632
-9492
-8572
-6799
-4176
-1420
1280
3521
5349
6383
6531
6126
5352
4419
3166
1695
-24
-1306
-2191
-2889
-3820
-4563
-4735
-4475
-3986
-2937
-1513
9
1504
2844
3716
4165
4162
3850
3474
2946
2248
1321
596
81
-532
-1389
-2161
-2911
-3503
-3786
-3926
-3664
-2956
-1850
-532
791
1684
2148
2117
1776
1032
-289
-1655
-2793
-3698
-4287
-4310
-4049
-3457
-2756
-2019
-1406
-907
-693
-489
-340
-289
-294
-545
-609
-524
-327
-140
30
175
264
316
465
779
1145
1786
2623
3403
3870
4157
4412
4448
4435
4175
3929
3610
3516
3833
4231
4635
5091
5933
6419
6400
5539
3784
803
-2435
-5164
-7505
-9369
-10481
-10102
-8989
-7253
-5228
-2678
-278
2099
3761
4891
5555
5507
4947
3937
2733
1488
-6
-1635
-2810
-3838
-4576
-5218
-5458
-5299
-4569
-3598
-2258
-820
735
1938
2892
3388
3330
2704
1790
764
-344
-1514
-2612
-3220
-3628
-3938
-4168
-4171
-4191
-4038
-3897
-3817
-3485
-2941
-2346
-1658
-1005
-614
-478
-283
-316
-781
-1452
-2319
-2787
-3044
-3088
-2935
-2526
-1887
-1172
-393
249
905
1237
1380
1341
1282
1113
716
581
508
621
822
1077
1371
1674
2081
2384
2850
3266
3618
4026
4333
4609
4848
4953
4973
4909
4921
4917
5094
5390
5726
5841
5957
6227
6327
6073
5056
2893
-36
-2439
-4369
-6272
-7608
-7873
-7272
-6027
-4351
-2421
-281
1772
3638
4881
5651
5828
5588
4872
3987
2925
1763
343
-1126
-2394
-3456
-4342
-4893
-4977
-4883
-4200
-3347
-2359
-1219
-81
1040
1827
2224
2248
2095
1713
1263
822
95
-551
-955
-1571
-2117
-2942
-3652
-4333
-4755
-4713
-4585
-3880
-2879
-1674
-503
434
967
1076
827
215
-723
-1746
-2779
-3485
-4015
-3996
-3680
-3218
-2716
-2262
-1742
-1458
-1055
-806
-674
-571
-473
-355
-328
-281
-255
-295
-428
-580
-647
-613
-574
-321
202
917
1590
2490
3303
3671
3727
3651
3329
2740
2341
1955
2005
2168
2440
2938
3784
4548
5240
5391
4884
3407
853
-1535
-3920
-6203
-8326
-9197
-9506
-8990
-7721
-5918
-3913
-1964
4
1621
2647
3125
3324
2923
2676
2182
1544
208
-1033
-2156
-2946
-3638
-4174
-4451
-4548
-4285
-3752
-2917
-2031
-1013
118
1191
2072
2723
2895
2895
2675
2127
1311
338
-623
-1597
-2661
-3713
-4723
-5544
-5839
-5812
-5565
-5227
-4498
-3665
-2772
-2068
-1557
-913
-465
-20
191
-169
-843
-1502
-2178
-2715
-3155
-3566
-3724
-3507
-3016
-2341
-1708
-999
-261
361
1036
1526
1671
1868
2085
2172
2057
1639
1312
1227
1425
1707
2093
2536
3043
3509
3875
4109
4301
4335
4371
4457
4516
4782
5165
5792
6700
7599
8272
8700
8904
8642
6948
3918
155
-2792
-5706
-8220
-9921
-10326
-9670
-8094
-5778
-3443
-711
1596
3634
5141
6306
6557
6317
5287
4403
3227
2035
617
-679
-1831
-2765
-3438
-3834
-3821
-3615
-2759
-1752
-636
553
1833
2875
3684
4164
4208
3875
3441
2793
1947
1053
128
-709
-1531
-2416
-3246
-3899
-4300
-4463
-4256
-3689
-2721
-1558
-227
969
1862
2393
2571
2599
2126
1319
285
-963
-2093
-2885
-3314
-3518
-3341
-2660
-1830
-877
-52
757
1404
1971
2315
2618
2750
2665
2609
2448
2216
1995
1888
1547
1538
1695
2052
2594
3234
3893
4565
5078
5396
5339
5005
4523
3927
3646
3497
3670
3998
4532
5164
5907
6892
8055
9186
9445
8111
4771
938
-2088
-5007
-7841
-9835
-10243
-9761
-8532
-6900
-4543
-1934
625
3053
4948
6331
6889
6755
6239
5610
4884
3495
1217
-512
-1808
-3122
-4254
-5084
-5242
-5022
-4417
-3082
-1487
171
1860
3510
4647
5136
5026
4360
3433
2436
1242
128
-610
-764
-856
-1150
-1716
-2459
-3361
-4414
-5006
-5261
-4917
-4169
-3061
-1540
-144
1135
2164
2868
2942
2504
1658
725
-210
-779
-1114
-1267
-1063
-762
-502
-376
-401
-301
-200
116
578
1117
1778
2414
3092
3706
4181
4309
4118
3845
3720
3551
3744
4114
4563
5347
5884
6288
6376
6273
6003
5650
5247
5028
5085
5494
6359
7328
8130
8833
9778
11222
12702
13202
11925
9137
5710
2795
-361
-3567
-6163
-7619
-8093
-7372
-5993
-3954
-1389
1236
3913
6087
7844
8663
8841
8389
7797
6636
5226
3338
1524
-300
-1969
-3364
-4548
-5307
-5525
-5243
-4520
-3373
-1787
-63
1550
2912
3660
3841
3622
3257
2671
1879
1107
400
124
-503
-1355
-2400
-3542
-4420
-4901
-5309
-5628
-5409
-4753
-3546
-2043
-446
765
1706
2069
1944
991
-395
-1997
-3202
-3991
-4577
-4819
-4764
-4489
-3954
-3243
-2642
-1988
-1520
-1022
-764
-580
-468
-279
-131
206
296
348
336
328
292
179
134
66
230
578
980
1530
2142
2645
2965
3051
2835
2428
2154
2089
2364
2938
3606
4327
5156
6170
7303
8083
7874
5730
1953
-2068
-5454
-8931
-12138
-14310
-14582
-13829
-12008
-9560
-6668
-3742
-924
1484
3325
4631
4929
4632
3750
2633
1258
-543
-2631
-4411
-5969
-7108
-8063
-8713
-8964
-8643
-7659
-6191
-4479
-2531
-832
685
1787
2032
1665
622
-604
-1906
-3037
-3934
-4430
-4479
-4649
-5107
-5748
-6516
-7203
-7870
-8561
-8537
-8051
-6977
-5380
-3867
-2408
-1074
-127
-6
-431
-1278
-2634
-4053
-5056
-5623
-5823
-5791
-5361
-4735
-3931
-3402
-2855
-2509
-2079
-1750
-1611
-1571
-1710
-1695
-1674
-1536
-1361
-1421
-1893
-2288
-2333
-2036
-1703
-1138
-476
350
1036
1667
2227
2574
2784
2612
2144
1763
1365
1061
1056
1276
1958
2719
3546
4202
5150
6118
6912
7183
6283
4190
1420
-1079
-3747
-5980
-7899
-8678
-8724
-7960
-6680
-5133
-3444
-1863
-181
1196
2448
3107
3308
3004
2721
1997
1123
-167
-1539
-2808
-3912
-4770
-5336
-5367
-5255
-4626
-3785
-2582
-1306
24
1009
1640
1903
1874
1604
845
275
-236
-452
-723
-1022
-1448
-1885
-2603
-3240
-3695
-4356
-4735
-4612
-4096
-3349
-2250
-1187
-202
436
668
481
280
-415
-1485
-2348
-2713
-2908
-2933
-2786
-2359
-1834
-1414
-1159
-730
-244
-38
167
104
273
241
160
118
196
277
311
298
356
270
284
421
887
1536
2257
3043
3685
4196
4506
4480
4116
3510
2800
2482
2348
2352
2594
3367
4414
5637
7302
8973
9703
8648
6054
2466
-768
-4039
-6701
-8791
-9619
-9558
-8682
-7184
-5226
-2970
-825
1249
2887
4159
4685
4651
4016
3529
2555
1604
100
-1400
-2801
-4230
-5484
-6433
-6829
-6748
-6073
-4766
-2936
-1098
622
1886
2802
3259
3013
2338
1478
688
-110
-446
-551
-647
-972
-1386
-2015
-2754
-3394
-4058
-4301
-4250
-3911
-3154
-1744
-390
786
1500
1979
1966
1557
739
-469
-1580
-2392
-2724
-2873
-2817
-2647
-2314
-2083
-1873
-1742
-1594
-1463
-1409
-1341
-1084
-732
-227
413
1109
1572
1856
2132
2293
2254
2283
2227
2284
2563
2944
3320
3511
3560
3564
3345
3020
2724
2420
2387
2741
3403
4354
5441
6628
7868
9158
10670
12093
12587
10718
7064
3202
-232
-3914
-7312
-9460
-10167
-9790
-8392
-6285
-3646
-825
1719
3992
5984
7436
7951
7712
7088
6390
5314
3742
1754
-238
-1898
-3262
-4381
-5090
-5392
-5105
-4214
-2880
-1120
791
2827
4584
5783
6357
6017
5281
4273
3089
1845
950
394
-3
-329
-673
-1120
-1502
-1796
-2100
-2157
-2193
-1766
-883
177
1256
2251
3049
3595
3915
3547
2680
1644
661
-182
-911
-1300
-1251
-1215
-1055
-550
-51
261
466
701
916
1227
1380
1531
1707
1883
2033
2055
2020
1725
1447
1163
1027
1172
1487
2156
2976
3745
4474
4792
4814
4704
4468
4090
3454
3119
3111
3394
3930
4476
5394
6510
8016
9636
10962
10959
8986
5531
1857
-1753
-5385
-8472
-10634
-11380
-11267
-10040
-8205
-5824
-3345
-970
1041
2832
3960
4193
3880
3283
2580
1638
309
-1313
-2828
-4323
-5708
-6708
-7444
-7951
-7897
-7343
-6113
-4595
-2818
-986
542
1384
1592
1348
690
-62
-954
-1617
-1981
-2106
-2307
-2572
-3051
-3745
-4494
-5454
-6281
-6845
-7110
-6877
-5864
-4548
-3142
-1906
-1042
-546
-367
-608
-1310
-2365
-3426
-4319
-5045
-5329
-5159
-4837
-4329
-3738
-3380
-3133
-3050
-2981
-2962
-2852
-2653
-2532
-2387
-2127
-1705
-1462
-1309
-1204
-1237
-1226
-1103
-711
-139
504
1270
1934
2451
2911
3087
3113
2800
2268
1669
1304
1354
1735
2413
3228
4440
6047
7890
9626
10650
9518
6391
2682
-976
-4753
-8510
-11074
-12166
-12148
-11220
-9486
-6811
-4038
-1523
760
2744
4295
4954
4998
4627
4114
3384
1935
346
-1271
-2747
-4088
-5444
-6413
-7016
-7018
-6638
-5584
-4066
-2291
-567
1057
2417
3187
3172
2627
1932
923
-138
-777
-1068
-1228
-1251
-1466
-1621
-1898
-2427
-2993
-3700
-4239
-4455
-4147
-3233
-2298
-1418
-645
-53
151
2
-455
-1364
-2385
-3152
-3867
-4190
-4188
-4014
-3666
-3122
-2496
-1903
-1612
-1660
-1669
-1819
-1792
-1544
-1147
-652
-85
479
854
1132
1335
1600
1763
1928
2421
2813
3371
3853
4317
4516
4363
4094
3682
3184
2846
2805
3052
3481
3945
4539
5326
6604
7794
9374
10505
9967
7327
3954
785
-2567
-6047
-8710
-10068
-10335
-9820
-8677
-6459
-3926
-1230
1196
3562
5521
6670
6953
6777
6359
5568
4065
2270
523
-1011
-2407
-3905
-4881
-5491
-5759
-5681
-4805
-3306
-1161
960
2925
4727
5732
5988
5415
4579
3518
2212
961
301
-164
-602
-1204
-1727
-2457
-3230
-3980
-4701
-4918
-4896
-4398
-3283
-1816
-378
855
1826
2342
2147
1403
138
-948
-1955
-2726
-3211
-3301
-2950
-2468
-1706
-1148
-479
12
198
275
267
284
215
397
614
788
888
686
544
461
329
345
590
1015
1634
2382
3076
3710
4106
4295
4406
4249
4111
3821
3576
3642
4038
4502
5173
5963
7047
8175
9557
11231
12181
10947
7439
3729
343
-3356
-7273
-9996
-11176
-11101
-10203
-8333
-5850
-3065
-561
1729
3957
5738
6702
6797
6418
5877
4882
3214
1303
-513
-2056
-3525
-4777
-5504
-5931
-6236
-6244
-5354
-3995
-2197
-341
1459
2994
3612
3532
3102
2454
1379
187
-613
-1084
-1502
-1838
-2390
-2686
-3099
-3759
-4461
-5068
-5322
-5159
-4690
-3927
-2974
-2028
-1063
-188
525
553
129
-388
-973
-1610
-2368
-2923
-3079
-2773
-2274
-1814
-1357
-1096
-1123
-1339
-1571
-1635
-1760
-1430
-943
-294
267
509
882
1277
1609
1698
1790
1920
2082
2451
2739
3155
3492
3672
3760
3810
3859
3569
3160
2991
2952
3133
3273
3673
4595
5783
7369
9264
10911
10425
7626
3992
312
-3364
-7439
-10341
-11979
-12184
-11423
-9988
-7465
-4687
-1595
1140
3900
6055
7202
7568
7531
7303
6696
5233
3409
1396
-505
-2143
-3759
-4988
-5864
-6201
-6120
-5068
-3284
-1071
1055
3197
5051
6028
6122
5542
4696
3725
2550
1371
766
176
-443
-1169
-1852
-2619
-3484
-4414
-5289
-5691
-5611
-4876
-3673
-2230
-967
17
919
1611
1544
862
-251
-1475
-2662
-3627
-4181
-4415
-4137
-3625
-2864
-2255
-1872
-1577
-1334
-1110
-848
-784
-378
234
705
1161
1422
1456
1301
1365
1201
1064
1064
1278
1811
2659
3615
4486
5124
5613
5921
5813
5449
4717
4038
3591
3612
4045
4465
5044
6269
7917
10058
12113
11817
8652
4604
955
-2873
-7072
-10314
-11853
-12260
-11595
-10279
-7939
-5252
-2432
350
3008
5401
6638
6982
6817
6607
5909
4328
2252
247
-1463
-2967
-4381
-5345
-5925
-6238
-5916
-5015
-3600
-1895
82
1942
3526
4325
4158
3422
2560
1610
489
-344
-717
-711
-776
-1208
-2006
-2751
-3604
-4532
-5269
-5692
-5692
-5077
-4044
-2733
-1837
-1180
-496
119
412
104
-726
-1621
-2225
-2677
-3167
-3622
-3788
-3482
-3043
-2581
-2248
-2156
-2019
-1737
-1372
-1142
-726
-215
371
648
891
879
867
935
838
804
823
1003
1516
2271
2905
3526
3712
3757
3594
3400
3209
2906
2522
2410
2543
2972
3637
4470
5873
7628
9551
11185
10551
6707
2474
-1262
-4879
-8809
-11722
-12687
-12512
-11312
-9607
-6981
-4268
-1644
796
3250
5317
6480
6734
6583
6435
5796
4107
1952
9
-1604
-3124
-4608
-5482
-6066
-6427
-6313
-5315
-3812
-2132
-447
1361
2945
3760
3481
2809
2261
1632
914
4
-364
-416
-552
-1110
-1920
-2785
-3588
-4142
-4573
-4510
-4170
-3273
-2140
-1085
-419
-140
31
126
146
-476
-1395
-2012
-2372
-2532
-2661
-2736
-2512
-2178
-1819
-1594
-1659
-1925
-2143
-2332
-2251
-2264
-2281
-1893
-1187
-443
143
395
515
688
721
1139
1607
2108
2569
3227
3858
4121
4125
3830
3574
3396
3282
3253
3494
4173
4986
5989
6795
7536
8618
10078
11127
10077
6383
2248
-1160
-4518
-8054
-10776
-11816
-11865
-10939
-9243
-6769
-4171
-1567
1067
3818
6094
7283
7531
7238
7007
6415
4929
2835
739
-1062
-2497
-3594
-4280
-4769
-5294
-5420
-4542
-3217
-1931
-765
513
1882
2836
3028
2771
2615
2567
2450
2007
1549
1012
513
-229
-1318
-2609
-3998
-5052
-5781
-6031
-5867
-4923
-3559
-2093
-1070
-392
70
312
331
1
-693
-1288
-1710
-1955
-2013
-1967
-2080
-2091
-1945
-1808
-1736
-2030
-2234
-1990
-1538
-1205
-914
-468
187
822
1462
1794
1907
1854
1786
1675
1871
2180
2473
2956
3549
4078
4191
3901
3506
3066
2514
2072
1931
2155
2676
3514
4515
5546
6956
8718
10061
9153
5509
1123
-2528
-6122
-9872
-12676
-13743
-13659
-12652
-10690
-8159
-5434
-2886
-491
2031
4184
5445
5678
5508
5324
4466
2946
1008
-908
-2710
-4306
-5586
-6424
-6953
-7217
-7013
-6037
-4372
-2836
-1582
-368
742
1385
1363
939
715
614
538
756
955
1065
598
-404
-1663
-2948
-4558
-6190
-7332
-7747
-7589
-6840
-5366
-3654
-2028
-640
399
1166
1444
1122
351
-438
-1146
-1719
-1948
-2125
-2028
-1767
-1552
-1464
-1191
-1040
-1104
-908
-506
-8
369
866
1459
2070
2493
2629
2679
2672
2551
2537
2732
3063
3639
4548
5578
6350
6776
6642
6284
5780
5049
4526
4072
3968
4448
5274
6500
8285
10568
12889
13914
11884
7593
3195
-630
-4962
-9135
-11487
-12103
-11463
-9942
-7533
-4852
-2080
658
3405
5983
7818
8664
8598
8413
8181
7375
5586
3256
1298
-283
-1934
-3176
-3994
-4334
-4549
-4150
-3120
-1789
-588
500
1878
2865
3038
2541
2070
1898
1882
1868
1977
2120
2210
1951
1095
-56
-1647
-3460
-5214
-6470
-7087
-6936
-5935
-4326
-2741
-1162
103
1203
1782
1720
1215
271
-480
-1107
-1706
-2079
-2403
-2527
-2436
-2307
-1911
-1702
-1683
-1415
-1100
-753
-363
5
551
1105
1456
1582
1631
1447
1198
1025
865
811
1194
1876
2903
4025
5103
5944
6315
6272
5812
5093
4217
3694
3491
3833
4698
5990
7620
9856
11819
11321
7790
3364
-752
-4932
-9252
-12473
-13963
-14157
-13075
-10989
-8105
-5162
-2316
412
3137
5288
6566
6851
6795
6620
6081
4744
2841
877
-1058
-2632
-3737
-4530
-5004
-5103
-4865
-3969
-2692
-1354
-307
802
2040
2629
2513
1951
1561
1252
930
936
1115
1432
1705
1500
684
-576
-2204
-3944
-5175
-5967
-6445
-6236
-5380
-4225
-3097
-2223
-1466
-652
-8
264
82
-378
-900
-1318
-1656
-2026
-2366
-2501
-2313
-1898
-1377
-1035
-935
-646
-294
-3
56
297
717
1130
1526
1778
1797
1788
1822
1974
2135
2387
2735
3282
4028
4679
5013
5215
5460
5400
5063
4631
4380
4218
4324
4823
5889
7306
9505
11672
11893
9337
5280
1330
-2979
-7483
-11156
-13244
-13941
-13397
-11620
-8833
-5698
-2660
267
3208
5879
7488
8079
7881
7576
6996
5488
3308
1276
-491
-1813
-2707
-3211
-3592
-3713
-3445
-2894
-1708
-447
516
1387
2426
3165
3306
3066
2828
2667
2250
1954
1784
1654
1586
1246
797
81
-1046
-2335
-3364
-3897
-4108
-3825
-3074
-2019
-1072
-367
144
752
1303
1581
1320
998
694
352
-40
-436
-735
-973
-974
-952
-641
-420
-199
133
444
673
765
917
1129
1475
1804
2203
2514
2551
2614
2702
2999
3450
3884
4338
4880
5198
5403
5580
5622
5629
5676
5546
5753
6072
6388
6760
7636
8928
10404
11460
10639
7888
4354
898
-2847
-6393
-9162
-10490
-11034
-10867
-9572
-7631
-5320
-2861
-152
2683
5125
6822
7466
7685
7402
6429
4807
2774
636
-1236
-2404
-3120
-3338
-3545
-3678
-3532
-2878
-1919
-984
-224
479
1178
1583
1654
1521
1277
1151
1327
1318
1466
1280
1071
755
314
-225
-1047
-1869
-2673
-2983
-3273
-3296
-3135
-2767
-2261
-1796
-1486
-1137
-756
-447
-247
-118
-61
-234
-499
-883
-1157
-1691
-1970
-2043
-1916
-1544
-1278
-973
-664
-271
-141
-24
37
15
22
224
554
949
1392
1833
2445
3120
3771
4181
4568
4858
4908
4847
4571
4166
4057
4065
4257
4621
5045
5768
6765
7899
9411
9784
8263
4971
1425
-1851
-5445
-8906
-11242
-12149
-12433
-11845
-10442
-8474
-6515
-4550
-2305
144
2269
3876
4860
5300
5214
4592
3518
2116
543
-1300
-2719
-3663
-4030
-4181
-4328
-4043
-3387
-2353
-1353
-574
71
431
533
369
169
131
1
-32
71
186
0
-383
-843
-1365
-1896
-2577
-3354
-3789
-3885
-3734
-3346
-2819
-2397
-2310
-2054
-1893
-2045
-2191
-2327
-2332
-2096
-1838
-1506
-1191
-798
-641
-617
-614
-617
-656
-698
-581
-513
-327
-251
-257
-252
-73
27
62
101
351
748
1118
1574
1999
2374
2859
3528
4156
4560
4767
4780
4601
4433
4191
4026
4108
4576
5502
6769
8264
9746
10500
9405
6482
2979
-547
-4182
-7453
-9822
-10687
-10672
-9915
-8629
-6973
-5161
-3316
-1371
635
2386
3570
4278
4735
4756
4130
3138
1611
165
-1356
-2647
-3577
-4098
-4216
-4096
-3700
-2970
-2020
-1098
-292
385
696
585
237
-154
-265
-330
-348
-139
133
142
-94
-634
-1369
-2137
-2842
-3418
-3813
-3655
-3118
-2253
-1388
-776
-491
-301
-318
-591
-1017
-1468
-1821
-2136
-2170
-1996
-1633
-1125
-543
-74
340
552
710
971
1283
1642
1932
1980
1850
1503
1128
898
824
849
886
1072
1388
1810
2294
3097
3808
4511
5014
5147
5198
4990
4696
4364
4004
3843
3762
4005
4474
5247
6236
7505
9190
10387
9880
7224
3645
209
-3388
-7121
-9930
-11092
-11271
-10613
-9165
-6919
-4678
-2517
-484
1481
3143
3959
4174
3853
3383
2517
1104
-295
-1552
-2702
-3549
-4064
-4292
-4160
-3955
-3657
-3150
-2628
-2298
-1924
-1468
-1016
-942
-1405
-1747
-2245
-2478
-2735
-2707
-2625
-2578
-2520
-2841
-3345
-4065
-4518
-4811
-4868
-4825
-4422
-4030
-3657
-3218
-3173
-3362
-3627
-3830
-4143
-4334
-4446
-4457
-4395
-4295
-4138
-3947
-3923
-3803
-3311
-2686
-2219
-1785
-1323
-1034
-644
-523
-733
-959
-1160
-1321
-1326
-991
-548
-219
35
546
983
1365
1748
2122
2480
2705
2818
2882
2892
2671
2450
2417
2764
3217
3906
4849
6263
7772
8736
7943
5163
1621
-1931
-5644
-9075
-11324
-12059
-11936
-11162
-9876
-8030
-6087
-4186
-2115
-104
1466
2279
2516
2276
1726
610
-861
-2424
-3692
-4866
-5704
-6259
-6322
-6040
-5410
-4572
-3402
-2113
-1121
-372
-13
108
-382
-1069
-1788
-2371
-2764
-2862
-2598
-2331
-2263
-2558
-3101
-3695
-4143
-4443
-4716
-4881
-4537
-3833
-2765
-1815
-1182
-1066
-1345
-1768
-2544
-3503
-4223
-4623
-4691
-4440
-4111
-3510
-2807
-2315
-1884
-1703
-1610
-1548
-1385
-1217
-1029
-852
-674
-277
111
379
495
646
962
1291
1668
1979
2318
2644
3072
3458
3788
4049
3966
3984
3920
3894
3941
4154
4718
5623
6481
7354
8341
9803
11051
10578
8165
4814
1365
-2103
-5457
-8179
-9560
-9879
-9453
-8306
-6458
-4408
-2444
-543
1600
3522
4601
5152
5148
4945
4123
2976
1606
429
-519
-1481
-2149
-2295
-1890
-1358
-633
313
1302
2346
3372
3962
4254
3979
3356
2399
1459
628
-239
-760
-801
-547
-572
-931
-1624
-2423
-3120
-3619
-3810
-3673
-3094
-1986
-702
433
1108
1280
921
461
-312
-1239
-2034
-2614
-2679
-2429
-2103
-1695
-1266
-689
19
524
621
395
207
42
76
-54
-142
26
230
642
1184
1557
1987
2433
2962
3324
3398
3419
3281
3441
3567
3546
3501
3463
3484
3447
3522
3711
4220
4971
5972
7237
8627
10015
10368
8863
5921
2401
-1319
-4961
-8290
-10384
-11221
-11316
-10527
-9085
-7163
-5192
-3097
-1121
814
2287
3039
3157
2919
2334
1156
-338
-1821
-3041
-3993
-4956
-5414
-5399
-5107
-4507
-3387
-1809
-288
1151
2260
3076
3153
2594
1638
629
-336
-1083
-1440
-1561
-1447
-1612
-1997
-2565
-3234
-4027
-4736
-5385
-5563
-5258
-4700
-3673
-2506
-1496
-843
-753
-1078
-1504
-2062
-2534
-2855
-2956
-2939
-2676
-2286
-1900
-1542
-1307
-1021
-730
-496
-378
-423
-512
-445
-481
-516
-445
-295
-64
526
1191
2004
2844
3501
4200
4486
4622
4567
4357
3867
3248
2874
2625
2492
2693
3096
3813
4841
5795
6762
7840
8954
9123
7770
5199
2206
-788
-3780
-6589
-8561
-9581
-9794
-9207
-7937
-6327
-4477
-2478
-587
1191
2431
3159
3314
3190
2639
1608
55
-1565
-2932
-3904
-4510
-4719
-4397
-3724
-2926
-1894
-660
586
1878
2766
3367
3495
3029
2133
1238
515
-295
-953
-1461
-1902
-2223
-2496
-2971
-3530
-4225
-4818
-5132
-5006
-4409
-3541
-2453
-1293
-368
92
78
-234
-887
-1712
-2401
-2916
-3073
-2803
-2343
-1735
-1165
-870
-593
-554
-526
-505
-627
-640
-686
-792
-953
-1022
-926
-685
-422
-149
284
948
1791
2645
3493
4299
4811
4843
4660
4120
3371
2656
2138
1916
1829
2116
2729
3804
5055
6433
7968
9574
10769
10490
8765
6108
3254
194
-2814
-5203
-6579
-7107
-7010
-6347
-5056
-3404
-1600
222
1961
3638
4805
5466
5693
5434
4492
3127
1558
105
-1231
-2354
-3015
-3071
-2593
-1836
-763
597
2142
3769
5093
5838
5985
5557
4825
3890
2823
1696
696
110
-160
-414
-738
-1016
-1291
-1629
-1721
-1731
-1675
-1444
-915
-64
613
1121
1238
967
285
-515
-1512
-2368
-2735
-2878
-2697
-2189
-1521
-918
-213
306
440
366
184
48
-132
-244
-607
-834
-775
-854
-771
-1028
-1133
-1091
-748
-32
849
1860
2891
3885
4511
4845
4753
4143
3375
2503
1614
950
556
804
1514
2787
4194
5750
7450
8858
9087
7488
4724
1560
-1901
-5481
-8447
-10447
-11362
-11419
-10725
-9518
-7807
-6036
-4020
-2324
-883
100
485
673
677
51
-1068
-2464
-3643
-4557
-5375
-5923
-6163
-5940
-5358
-4337
-3162
-1657
-247
1131
2295
2934
2887
2395
1553
639
-286
-1370
-2385
-3087
-3585
-3978
-4108
-4172
-4238
-4180
-4184
-3965
-3500
-2752
-1794
-940
-213
-104
-319
-958
-1760
-2617
-3457
-4086
-4377
-4192
-3602
-2569
-1455
-481
456
1068
1308
1312
905
440
-63
-498
-1011
-1254
-1345
-1287
-959
-568
-69
570
1143
1748
2442
3228
3983
4651
5218
5506
5453
4989
4189
3457
2858
2556
2776
3368
4514
6013
7652
9112
9759
9351
7811
5361
2499
-474
-3265
-5386
-6680
-7267
-7182
-6595
-5318
-3741
-2091
-520
935
1947
2661
2846
2815
2411
1491
364
-848
-1824
-2780
-3422
-3869
-3785
-3459
-2836
-2004
-637
1063
2492
3783
4680
5039
4797
4163
3271
2198
959
-55
-752
-1194
-1515
-1866
-2177
-2413
-2473
-2468
-2269
-1922
-1274
-392
417
1085
1262
992
363
-614
-1606
-2614
-3479
-3935
-3993
-3635
-2805
-1650
-308
995
1989
2466
2490
2105
1734
1094
480
34
-487
-774
-763
-484
25
991
2001
2880
3598
4191
4673
5117
5467
5760
5850
5705
5525
5146
4749
4419
4283
4523
5020
5845
6806
7718
7969
7328
5893
3920
1667
-890
-3145
-4664
-5491
-5818
-5802
-5330
-4455
-3581
-2566
-1480
-363
702
1392
1726
1756
1375
622
-307
-1466
-2685
-3924
-4826
-5351
-5484
-5112
-4392
-3224
-1583
44
1249
2030
2579
2870
2609
2018
1349
550
-33
-700
-1301
-1808
-2316
-2677
-2981
-3204
-3659
-3987
-4150
-3973
-3461
-2733
-1892
-1165
-693
-739
-1139
-1751
-2536
-3364
-3707
-3841
-3806
-3518
-3245
-2637
-1940
-1224
-652
-358
-185
-240
-450
-650
-964
-1144
-1201
-1364
-1322
-1243
-819
-284
506
1293
1866
2582
3065
3576
3849
3909
3972
4058
4260
4229
4162
4150
4430
4960
5647
6387
6894
6700
5662
4178
2192
179
-1642
-3170
-4031
-4630
-4869
-4851
-4590
-4116
-3581
-3074
-2558
-1712
-1150
-781
-680
-841
-1294
-2006
-2816
-3818
-4591
-5190
-5573
-5678
-5573
-5190
-4517
-3612
-2785
-1941
-1137
-483
145
351
255
54
-71
-13
7
53
115
63
-76
-487
-938
-1505
-2133
-2694
-3111
-3109
-3011
-2642
-2396
-2145
-2106
-2158
-2315
-2485
-2677
-2753
-2523
-2156
-1779
-1428
-1059
-901
-1011
-1242
-1594
-2007
-2164
-1981
-1591
-1058
-435
51
455
1009
1386
1583
1787
1844
1997
2327
2616
3123
3616
4184
4634
4943
5151
5079
5030
5144
5459
6030
6822
7692
8301
8438
7718
6170
4272
2252
222
-1319
-2115
-2473
-2447
-2205
-1822
-1226
-512
57
575
988
1123
1180
1013
1007
1012
790
365
-279
-1053
-1868
-2591
-3062
-3211
-3018
-2429
-1551
-560
561
1571
2243
2619
2546
2025
1349
815
342
58
249
856
1483
2216
2686
2932
2921
2644
2083
1240
302
-593
-1229
-1654
-1859
-2122
-2068
-1862
-1591
-1396
-1391
-1469
-1495
-1328
-1051
-687
-336
-17
245
470
437
367
-43
-399
-635
-792
-594
-113
733
1706
2783
3819
4595
5187
5560
5472
5351
5117
4964
5149
5501
6012
6706
7473
8353
9052
9521
9047
7596
5462
3281
1321
-456
-1788
-2567
-2535
-2151
-1553
-960
-345
151
405
541
796
909
1020
931
626
-24
-1068
-2094
-3205
-4219
-4792
-5129
-5016
-4475
-3736
-2770
-2011
-1117
-460
-131
-126
-390
-885
-1549
-2210
-2772
-3015
-2992
-2891
-2578
-2276
-2034
-2015
-2028
-2050
-2141
-2041
-1725
-1370
-994
-712
-537
-476
-819
-1387
-1852
-2504
-3059
-3412
-3520
-3166
-2610
-1900
-1237
-731
-573
-400
-717
-1097
-1318
-1809
-2062
-2319
-2341
-2054
-1699
-1127
-594
-53
321
986
1602
2206
2894
3426
4084
4694
5195
5828
6446
6896
7216
7332
7282
6568
5260
3670
2005
420
-929
-2007
-2468
-2376
-2078
-1581
-921
-353
203
887
1420
2113
2452
2633
2529
1991
1138
-59
-1318
-2426
-3274
-3814
-3982
-3959
-3568
-3050
-2391
-1668
-856
-191
456
931
969
729
182
-543
-1495
-2255
-2923
-3579
-3863
-3993
-4045
-3962
-3734
-3332
-2983
-2602
-2290
-1924
-1583
-1383
-1420
-1616
-1769
-2013
-2208
-2295
-2347
-2184
-1751
-1464
-1117
-763
-387
73
452
759
870
736
528
310
41
-240
-333
-450
-580
-717
-838
-835
-685
-229
291
979
1863
2779
3741
4380
4799
5122
5404
5486
5500
5261
4570
3476
1922
602
-748
-1983
-2764
-3201
-3173
-2809
-2422
-1889
-1098
-129
985
2002
2746
3177
3144
2817
2129
1054
-176
-1506
-2573
-3450
-3889
-4006
-3607
-2954
-2109
-1332
-409
405
916
1525
1717
1559
1093
389
-197
-790
-1240
-1640
-2005
-2020
-2026
-2136
-2026
-1824
-1639
-1525
-1595
-1924
-2199
-2444
-2489
-2329
-2240
-2183
-2251
-2118
-1908
-1558
-1210
-995
-915
-1090
-1366
-1619
-1827
-1852
-1745
-1627
-1300
-1116
-888
-526
-147
274
630
919
1190
1591
1921
2345
2804
2958
3039
3034
3044
3040
3280
3648
4037
4521
4639
4573
3899
2808
1501
-24
-1494
-2667
-3489
-3868
-3835
-3525
-2878
-1979
-1046
-54
883
1811
2440
2832
2925
2632
1899
1038
-71
-1261
-2256
-2872
-3111
-3144
-2982
-2524
-1858
-1034
77
1079
1865
2124
2163
1834
1509
958
190
-461
-998
-1339
-1533
-1527
-1384
-1190
-1041
-1084
-1399
-1771
-2180
-2514
-2565
-2504
-2508
-2307
-2371
-2344
-2382
-2764
-3084
-3350
-3256
-2882
-2294
-1474
-753
-182
224
313
127
-138
-400
-643
-637
-556
-394
-131
230
456
815
1331
1910
2541
3193
3704
4198
4618
4988
5573
6237
6559
6564
6022
4990
3629
2092
554
-973
-2141
-3062
-3480
-3540
-3211
-2560
-1825
-966
-95
552
1074
1412
1649
1683
1412
890
55
-1053
-2116
-3035
-3715
-4026
-4057
-3839
-3430
-2624
-1735
-778
297
1223
1894
2280
2428
2257
1996
1670
1135
780
416
139
-80
-49
186
-52
-312
-612
-1053
-1280
-1407
-1356
-1270
-1122
-906
-737
-681
-751
-859
-1071
-1108
-1010
-906
-718
-652
-424
-477
-626
-773
-819
-646
-429
-177
137
304
409
617
655
777
987
1195
1300
1411
1661
1848
2172
2525
2958
3548
4348
5119
5597
5696
5156
4288
2975
1708
562
-334
-1011
-1134
-1107
-986
-648
-239
247
751
1360
1773
2116
2361
2414
2307
2004
1448
931
288
-416
-1026
-1490
-1881
-1953
-1919
-1832
-1538
-1251
-877
-540
-235
-36
-91
-94
-99
21
115
386
752
1179
1601
1819
1854
1520
1146
765
402
84
-12
-87
61
360
556
672
645
417
338
226
285
320
362
469
727
1203
1420
1646
1979
2137
1998
1936
1830
1599
1406
1181
1088
1288
1542
1784
2219
2675
3133
3596
4145
4742
5290
5975
6456
6876
7259
7235
6766
5903
4738
3303
1890
569
-343
-965
-1164
-967
-423
133
691
1205
1576
2105
2418
2722
2844
2705
2356
1724
913
160
-867
-1580
-2357
-2786
-2804
-2563
-2056
-1729
-1259
-1062
-690
-320
-167
-1
60
-29
-207
-426
-666
-864
-1060
-1204
-1208
-1326
-1282
-1397
-1536
-1494
-1380
-950
-561
-40
362
475
369
266
37
-328
-606
-841
-1114
-1292
-1482
-1825
-2045
-2234
-2361
-2231
-1865
-1380
-800
-158
493
1110
1380
1542
1537
1356
1186
911
614
399
454
662
1055
1644
2254
2973
3710
4303
4692
4804
4730
4399
3966
3382
2552
1776
941
262
-257
-689
-977
-993
-822
-518
-178
233
587
641
570
476
184
-96
-449
-1040
-1513
-1923
-2277
-2385
-2415
-2448
-2476
-2549
-2519
-2402
-2106
-1668
-1316
-1006
-765
-552
-323
-142
-45
-57
-60
-328
-636
-1014
-1450
-1696
-1822
-1654
-1456
-1202
-970
-866
-685
-589
-674
-989
-1239
-1288
-1480
-1534
-1497
-1298
-1057
-834
-575
-535
-376
-294
-133
18
20
36
98
122
99
130
127
279
632
1071
1465
1790
2085
2563
3039
3497
3971
4098
4205
4062
3752
3376
2864
2283
1670
1106
567
44
-283
-432
-462
-198
51
114
151
85
11
119
257
405
608
467
123
-298
-923
-1457
-1926
-2375
-2901
-3142
-3306
-3144
-2795
-2188
-1658
-1266
-1113
-1205
-1360
-1528
-1604
-1697
-1635
-1475
-1223
-1018
-795
-698
-735
-873
-1061
-1115
-1294
-1629
-1753
-1854
-1957
-1954
-1798
-1576
-1487
-1404
-1373
-1281
-965
-800
-667
-427
-388
-360
-189
-57
161
332
399
398
321
211
3
-27
159
455
875
1251
1675
2016
2198
2464
2651
2817
3052
3152
3220
3104
2876
2590
2479
2498
2567
2682
2699
2824
2877
2867
2837
2940
2971
2881
2705
2399
2025
1938
1901
1996
2136
2143
2163
2025
1792
1627
1197
628
101
-475
-786
-991
-1115
-1093
-1005
-831
-576
-471
-499
-574
-692
-950
-1241
-1522
-1860
-2091
-2436
-2423
-2335
-2262
-2094
-1932
-1576
-1232
-870
-674
-566
-587
-630
-651
-630
-423
-217
-84
-1
72
159
226
428
514
456
487
477
374
339
411
504
616
634
695
642
528
482
453
636
714
758
738
508
610
511
617
820
937
1226
1410
1609
1734
1888
2137
2512
2703
2794
2718
2644
2647
2587
2570
2641
2470
2071
1704
1509
1482
1534
1665
1801
1957
2098
2340
2292
2116
1695
1166
759
433
288
2
-216
-342
-551
-791
-926
-964
-1131
-1332
-1593
-1888
-2001
-2134
-2020
-1983
-1964
-1817
-1513
-1273
-1136
-1066
-1287
-1421
-1570
-1642
-1644
-1793
-1899
-2059
-2154
-2112
-2146
-2156
-2060
-1960
-1804
-1580
-1460
-1378
-1237
-1159
-1034
-949
-817
-742
-744
-825
-834
-867
-853
-859
-913
-778
-809
-717
-700
-612
-553
-444
-400
-425
-482
-569
-540
-431
-451
-317
-173
-93
2
105
384
528
871
1052
1052
1081
976
893
736
607
375
202
140
49
-194
-372
-527
-625
-559
-561
-713
-799
-848
-949
-1068
-1205
-1145
-1063
-997
-1012
-974
-1178
-1260
-1387
-1675
-1847
-2108
-2386
-2743
-3001
-3177
-3264
-3216
-3254
-3137
-3222
-3313
-3236
-3091
-2946
-2760
-2539
-2342
-2026
-1751
-1552
-1433
-1319
-1307
-1294
-1418
-1557
-1534
-1459
-1341
-1304
-1277
-1324
-1214
-1024
-877
-790
-743
-670
-648
-519
-390
-286
-313
-288
-185
-59
42
234
349
373
485
565
724
760
873
997
964
907
891
808
932
988
1141
1276
1485
1753
2004
2167
2290
2171
1908
1761
1491
1354
1267
1238
1201
1150
1193
1068
841
709
521
327
188
85
57
129
200
109
52
-160
-547
-759
-1021
-1333
-1594
-1728
-1785
-1779
-1679
-1404
-1173
-1109
-918
-1009
-1041
-1287
-1380
-1324
-1182
-860
-704
-454
-415
-413
-501
-581
-692
-677
-693
-792
-739
-638
-595
-544
-488
-350
-241
-304
-242
-175
-85
143
126
167
198
140
216
408
432
405
433
315
188
225
312
266
202
221
185
69
-23
0
20
249
509
649
835
896
917
900
883
806
637
640
703
764
964
1164
1287
1351
1431
1528
1674
1619
1278
948
530
119
-196
-405
-449
-279
-191
-72
-23
-125
-249
-397
-532
-756
-917
-1144
-1383
-1479
-1612
-1583
-1548
-1534
-1559
-1712
-1839
-1929
-1926
-1907
-1768
-1619
-1464
-1250
-981
-797
-591
-484
-486
-564
-685
-814
-888
-1037
-1305
-1443
-1591
-1723
-1933
-2047
-2152
-2179
-2109
-2040
-1841
-1648
-1481
-1308
-1184
-948
-694
-520
-374
-366
-365
-350
-280
-233
-241
-192
-102
-73
127
326
582
731
819
725
697
660
658
690
538
312
47
-143
-405
-346
-350
-291
-126
52
170
102
87
51
-209
-386
-419
-459
-307
-79
153
254
333
316
245
141
29
-40
-289
-684
-1047
-1396
-1654
-1730
-1728
-1612
-1549
-1532
-1361
-1289
-1327
-1346
-1397
-1424
-1321
-1194
-944
-791
-757
-761
-817
-805
-914
-862
-761
-765
-609
-484
-442
-428
-371
-324
-240
-66
-15
206
284
61
-58
-171
-410
-417
-338
-388
-457
-618
-665
-760
-812
-799
-858
-828
-893
-861
-773
-719
-572
-422
-309
-140
-7
265
509
787
1011
1126
1208
1274
1235
1193
1184
1118
1112
997
945
1024
1022
931
865
890
1018
1195
1163
1121
908
776
754
768
803
835
764
551
344
101
-37
-13
127
293
478
479
367
94
-67
-253
-324
-326
-455
-475
-480
-404
-432
-253
-241
-307
-261
-130
156
225
313
317
177
77
171
248
360
477
412
359
136
-82
-238
-364
-513
-688
-767
-705
-658
-475
-163
152
361
491
583
543
625
674
766
699
549
570
600
686
705
801
791
860
935
936
998
873
738
597
412
244
136
90
165
210
427
589
816
1029
1139
1183
1000
790
625
640
778
934
1134
1192
1245
1174
1072
924
709
741
615
466
224
-7
-175
-275
-208
-225
-291
-324
-302
-275
-202
-124
-197
-237
-348
-391
-392
-352
-390
-383
-304
-299
-224
-186
-226
-173
-132
-214
-90
-40
38
110
124
70
-181
-388
-520
-527
-353
-143
54
217
240
392
389
333
307
209
176
130
225
184
237
210
158
214
193
270
331
279
356
481
628
835
1118
1474
1739
1862
1824
1628
1377
1026
789
731
697
630
549
549
534
384
305
316
231
167
248
384
551
750
932
1102
1324
1400
1458
1537
1442
1249
1036
826
642
455
359
402
436
526
602
587
614
564
561
387
192
136
39
59
84
88
110
33
-89
-180
-257
-282
-253
-309
-273
-297
-327
-277
-262
-204
-187
-155
-242
-363
-519
-605
-552
-395
-274
-6
155
180
311
430
525
689
850
993
1192
1407
1545
1539
1552
1450
1246
1122
1019
879
891
855
729
699
636
654
675
610
527
393
177
82
14
-33
-18
1
17
32
64
96
188
259
315
296
265
260
170
220
249
180
98
-71
-240
-419
-446
-516
-415
-333
-285
-227
-198
-197
-25
127
23
-5
-314
-388
-430
-503
-640
-820
-908
-983
-973
-1014
-860
-959
-902
-1029
-1065
-1214
-1276
-1342
-1301
-1119
-1097
-1056
-996
-1024
-1047
-1049
-1061
-1105
-1204
-1093
-1037
-950
-882
-960
-993
-953
-854
-884
-1068
-1058
-991
-808
-705
-548
-522
-535
-445
-546
-518
-310
-127
128
259
281
128
-127
-208
-301
-402
-441
-259
-157
-80
-53
-175
-197
-44
47
-7
-49
-232
-413
-507
-605
-649
-744
-649
-416
-345
-356
-521
-536
-598
-588
-428
-255
-96
8
13
46
133
198
335
333
265
51
6
-85
-323
-607
-714
-817
-956
-941
-883
-830
-898
-877
-864
-828
-797
-650
-489
-254
1
-69
-33
87
153
117
166
157
13
49
138
157
143
161
130
123
102
11
-116
-194
-140
-35
132
295
201
137
170
172
285
449
539
636
695
827
917
952
1033
887
826
691
644
759
768
985
1150
1279
1345
1278
1239
1156
1020
858
812
736
604
613
442
276
221
137
111
96
121
103
-124
-282
-458
-598
-511
-430
-444
-408
-449
-432
-449
-469
-326
-296
-324
-513
-620
-638
-584
-414
-353
-397
-525
-611
-570
-343
-189
-98
-26
-45
84
105
103
164
185
92
-22
-109
-88
-105
-147
-94
-84
34
168
221
302
302
383
345
326
417
487
783
927
900
779
493
183
-50
-194
-161
-7
348
637
689
824
951
961
1110
1234
1273
1327
1206
1085
925
784
740
723
761
754
757
692
726
858
1033
1135
1197
1267
1203
1096
970
896
740
776
798
695
662
541
458
405
398
327
238
230
49
-152
-203
-258
-187
-179
-132
-38
-48
37
130
268
443
433
282
7
-205
-259
-285
-312
-373
-227
-162
-73
-98
-149
-101
-99
-31
-84
6
146
186
284
358
435
385
376
339
237
147
121
177
184
56
74
114
25
90
185
213
388
452
529
688
857
1021
1170
1138
1013
894
854
788
691
688
617
587
566
746
850
887
779
622
428
49
-138
-269
-249
-347
-462
-544
-536
-555
-649
-616
-529
-522
-548
-454
-415
-332
-199
-141
-5
82
194
148
66
56
-45
-290
-534
-718
-810
-838
-737
-686
-639
-570
-583
-556
-522
-544
-575
-353
-255
-302
-397
-506
-694
-755
-782
-755
-775
-691
-592
-751
-852
-972
-1134
-1366
-1521
-1650
-1800
-1837
-1867
-1712
-1549
-1198
-1000
-971
-851
-750
-671
-794
-867
-935
-870
-744
-474
-406
-431
-357
-373
-391
-564
-582
-599
-568
-338
-181
-68
-42
-183
-366
-566
-870
-1031
-1007
-885
-766
-619
-448
-372
-177
-62
2
71
117
118
61
65
-72
-290
-291
-140
-171
-46
-70
-156
-177
-406
-302
-291
-220
-200
-248
-483
-788
-985
-1288
-1385
-1436
-1520
-1559
-1606
-1683
-1688
-1867
-2000
-2104
-2355
-2424
-2550
-2510
-2357
-2256
-2059
-1984
-1880
-1899
-2021
-1873
-1828
-1780
-1551
-1388
-1202
-895
-711
-510
-354
-478
-549
-614
-731
-877
-918
-979
-902
-896
-805
-535
-308
-110
-3
186
90
-7
92
209
305
238
197
228
80
-68
-141
-119
-96
-39
10
-69
-60
-83
103
169
276
250
230
292
400
592
715
899
900
857
689
574
405
269
127
84
187
201
324
463
507
477
483
491
500
464
435
234
198
144
86
130
219
307
163
44
-37
-32
33
135
76
144
132
208
312
412
599
558
546
533
390
355
344
332
343
222
125
-95
-369
-497
-648
-721
-608
-493
-415
-272
-31
261
461
438
475
550
647
768
931
946
905
829
769
812
868
994
1118
1234
1455
1390
1268
1213
1092
1075
1085
1034
896
697
557
384
276
158
-44
-145
-160
-33
-47
-116
-122
-45
-41
50
157
107
132
82
36
109
52
124
69
58
177
227
426
653
848
1124
1379
1409
1346
1293
1297
1208
1044
926
853
690
619
607
725
834
844
829
938
970
983
1022
1016
939
882
932
869
831
688
460
381
353
494
689
889
949
1069
1063
1036
929
815
790
622
544
444
433
354
406
586
863
981
1048
1259
1446
1400
1414
1292
1021
943
771
823
829
995
1102
1147
1173
1125
976
828
417
-49
24
-15
9
-6
3
-2
1
0
0
1
0
1
-1
1
-1
1
0
1
0
0
-1
0
1
0
0
0
0
0
-1
0
0
0
0
0
0
0
0
0
-1
0
0
0
0
0
0
0
0
0
0
1
0
1
0
0
1
0
0
1
0
0
1
0
0
1
0
0
0
0
0
0
0
0
0
0
0
1
0
0
-1
0
0
-1
0
-1
0
0
1
1
0
0
0
-1
0
0
0
0
0
0
1
0
0
-1
0
0
0
0
-1
0
1
0
0
0
0
0
-1
0
0
0
0
0
0
0
1
0
0
0
0
0
-1
0
0
0
0
0
1
0
0
0
0
0
0
0
1
0
0
0
0
0
1
-1
2
-1
1
-2
2
-3
3
-4
1
12
-12
55
31
0
-152
-306
-418
-355
-163
5
456
655
774
829
965
1025
1021
1041
974
1062
953
885
845
601
430
251
109
-7
-121
-45
-71
70
227
243
291
241
181
202
209
111
7
-26
-80
-22
185
503
680
859
884
947
994
1108
1142
1181
1337
1279
1304
1150
1047
887
706
584
424
247
95
-3
-112
-162
-199
-383
-584
-641
-642
-783
-774
-639
-564
-450
-395
-308
-376
-409
-448
-411
-344
-399
-226
-132
42
369
620
973
1139
1225
1231
1309
1380
1496
1636
1698
1665
1559
1337
1164
1007
821
691
613
715
853
1199
1304
1341
1387
1227
1058
927
922
924
1013
1037
1052
1139
1139
1108
1102
1008
1069
1219
1312
1383
1452
1489
1493
1389
1063
884
521
307
131
86
111
113
168
57
-6
42
29
325
543
692
812
963
1154
1161
1361
1333
1191
1118
927
793
644
392
344
153
110
93
267
387
612
877
983
1184
1323
1336
1241
1159
1080
929
879
756
755
927
970
1050
1072
1130
1194
1209
1165
1117
1132
1220
1427
1583
1746
1677
1488
1400
1321
1338
1473
1594
1769
1919
2013
2137
2130
2131
2127
2146
2068
1925
1751
1541
1381
1258
1242
1247
1112
993
878
816
782
878
1117
1142
1178
998
987
1149
1176
1372
1266
1068
940
699
476
171
-155
-308
-357
-302
-261
-362
-471
-703
-906
-993
-911
-766
-601
-433
-361
-204
-164
-12
90
132
302
421
431
499
353
216
214
-14
-195
-448
-565
-545
-613
-599
-663
-665
-856
-996
-1073
-1256
-1411
-1376
-1232
-1098
-799
-622
-509
-532
-585
-680
-842
-844
-693
-528
-362
-185
-129
-215
-395
-562
-849
-1047
-1108
-1268
-1353
-1287
-1389
-1246
-1190
-1315
-1352
-1468
-1575
-1752
-1584
-1436
-1432
-1240
-1067
-963
-821
-741
-502
-353
-148
-18
-6
142
19
-31
-31
138
218
324
429
478
517
395
335
284
167
129
194
147
143
183
199
195
211
116
-8
-143
-281
-466
-634
-613
-495
-418
-318
-150
-27
106
109
250
378
462
719
842
963
1103
961
761
720
700
737
866
1010
1127
1181
1260
1300
1176
1025
776
574
403
198
300
410
350
374
260
225
326
383
598
746
881
1100
1214
1225
1118
1070
1103
1134
1201
1132
1066
944
687
430
243
1
-65
-158
3
26
46
70
25
150
69
9
-94
-369
-617
-779
-981
-940
-822
-634
-567
-636
-774
-993
-1276
-1465
-1670
-1731
-1708
-1716
-1759
-1882
-2074
-2105
-2079
-2123
-2091
-2074
-1842
-1640
-1666
-1716
-1711
-1820
-1838
-1736
-1612
-1465
-1561
-1627
-1703
-1827
-1866
-1941
-1878
-1863
-1841
-1872
-1925
-2042
-2131
-2192
-2223
-2110
-2133
-1985
-1725
-1663
-1624
-1635
-1623
-1591
-1599
-1484
-1359
-1346
-1260
-1217
-1102
-998
-859
-633
-689
-676
-732
-780
-732
-685
-492
-322
-144
-48
-86
-33
-26
-44
-227
-256
-335
-432
-460
-498
-485
-541
-713
-792
-929
-964
-840
-664
-435
-260
-216
-303
-413
-549
-613
-741
-850
-928
-979
-888
-744
-841
-867
-934
-1040
-1081
-889
-731
-547
-328
-194
-118
-261
-428
-499
-499
-642
-607
-675
-819
-935
-1113
-1276
-1367
-1348
-1447
-1386
-1326
-1280
-1277
-1252
-1264
-1406
-1409
-1460
-1496
-1356
-1163
-1014
-838
-695
-502
-275
-101
36
87
155
187
149
53
-79
-239
-355
-381
-364
-247
-288
-306
-304
-379
-469
-512
-572
-676
-705
-712
-723
-722
-684
-639
-627
-571
-490
-340
-275
-133
22
150
209
245
298
373
496
501
593
629
781
783
585
532
551
509
350
251
265
112
-87
-202
-344
-432
-439
-354
-322
-227
-161
-154
-51
101
170
368
454
342
89
-143
-261
-212
24
283
482
646
780
882
902
817
842
632
497
404
400
469
554
682
879
1064
1272
1467
1472
1507
1519
1605
1718
1684
1555
1469
1375
1371
1367
1385
1398
1387
1568
1653
1761
1776
1587
1357
1046
880
847
1068
1318
1539
1780
1812
2008
2027
1880
1825
1730
1731
1663
1770
1991
2096
2145
2118
2125
1909
1781
1616
1474
1433
1384
1386
1451
1567
1620
1845
1935
2073
2078
1994
1888
1695
1426
1195
1041
802
704
605
499
514
416
363
304
285
210
155
95
80
148
129
35
-85
-29
-85
-124
-176
-262
-328
-298
-138
-112
-99
-63
34
101
281
356
326
386
588
520
385
166
-20
-200
-298
-176
-109
-81
-174
-257
-269
-295
-350
-432
-625
-794
-1030
-1204
-1297
-1350
-1336
-1323
-1451
-1536
-1453
-1544
-1609
-1581
-1449
-1356
-1217
-1042
-1056
-994
-1100
-1266
-1364
-1426
-1366
-1405
-1394
-1390
-1188
-1125
-1147
-1194
-1347
-1540
-1790
-1986
-2095
-2124
-2135
-2161
-2168
-2228
-2186
-2206
-2166
-2162
-2115
-2066
-2058
-1919
-1746
-1640
-1644
-1562
-1537
-1518
-1486
-1422
-1329
-1295
-1235
-1320
-1476
-1517
-1586
-1591
-1672
-1711
-1836
-1999
-2062
-2208
-2177
-2101
-2138
-2057
-2039
-2114
-1964
-1900
-1745
-1473
-1410
-1367
-1438
-1524
-1595
-1543
-1605
-1587
-1638
-1706
-1690
-1650
-1438
-1296
-1151
-1114
-1185
-1217
-1156
-1042
-963
-936
-985
-1003
-959
-884
-824
-703
-687
-726
-708
-841
-982
-1046
-1118
-1206
-1247
-1228
-1222
-1177
-1102
-1036
-873
-709
-566
-393
-289
-223
-168
-127
-214
-196
-34
32
58
94
16
-161
-362
-471
-489
-515
-437
-343
-278
-288
-289
-345
-418
-583
-653
-680
-735
-1023
-1144
-1188
-1137
-1033
-990
-994
-976
-884
-957
-1155
-1315
-1421
-1622
-1658
-1767
-1715
-1697
-1689
-1578
-1418
-1328
-1162
-1055
-948
-789
-881
-1005
-1217
-1197
-1161
-1075
-775
-641
-608
-573
-672
-777
-754
-851
-849
-842
-818
-825
-918
-795
-858
-714
-605
-535
-476
-608
-659
-825
-1001
-1194
-1466
-1713
-1916
-1981
-1872
-1837
-1788
-1871
-1970
-1977
-2130
-2307
-2480
-2533
-2683
-2748
-2533
-2350
-2285
-2252
-2169
-2169
-2207
-2297
-2372
-2350
-2159
-2044
-1897
-1782
-1825
-1777
-1765
-1655
-1531
-1494
-1365
-1258
-1194
-1020
-784
-651
-443
-358
-399
-486
-577
-833
-992
-1185
-1332
-1464
-1501
-1524
-1528
-1678
-1825
-1721
-1683
-1583
-1535
-1450
-1540
-1474
-1335
