1873
2385
2529
2705
2578
2471
2490
2431
2270
2200
1879
1861
1514
1178
901
838
1007
1575
1756
2197
1678
1325
740
224
35
29
1
-677
-961
-2331
-3024
-3225
-3381
-3410
-3171
-3602
-4343
-4653
-4150
-3946
-4173
-4060
-3793
-3931
-3814
-3691
-3720
-3148
-2626
-2201
-1977
-2297
-3085
-3049
-3039
-2669
-2363
-1710
-1532
-2041
-2473
-3060
-3151
-3029
-2687
-2673
-2693
-2683
-2873
-2928
-2933
-2796
-2921
-3216
-3033
-3024
-3205
-3504
-3627
-3586
-3178
-3160
-3330
-2947
-2693
-2287
-1994
-1427
-1022
-917
-1151
-925
-1006
-395
-237
-313
-429
-430
-313
-552
-306
-144
-152
157
577
262
310
332
440
1025
965
536
279
-321
-831
-1087
-1175
-959
-1276
-1353
-1784
-1946
-1912
-2577
-2417
-1316
-828
-983
-1026
-1191
-988
-561
-146
-271
-409
-336
-205
-215
91
305
167
-1
-422
-721
-1257
-1264
-1080
-797
-338
-452
-495
61
634
673
598
620
314
189
578
717
1294
1325
1054
1154
588
573
162
431
664
955
1254
1370
1676
1412
1254
1329
1555
1226
1446
1914
2299
2325
2240
1815
1706
1534
1593
1438
366
456
136
197
697
566
253
23
248
31
54
204
141
261
603
1027
1635
1560
1701
1366
1518
1574
1951
2364
2385
2510
2248
2390
2009
1927
2073
2521
2489
2790
2644
2629
2516
2495
2799
2727
2795
2586
2245
2345
2266
1911
2184
1927
2127
1722
1565
1901
1689
1650
1699
1822
1428
925
748
1021
1201
1396
1637
1384
1148
909
622
390
329
465
748
811
496
-33
-110
-160
-413
-198
224
560
983
1159
1127
1006
805
857
562
1092
1479
1244
876
792
402
-145
-1037
-1742
-1735
-1930
-1612
-1202
-1227
-1531
-1738
-2068
-1635
-1705
-1646
-1641
-1662
-1809
-2062
-2340
-3134
-3547
-3666
-3773
-3723
-3705
-3911
-3390
-3376
-3013
-2892
-2855
-2530
-2422
-2214
-1865
-2380
-2832
-2589
-2717
-2074
-1607
-1351
-1207
-1308
-1671
-1447
-1085
-682
-457
213
351
-106
745
847
1116
1415
1408
1698
1932
2098
1872
1308
540
180
-150
-840
-915
-1579
-1563
-1132
-1212
-778
-1268
-1089
-678
-504
-365
-744
-738
-801
-940
-1178
-1088
-1199
-863
-690
-1056
-524
-575
-455
-330
320
30
-626
-396
-313
-510
-954
-1228
-1793
-1969
-1859
-2187
-2143
-2203
-2383
-2044
-2205
-2396
-3152
-3908
-4018
-4696
-5032
-5163
-5525
-5596
-5676
-5337
-4718
-4563
-4372
-4800
-4631
-4464
-4506
-4228
-3933
-3919
-3700
-3469
-3113
-2572
-2293
-2293
-2675
-2693
-2752
-3412
-3418
-2918
-2419
-1529
-1190
-1001
-905
-1058
-526
226
126
155
399
541
168
37
-170
-410
-756
-717
-708
-1033
-1358
-1283
-998
-134
223
551
870
1141
1478
1437
1805
1812
2063
2222
2616
2572
2511
2747
3103
2982
2707
2835
2695
2718
2969
2829
2837
2933
2832
3006
3089
3434
2856
2528
2277
1668
1789
1247
881
1144
1347
1602
1911
2303
2616
2665
2784
3313
3817
3935
4399
4349
4064
4179
4234
4462
4483
4629
4803
5340
5567
5359
5090
4778
4606
4291
4081
3902
3270
2892
2408
1714
549
417
377
-161
-101
284
826
1739
2688
3097
3361
3631
4365
4190
4484
4664
4751
4831
4917
4772
4144
3763
3201
2915
2586
2201
1914
2019
2625
2640
2673
3324
3605
3670
4360
4688
4606
4634
4381
4032
3735
3379
3100
2517
2279
1797
1476
1405
1195
1100
1332
1221
1074
1064
597
91
-75
213
167
99
347
649
741
1005
438
103
-74
172
741
1076
1504
1438
1845
1912
1950
1945
2042
1765
1995
2186
2345
2426
1922
1632
1108
845
726
894
1511
1867
2581
2711
2846
2662
2543
2900
3388
3359
3681
4184
4289
4768
4808
5219
5049
4585
4108
3960
4048
4022
4070
3738
3599
2805
2659
2242
1629
1150
467
313
-244
-373
-590
-1236
-1504
-1561
-1274
-1123
-826
-1185
-1308
-1441
-1714
-2096
-1992
-2067
-2451
-2326
-2546
-2749
-2843
-2580
-2434
-2049
-1912
-1786
-1706
-1984
-2264
-2389
-2885
-3110
-3177
-3749
-4059
-4297
-4464
-4908
-5042
-5557
-5839
-5845
-5746
-5847
-5859
-5493
-5024
-4353
-3850
-2966
-3109
-2396
-2050
-1801
-1571
-1462
-921
-1091
-940
-838
-592
-667
-883
-813
-659
-941
-689
-407
-637
-896
-1229
-1221
-1498
-1826
-1600
-1049
-820
-485
-741
-890
-1086
-1194
-1187
-1256
-1032
-812
-362
-576
-580
-423
-191
-243
53
31
-674
-705
-1057
-1021
-1116
-1055
-865
-311
202
692
764
787
872
501
812
1110
1340
794
265
162
-729
-1242
-2114
-2542
-2307
-2900
-2545
-2355
-3040
-3132
-3096
-3038
-2297
-2262
-2417
-2394
-2261
-2595
-2469
-2809
-2643
-2417
-1979
-1644
-1615
-1131
-1517
-1513
-1029
-902
-279
51
450
977
885
889
614
411
7
-69
-343
-317
-761
-956
-1411
-1670
-1525
-1723
-1399
-1059
-796
-758
-659
-638
-958
-1107
-760
-641
-396
-184
-172
237
525
873
1313
1547
1089
1314
946
715
423
98
60
-384
-775
-1062
-595
-364
89
574
1390
2004
2576
2607
2872
3052
2562
2285
2159
2068
1911
1743
1498
1342
1201
1253
1403
1139
1602
1749
1447
1682
929
664
879
721
1346
1779
2100
2145
2608
2911
2605
2682
2641
2883
2850
3118
2764
2420
2180
2091
2374
2437
2498
2315
2615
2596
2458
2361
1949
1709
1690
1644
1583
1513
991
544
-176
-306
-357
-663
-717
-147
582
581
121
-260
-643
-1030
-1238
-1031
-1068
-1060
-898
-960
-1040
-814
-568
-347
-45
-346
-263
-570
-347
252
285
551
417
312
118
-653
-1214
-1854
-2101
-2288
-2261
-1579
-1539
-1525
-1662
-1659
-1812
-1697
-1214
-843
-571
-642
-332
-605
-815
-986
-1130
-800
-388
-294
-503
-917
-1266
-1890
-2372
-2402
-2439
-2480
-2530
-2586
-2292
-1955
-2109
-1697
-1672
-1536
-1846
-2373
-1970
-2337
-2365
-2176
-2194
-1712
-1692
-1425
-1623
-2004
-2390
-2590
-2535
-2564
-2414
-2401
-2564
-2910
-2873
-2984
-3140
-3322
-3678
-3504
-3454
-2853
-1886
-1598
-1209
-1204
-1297
-1123
-1026
-633
-544
145
302
802
588
185
-193
-520
-941
-1542
-1628
-1972
-1648
-1356
-1157
-1285
-1296
-1237
-836
-903
-1047
-789
-455
-626
-220
408
465
884
1016
1059
1258
1173
1214
1090
488
108
580
609
339
861
1334
1814
2303
2530
2485
2793
3356
3372
2806
2093
1593
779
-368
-919
-1611
-1796
-1747
-1682
-1443
-1516
-1781
-2190
-2464
-2562
-2869
-3393
-3637
-4093
-4251
-4340
-4579
-5249
-5757
-6071
-6667
-7053
-6935
-6600
-6560
-6651
-6049
-6072
-6169
-6432
-6448
-6156
-6037
-5672
-6198
-5951
-5920
-5114
-4331
-3546
-2741
-2503
-2321
-2396
-2588
-2495
-2111
-1879
-1514
-958
33
620
1169
1194
973
869
1076
1089
1201
1380
1241
999
618
223
-5
-324
-629
-257
-111
492
474
534
796
1168
1322
1464
1292
1212
1162
769
722
742
1115
1235
1923
2358
2044
1350
642
76
-227
-287
52
460
995
1351
1802
1909
1764
1488
798
1083
1136
1215
803
611
352
-720
-1532
-2407
-2481
-2480
-2354
-1722
-1646
-1059
-343
-350
-144
-313
-714
-779
-275
-548
-854
-1349
-1032
-1227
-1276
-1138
-1851
-2064
-3034
-3359
-3576
-3230
-2604
-2214
-1792
-857
-175
401
1052
1651
1917
2146
2213
2179
2095
1614
1273
656
347
234
730
1605
2227
2024
2021
2402
1977
1810
1842
1921
1658
1336
1400
1501
1829
2370
2735
2842
2697
2349
1821
1147
751
452
402
677
208
-303
-585
-1150
-1857
-2194
-2512
-2449
-2520
-2906
-3221
-3380
-3651
-3279
-3005
-3680
-3499
-3357
-3000
-2424
-2331
-2159
-1861
-1778
-1570
-1674
-1319
-963
-921
-1201
-1692
-1920
-1895
-1474
-877
-550
253
1076
846
1617
2535
3129
3600
3942
3753
3736
3380
2695
3081
3144
3094
2637
1868
1341
932
883
1072
1648
2342
2767
2685
3083
3377
2935
2379
2247
1987
1522
1312
567
404
632
649
521
920
1155
1112
781
483
317
-105
-83
-105
-594
-632
-511
-533
-306
7
21
191
-120
176
70
-71
-332
-1183
-1546
-1600
-1461
-1696
-1686
-1695
-2162
-2295
-2556
-3103
-3811
-3747
-3652
-3218
-3232
-3613
-3408
-2841
-1860
-1231
-743
-143
572
756
1183
1891
2549
3363
3632
3502
3534
3173
3202
3096
3691
4647
5114
5491
5088
4742
4824
5184
5522
5541
5700
6104
6428
6504
6842
6922
6465
6320
5799
5798
6073
5724
5231
4873
4935
4636
4585
4188
3315
3184
2954
2830
2196
1168
671
250
224
269
107
309
354
179
587
619
635
-20
-802
-1076
-815
-1089
-2173
-2867
-3415
-3229
-2934
-2593
-2372
-2496
-1969
-1759
-1775
-1813
-1860
-1295
-1022
-875
-845
-1515
-1498
-1779
-1587
-707
325
1343
2128
2597
3109
2922
2436
2523
2469
2651
2864
2619
1923
1665
1792
2277
3215
3610
3183
3512
3409
3052
3046
2885
2769
2502
2655
2657
2385
2671
2610
2725
3067
3194
3007
3066
3328
2519
2129
1545
1763
2033
1401
944
1205
1074
365
-44
-355
-443
-469
-598
-473
-983
-1192
-1213
-1355
-1391
-2099
-2485
-2881
-3395
-3553
-3491
-3472
-3227
-3229
-2844
-2873
-3195
-2002
-1546
-1651
-1555
-2134
-2259
-2354
-2350
-2651
-3087
-3071
-3003
-2416
-2088
-1339
-647
-36
-71
-186
180
663
1164
1120
838
568
661
1062
1484
1092
1047
825
955
478
-199
30
358
721
952
1422
1799
1343
862
248
-299
-630
-525
-529
-1121
-1109
-1370
-2281
-2871
-3265
-3122
-3280
-2833
-2476
-2644
-2227
-2582
-1851
-1262
-852
-292
-465
-556
-671
-692
-393
-141
306
412
467
71
101
320
358
546
805
1095
1025
1291
1154
982
869
757
456
880
930
1265
1492
1786
1711
1365
1094
1051
1474
1737
2205
2203
2623
3021
2983
3289
3324
3094
2300
1378
607
-222
-744
-967
-1113
-1048
-564
-61
-76
-126
-464
-1020
-1272
-1238
-916
-919
-315
102
75
44
-467
-712
-888
-1053
-1228
-1390
-1401
-1204
-842
-1167
-849
-824
-220
671
1062
1297
1616
2059
2400
2948
2867
3175
3110
3050
2467
1958
1045
1211
1344
1402
963
305
120
164
352
200
905
1297
1660
1102
1077
1148
1235
1071
1169
1237
1397
1250
1080
945
798
1180
1276
1206
1124
1549
2450
2815
2757
2439
2264
2437
2744
2738
2924
3802
4318
4579
4875
5295
5309
5771
5993
6141
6208
5602
4910
4656
4111
3444
3337
3385
3035
2513
2210
1567
1519
1246
1103
1621
1562
1112
1062
1088
1290
1263
739
429
292
104
-207
-785
-1424
-1583
-1693
-1674
-1616
-1483
-1006
-390
48
509
854
808
715
1077
1224
954
1296
847
498
101
-133
69
-94
176
358
603
581
582
871
1074
724
566
442
471
509
395
732
766
805
1224
1317
1172
992
789
406
312
-77
77
374
378
778
484
416
-152
-900
-1489
-2339
-2184
-2097
-2159
-2024
-2024
-2478
-2297
-1800
-1641
-1726
-1786
-1591
-1513
-1221
-797
-826
-586
-471
-868
-1357
-2011
-2790
-2931
-1795
-1490
-963
-677
-936
-1691
-1870
-2545
-2977
-3453
-3742
-3235
-3058
-3101
-3301
-3738
-3710
-3484
-3301
-3376
-3710
-3953
-4052
-3146
-3231
-2654
-2124
-1646
-1494
-1529
-1239
-1358
-1281
-1281
-1382
-981
-830
-988
-1605
-2149
-2473
-2507
-2195
-1864
-1127
-568
-329
-475
-496
-208
76
-178
-117
117
134
408
458
167
-825
-939
-1149
-1117
-1160
-1870
-2327
-3048
-2990
-3235
-3573
-3549
-3587
-3371
-2761
-2573
-2293
-2448
-2819
-2654
-2427
-2499
-2589
-2170
-2118
-1821
-1542
-1582
-1859
-2538
-2929
-3004
-2843
-2751
-2521
-3030
-3080
-2856
-2966
-2814
-2881
-2513
-2889
-2922
-2413
-2613
-2701
-3054
-3059
-2902
-2417
-2024
-1893
-1827
-2053
-1924
-1967
-1448
-1366
-1279
-1012
-470
15
176
-388
-688
-328
-19
408
44
187
124
357
566
165
338
595
707
562
1092
1266
992
982
1001
971
1019
1155
1449
1636
1437
1941
1965
1822
1889
2018
2022
1969
2098
1785
1984
2271
2356
2163
2075
1791
1382
1138
612
381
-214
-295
-178
-278
115
-226
-614
-497
-1181
-1172
-1666
-1570
-1614
-2183
-2718
-2994
-2239
-2375
-2078
-2525
-2919
-2931
-2903
-2277
-2303
-1904
-1302
-656
252
240
344
102
208
783
1428
1521
1591
1976
1903
1616
1477
1902
2201
2731
3099
3279
3722
3836
4036
4270
4222
4576
4192
4082
4800
4774
5061
4976
4741
4449
4081
3752
3167
2558
1833
1956
2417
2730
2831
3263
3705
4179
4582
4169
4029
3728
3567
4135
4509
4872
4512
3912
3889
3770
4197
4004
3708
4004
3729
3334
3242
2709
2238
1998
1755
1938
2105
2124
1724
1281
1527
1610
1751
1494
1694
1863
1357
1503
1507
982
219
-494
-949
-1470
-1882
-1970
-1510
-1442
-1302
-1148
-1361
-1453
-1667
-1242
-1084
-1084
-558
-755
-696
-322
-866
-926
-1073
-1491
-1544
-1879
-1934
-2295
-2758
-3092
-3270
-3590
-3570
-3344
-3167
-3015
-3031
-2978
-2237
-1312
-1412
-1845
-1762
-1618
-1931
-1849
-1663
-1802
-2034
-2029
-1897
-1565
-1419
-975
-303
91
349
158
-541
-488
-620
-1113
-1171
-750
-508
-818
-1267
-1494
-1758
-1958
-1977
-1969
-1253
-1431
-1187
-632
-150
220
29
-31
-161
-610
-633
-735
-888
-1258
-2038
-2156
-2708
-2857
-2701
-2493
-2166
-2215
-2057
-2342
-2922
-3255
-3312
-3320
-3316
-3169
-3123
-2855
-2674
-2661
-2657
-2914
-2998
-2929
-2861
-2988
-2891
-2793
-2509
-2454
-2485
-2613
-2774
-3235
-3166
-3067
-2746
-2410
-2274
-1965
-1860
-1941
-2027
-1894
-1744
-1839
-1652
-937
-529
212
496
996
1418
1517
1694
2000
2185
2170
2134
2502
2771
2519
2213
2187
1734
1488
1772
1728
1531
1957
1957
1355
1079
905
990
1175
1553
1870
2158
2059
2450
2163
2430
2325
1822
1943
1957
2269
2433
2539
2043
1738
1618
1027
594
64
-176
-531
-896
-845
-703
-368
-674
-964
-1287
-1540
-2032
-2940
-3921
-4414
-4826
-4999
-5207
-4905
-4451
-4150
-3610
-3599
-3468
-2884
-2877
-2620
-2383
-2577
-2695
-2803
-3103
-3312
-3781
-3925
-3786
-3833
-3902
-4662
-4187
-3644
-3006
-2543
-2144
-1461
-1338
-1036
-618
-1027
-698
-262
212
441
600
1138
891
1270
1185
1433
1903
2046
2482
2862
3048
3271
3327
3967
4563
5328
5590
5383
5580
5331
5545
5840
5852
5718
5006
4389
3821
3463
2681
2202
1629
1756
1816
1836
1731
1474
1250
493
254
-551
-461
-498
-782
-971
-1443
-2018
-2850
-3490
-3726
-3801
-4387
-4922
-5260
-5525
-5681
-6128
-6740
-6872
-6589
-6548
-6153
-5823
-5963
-5383
-5192
-4916
-4179
-3862
-3272
-3303
-2867
-2313
-2180
-1735
-1382
-1421
-1073
-580
-238
280
308
687
1140
1809
2086
2151
2674
3184
3667
3974
4177
4597
4550
4948
5268
5308
5622
5606
5442
5314
5054
4733
4421
4031
4097
3807
3514
3485
2983
2520
1777
982
517
-51
83
-20
-237
-153
-329
-580
-626
-912
-1097
-1381
-1924
-1511
-1742
-2154
-1756
-1803
-1719
-1785
-2138
-2129
-2181
-1872
-2106
-2433
-2484
-2298
-1888
-1391
-1165
-1366
-1658
-2018
-1788
-1628
-2137
-2406
-2379
-3049
-2624
-2404
-2319
-2221
-2370
-2151
-1763
-1481
-1228
-647
-91
318
713
1004
1557
1559
1438
1151
469
312
-388
-332
553
537
370
348
542
989
914
1237
1206
729
952
1279
2106
2340
2298
2469
2351
2822
2526
2027
1392
969
932
895
908
1123
871
1068
1048
1010
477
-326
-967
-1067
-809
-885
-919
-1415
-1474
-2047
-2651
-2865
-3025
-3033
-3538
-3765
-4297
-5161
-5696
-6303
-6532
-6695
-6631
-6593
-6044
-5527
-5552
-5406
-5700
-5687
-4716
-3974
-3487
-2783
-2375
-1597
-789
-457
-185
357
482
1052
1348
1317
1344
979
1120
1308
1299
1671
2204
2585
2999
3447
4139
4369
4337
4380
4498
4669
5048
5338
5201
4763
4894
5183
4870
5361
5561
5346
5083
5131
5293
5533
6071
6274
5992
6201
6370
6167
5722
5135
4525
4052
3395
3021
2387
2187
2144
1995
2078
1833
1649
1758
1943
1942
1852
1565
1831
1800
1801
1843
1812
1577
1364
1260
1698
2019
2246
2153
2362
2695
2547
2835
2949
2884
2491
2153
2264
1830
1683
2130
2472
2261
2207
2496
2704
2611
2296
2504
2750
2985
3086
3264
3271
2902
2511
1650
1170
507
187
-622
-1232
-1797
-2496
-2931
-3427
-3624
-4249
-3839
-4406
-5034
-5140
-5264
-5086
-5584
-6470
-6655
-7162
-7207
-7211
-7818
-7926
-7826
-7252
-6866
-6788
-7032
-7114
-6642
-6274
-5633
-5739
-5392
-5212
-5460
-5820
-6075
-5887
-5437
-5106
-4536
-4110
-4396
-3638
-3078
-2493
-1675
-1396
-917
-414
493
1409
1827
2056
2902
4016
4822
5649
5843
5676
6141
6946
7270
7577
8016
8078
8164
7809
7640
7780
8110
8156
8007
7762
7304
6593
6124
5612
5296
5300
4424
4270
4251
3962
4016
3558
3204
3157
2752
2484
2116
1596
1379
1411
1240
1155
728
-254
-916
-1313
-1397
-1515
-977
-1427
-1715
-1832
-2299
-2113
-2505
-2619
-2761
-3442
-3951
-4377
-4637
-4729
-4830
-4846
-5267
-4989
-5484
-5960
-6162
-5904
-5203
-4661
-3906
-3785
-3982
-4011
-3741
-3417
-3116
-3010
-2686
-2711
-2521
-2187
-1895
-1301
-1032
-485
95
1142
1450
1705
1925
2120
2514
2328
2198
2132
2209
2068
2202
2259
2425
2830
2940
3323
3589
3681
3897
4096
3892
3802
3922
3988
3802
3426
2740
2395
2059
1869
2183
2149
2832
2892
3164
2534
2245
2188
2204
2248
1209
1161
1065
1056
928
642
67
-923
-2344
-3028
-3002
-3082
-3431
-3545
-3504
-2795
-2368
-2046
-1865
-2021
-1936
-1558
-1105
-817
-606
-219
46
92
55
76
-100
-39
635
1352
1904
2664
3224
3505
3749
4421
4599
4689
4935
5223
5888
5985
6218
6362
6513
6670
6671
6353
6134
6127
6045
5469
5189
5365
5061
4714
4182
4234
3993
3768
3351
2991
2514
2731
2887
2369
2240
1550
946
262
225
198
-218
-596
-415
-1153
-1603
-1674
-2226
-2553
-2992
-3264
-3232
-3446
-3952
-3941
-4061
-3580
-3496
-3240
-3408
-3959
-3992
-4245
-4380
-4087
-4087
-3806
-3026
-3065
-2709
-2606
-2514
-2188
-1889
-1449
-1146
-538
-202
-118
-498
-533
-468
-467
-742
-467
-52
56
445
636
683
1185
1571
1131
1174
1300
1770
2031
2054
2125
1710
1759
2206
2391
2256
1739
1873
1909
1918
2205
2368
2525
2495
2365
2112
2108
2250
2025
2039
1961
2218
2369
2433
1679
1123
605
-275
-1048
-1487
-1939
-2195
-2796
-3355
-3149
-2778
-2263
-2630
-2992
-3624
-4359
-4450
-4440
-4763
-4790
-5198
-5794
-6215
-6300
-6221
-6335
-6371
-6263
-6032
-5201
-4661
-4596
-4442
-4480
-4624
-4773
-4871
-4493
-3785
-3845
-3878
-3680
-3488
-3553
-3324
-3123
-2937
-2415
-2468
-2232
-1685
-1176
-585
361
959
1125
1561
1651
1786
1941
2176
2129
2419
2745
2870
3190
2943
3050
3138
3300
3334
2924
3318
3473
3260
3334
3423
3310
2923
2471
1781
883
491
207
-369
-579
-929
-901
-617
-1328
-1215
-1604
-1820
-1962
-2584
-2382
-2166
-1961
-1996
-2332
-2403
-2833
-2711
-2794
-3029
-2670
-3037
-3232
-3291
-3454
-3692
-3551
-3555
-3416
-2922
-2445
-1978
-1422
-1245
-795
-739
-811
-421
177
149
973
1362
1342
1854
2037
3127
3322
3766
4373
4774
4920
5341
5535
5738
6181
6264
6230
6074
6138
5798
5989
5525
5475
5566
5338
5332
5055
4830
4083
3753
3484
2918
2574
2612
2648
2820
2765
2600
2213
1926
1686
1403
1112
212
-862
-2356
-3182
-3823
-4282
-5036
-5733
-5522
-5713
-5594
-5808
-5613
-5334
-4985
-4253
-3854
-4013
-3538
-3142
-2842
-2567
-3025
-3048
-3747
-3718
-3413
-3457
-3107
-2423
-2072
-1791
-1570
-1485
-1140
-820
-137
659
1694
2708
2762
2846
2944
3097
3377
3784
4176
4365
4257
4405
4522
4785
4965
4764
5082
5393
5445
5711
5860
6040
6171
6670
6521
6356
6119
5363
5092
4515
3817
3470
3150
3283
3168
3127
2908
2292
2107
1870
1730
1390
1334
889
456
-198
-613
-862
-1080
-815
-915
-572
-421
-577
-1144
-1717
-1689
-1433
-1615
-1231
-988
-1418
-1512
-1466
-1445
-1217
-1470
-1963
-2233
-2145
-2407
-2618
-2881
-2908
-3103
-3068
-2672
-2166
-1747
-1627
-1623
-1623
-1207
-1262
-1562
-1607
-1600
-2128
-2039
-1645
-1292
-696
-570
-688
-680
-634
-253
683
972
1342
1401
1453
1661
1542
1197
942
456
288
490
669
269
-189
-593
-831
-1318
-2218
-2032
-2285
-2919
-3297
-3369
-3189
-3076
-3428
-3670
-3612
-3716
-3518
-3670
-3879
-3937
-4124
-4059
-3698
-4015
-3974
-4208
-4292
-4082
-4408
-4432
-4751
-5103
-5420
-5480
-5559
-5934
-6063
-6229
-6130
-5894
-5609
-5452
-5206
-4873
-4692
-4553
-4434
-4421
-3737
-3353
-3296
-2727
-2473
-2233
-2218
-2108
-1857
-1097
-419
86
897
1401
1686
1784
1852
2170
2196
2508
2685
2931
2727
2998
3096
2435
2333
2572
2585
2433
1897
1173
584
585
318
167
454
179
457
673
421
-192
-486
-1018
-1463
-2026
-2111
-2606
-3091
-3399
-3635
-3892
-4366
-4460
-4462
-4171
-4347
-4152
-4839
-5376
-5910
-6320
-6402
-6506
-6554
-6437
-6109
-5581
-5184
-4660
-4527
-4227
-4060
-3883
-3182
-2744
-1942
-1632
-1229
-933
-1285
-1232
-1026
-1282
-762
142
761
1541
2384
2695
2562
2725
2772
2718
2935
3000
3185
3252
3681
3720
3929
3598
3906
3907
3464
3219
2777
2203
2010
2220
2214
2154
1282
954
1094
793
630
518
525
441
-78
-311
-657
-1296
-1848
-2163
-2140
-2125
-1824
-1677
-1790
-2232
-2288
-2516
-2445
-2035
-2008
-1717
-1178
-984
-865
-702
-704
-472
-343
-575
-421
-520
-585
-877
-943
-592
-588
-139
-239
-330
422
250
532
1452
1406
2058
2607
2902
2893
2350
2287
2092
1459
1345
1397
1595
1784
2885
3443
3701
3796
3512
3792
4038
4251
4212
4330
4455
4312
4708
5307
5416
5499
5597
5447
5427
5230
4869
4494
3740
3495
3319
2643
2437
2372
2125
2084
1990
1706
1531
1612
860
731
181
-1139
-1807
-2131
-2799
-3604
-3930
-4172
-4551
-4621
-4710
-5106
-5075
-5188
-5336
-5635
-5284
-5662
-5738
-5199
-4844
-4427
-4070
-3730
-3820
-3637
-3685
-3333
-3310
-3519
-3488
-3181
-2494
-2076
-1745
-1856
-1979
-1845
-1916
-1411
-984
-782
-490
-187
334
405
607
565
914
1041
1212
1315
1516
1578
1895
2167
2368
1945
1839
1677
1481
1485
1182
1276
1364
1751
1357
1086
913
654
383
-79
-425
-493
-316
-429
-859
-1078
-1295
-1258
-1320
-1567
-1680
-1991
-1773
-1449
-1769
-1428
-1606
-1520
-1160
-825
-809
-725
-840
-862
-201
292
337
196
99
-118
-292
-992
-1352
-1420
-1890
-1543
-1157
-769
-377
-718
-1058
-1317
-1397
-1510
-1882
-2042
-2002
-1858
-1789
-1618
-1066
-1023
-562
-462
31
734
1263
1633
1742
2259
1767
1642
1340
1254
734
917
992
719
887
1168
1672
1761
2152
2050
1893
1800
1933
1528
1557
1598
1572
1950
2031
2077
2151
2007
1351
882
847
127
370
408
-44
-202
-592
-829
-1261
-1118
-1300
-1100
-692
-481
-52
-612
-513
-1077
-1509
-1501
-1947
-1394
-1309
-1195
-775
-236
271
754
1584
2027
2087
2294
2076
1891
2054
2389
2688
2920
2613
2506
2163
1969
1877
1551
1310
788
642
686
893
1082
1417
1274
1297
1430
1484
1934
2266
2257
2395
2661
2792
2864
2814
2778
3065
2879
2548
2430
2111
1825
1462
1632
1372
924
600
136
-633
-1035
-870
-835
-390
-711
-640
-391
-427
-59
-227
-199
337
726
535
1129
1643
2192
2337
2469
2227
2397
2039
2009
2194
1765
1919
1748
2275
2240
2609
3076
3118
3474
3475
3436
3696
3480
3768
3642
3261
3379
3215
2764
2544
1964
2221
2397
2260
2439
3116
3133
3303
3273
2913
3154
3221
3398
3837
4434
4729
5268
5256
5202
5137
4626
4453
3827
3506
3397
2899
2319
1758
1678
1671
1247
1531
1130
1007
825
638
484
246
392
649
343
-220
-361
-838
-910
-664
-638
-920
-754
-1217
-1352
-1412
-1520
-1807
-2312
-2257
-1671
-1629
-1468
-1289
-1043
73
398
436
725
987
853
1088
1052
1299
1564
1562
1578
1801
1621
1254
1157
987
756
693
925
995
1380
1373
1026
1208
1019
853
743
920
1149
1077
1067
1132
640
529
681
607
475
-254
-644
-681
-933
-1138
-1239
-1179
-1402
-1668
-1948
-1623
-1272
-1348
-1382
-1776
-2361
-3035
-3916
-4257
-4001
-3392
-2856
-2658
-1754
-901
136
667
1311
1421
1352
1413
965
887
422
-877
-2303
-4062
-5793
-7829
-9100
-9615
-9618
-9501
-9305
-9120
-8540
-7963
-7186
-5963
-4928
-3316
-1913
-365
947
2253
3452
4884
6152
7670
8913
10015
10731
11246
11282
10808
10118
9378
8249
7596
7007
5572
4239
2408
1031
-902
-2505
-3848
-4628
-5115
-5417
-5481
-4618
-3148
-1383
662
2665
5097
6785
8664
10086
11406
12312
13113
13471
13449
13300
12941
12500
11903
10723
9621
8456
7291
5594
3753
2347
270
-1598
-3853
-5598
-6646
-7467
-7526
-7224
-6670
-6060
-5340
-4943
-4434
-3307
-2498
-1566
-887
-954
-658
-556
-656
-417
110
494
275
59
257
633
-32
-335
-946
-1574
-2347
-3149
-3158
-3106
-2891
-2158
-1645
-1931
-1670
-1516
-1471
-1681
-1460
-1394
-1828
-2279
-2398
-2548
-2325
-1854
-1942
-1539
-704
-532
-365
120
983
1690
2128
2508
2872
3022
3335
4070
3842
4123
4603
4360
4619
4497
4570
3841
3140
2555
1892
1823
1334
1072
809
908
873
603
813
536
471
735
890
1134
448
502
1209
1847
2262
2659
3430
4027
4042
4351
3800
3384
3039
1894
1279
-58
-1297
-2069
-2970
-3911
-4969
-6239
-6592
-7611
-7857
-8098
-7912
-8526
-8483
-8273
-8007
-6925
-5946
-5169
-4955
-4124
-3646
-2759
-2113
-1242
-539
192
872
1468
1910
1817
2097
1909
2212
2355
1840
1799
1630
1185
592
362
-248
-332
-481
-723
-1070
-1483
-1749
-2135
-2205
-2141
-1998
-1728
-901
-898
-520
-953
-1210
-1178
-1279
-1294
-1331
-1620
-2261
-2394
-2500
-2861
-3373
-4023
-4293
-4136
-4407
-4764
-5014
-5693
-6548
-7043
-6387
-5908
-6401
-7088
-7116
-6264
-5931
-5466
-5462
-4948
-4529
-4290
-3406
-2913
-2526
-2501
-2289
-1664
-1144
-639
-23
-45
55
318
450
334
221
59
81
-183
-643
-897
-847
-701
-525
66
486
698
464
574
1305
1813
1578
1299
1195
1770
1886
2126
2421
2440
2653
2289
2337
2461
2713
2722
2722
2726
2152
1263
1478
1827
1774
1561
1238
787
367
-28
-848
-1647
-2341
-3170
-4192
-5025
-5286
-5407
-6161
-6512
-6069
-5962
-6519
-6816
-6250
-5393
-5398
-5028
-4307
-3454
-3383
-2803
-1980
-1135
-1436
-1614
-842
787
2219
2894
1949
1322
2480
3747
5045
5425
5689
4294
2695
3511
5878
7016
5222
3388
2692
2281
2987
3009
2524
1653
452
-1084
-998
141
372
-797
-1675
-1527
-849
-158
16
319
43
35
192
651
1092
1763
1857
1787
1627
2499
2570
2771
3374
3510
4156
4386
4512
4614
4574
4201
3782
3450
2434
1275
23
-1083
-1767
-2031
-3032
-3902
-5291
-6098
-7110
-7835
-8055
-8947
-9590
-10486
-10360
-9985
-9313
-9067
-9287
-9158
-8533
-7557
-6436
-5405
-4845
-3743
-2493
-1427
-50
1557
1780
2284
3148
4598
5178
5587
5974
5493
5776
6034
6585
7004
7275
7287
6353
5897
5010
4275
3630
2388
1674
786
-99
-615
-1413
-1775
-1783
-2016
-3025
-3102
-4445
-5229
-5857
-6080
-6186
-7687
-9432
-10502
-9305
-8846
-9231
-8638
-8958
-10241
-11345
-9536
-7731
-7670
-8529
-10039
-9596
-8495
-6821
-5932
-5563
-6468
-6501
-5895
-4350
-3479
-2996
-2208
-1748
-2410
-4255
-3814
-2303
-2161
-1763
-1062
-1628
-4034
-3667
-52
2089
1517
166
-654
-799
147
1768
3017
2605
1974
1138
937
2243
3183
3479
2946
3030
3009
2666
3846
5181
5575
5234
5489
5433
5675
6663
8067
8212
8296
8460
8033
8243
8292
8288
8265
7719
6414
5508
4812
4738
4698
4136
3084
947
-737
-1667
-2149
-2690
-3464
-4595
-6745
-8461
-9399
-9451
-9649
-10228
-10621
-11413
-12594
-12065
-9644
-9374
-10163
-10374
-10560
-10297
-9638
-7939
-7060
-7189
-6410
-5858
-5143
-4140
-2979
-2386
-2476
-1459
-1026
-258
770
780
650
-163
-224
-1328
-1668
-857
-563
-1985
-3153
-2835
-2841
-3307
-2032
-462
-600
-1957
-1094
1852
3440
4356
5429
6207
5812
5630
7299
9750
10087
9095
8437
8998
9644
10006
10098
9288
7706
6821
6880
6532
6295
5553
4714
3218
2590
1971
904
213
-636
-1368
-2380
-2378
-3037
-3274
-3015
-2464
-2497
-2124
-1794
-1509
-1214
-1060
-321
58
-120
-541
-35
398
1066
2109
2388
1877
1413
1535
2020
2488
2749
3046
3742
4333
4144
3446
3542
4423
4396
4301
3984
4009
2783
1645
2545
2958
2066
222
-477
-1400
-1417
-977
-1564
-3132
-4556
-5500
-5905
-6409
-7107
-9079
-11779
-11781
-9722
-7918
-7697
-8208
-9109
-10668
-8992
-3069
2295
1985
-1166
246
2905
4153
8004
13651
14515
10287
10226
14484
17696
18556
18464
17072
14391
13552
14826
14863
13497
12112
8669
6147
5960
5487
3371
535
-521
-1938
-3892
-4787
-5907
-7467
-8606
-8182
-8975
-9160
-8829
-8467
-7592
-5500
-2511
-1116
-525
-359
1279
3311
5371
6490
6353
6391
5871
6692
8040
8851
8809
7197
6305
5734
5492
6861
6868
4542
2494
2671
2138
-795
-2924
-2992
-3335
-4543
-4834
-4626
-6456
-8086
-8112
-5801
-4983
-5469
-6214
-6808
-5923
-3209
-1552
-1569
-2723
-2997
-2165
-153
1371
1577
1272
1879
2149
2814
4160
4785
3385
2138
2624
2886
1830
592
168
-406
-1609
-3434
-4587
-5108
-5528
-5851
-6537
-9120
-11317
-11732
-9231
-7816
-8145
-9579
-10882
-11490
-8811
-3377
43
-277
-2941
-2443
1573
5798
8052
7720
6057
5484
7049
9848
11633
10660
7804
5889
5265
5927
6067
4787
2191
-569
-2445
-3509
-3990
-4638
-6345
-8862
-10679
-11013
-10694
-10768
-11335
-11584
-11245
-10341
-8141
-6990
-6840
-6381
-4764
-2633
-235
1954
3381
4033
5574
8770
10713
11418
11515
11148
11522
13327
15518
15944
14061
13049
13322
13927
14103
13881
13059
10358
9446
11437
11414
7290
3157
4209
5910
5930
6004
5093
811
-1904
2059
6580
6870
3709
766
144
1982
3940
3814
631
-2511
-4264
-3929
-2653
-2688
-5782
-9325
-10475
-10166
-10282
-11356
-12698
-14257
-14134
-13800
-11514
-9302
-9222
-13014
-13906
-6505
-915
-2642
-4879
-1241
-350
-2214
5892
16949
15226
6916
8992
16217
17572
17764
20223
17546
11167
11462
14841
13737
11001
9051
4058
-846
611
1589
-2587
-7001
-8023
-10172
-12370
-11502
-10957
-12978
-14249
-12704
-12182
-12037
-10744
-8991
-8655
-7077
-3652
-1109
-66
275
1554
4260
7135
8401
8967
9837
9482
9564
11045
12839
12878
10705
9304
8752
9092
11048
11082
7721
5892
6287
6008
4803
5701
6065
2089
-994
736
2474
358
-1521
-2
-529
-2185
-2345
-2776
-3573
-3607
-2862
-3254
-4180
-4793
-5435
-5541
-4883
-4752
-6367
-8355
-8770
-10218
-12092
-12236
-13535
-15524
-13531
-9546
-9664
-12346
-11786
-10755
-12612
-9387
1046
4193
-2350
-3770
3000
4989
6663
15876
19898
12800
9122
17325
22994
21287
21289
21087
14627
11471
15345
16803
11425
7468
4262
-881
-3620
-2461
-3477
-7451
-11076
-12467
-14502
-16678
-15133
-14180
-15515
-15238
-12410
-10871
-9741
-7250
-3593
-1157
2336
7119
9810
9596
11014
15899
19026
19837
20863
21599
20991
20389
23756
27494
26595
22751
20240
18930
17960
18209
18505
14841
9352
5096
3327
3608
3747
2505
-2513
-7774
-9830
-8819
-8064
-8685
-11098
-13564
-16175
-17022
-16242
-15853
-16586
-18060
-20320
-21681
-21106
-20494
-20669
-20895
-21516
-23010
-24333
-24527
-23326
-23213
-22354
-20356
-15272
-9286
-11171
-22409
-26669
-12226
3553
5651
2645
419
-8311
-14146
4563
29432
26094
5218
1033
12021
17553
22261
29091
23995
6822
1435
10830
17091
14745
9142
-310
-9934
-10591
-4685
-4181
-9667
-15401
-18908
-21571
-19735
-14641
-13236
-14853
-16145
-14027
-10184
-5412
-2924
-2390
-1346
4115
10832
13786
12188
13492
17969
21322
25407
29106
28318
23486
22137
27982
32767
30423
25543
22712
20861
20570
23755
23603
17100
9766
7952
8707
8728
8047
4473
-2834
-7132
-4661
-1857
-4516
-8511
-11060
-13362
-13795
-11364
-10454
-13398
-17229
-18454
-17473
-16068
-15752
-18231
-20482
-21360
-20522
-19938
-18760
-18751
-22277
-24281
-22856
-20858
-23860
-19459
-6643
-5117
-21881
-31656
-13004
1348
702
2010
9291
-2638
-20638
-1494
28174
27567
4870
3383
12660
11702
15420
28095
26569
8548
3572
10878
15107
15046
14602
7037
-4262
-2956
1308
493
-4696
-6334
-9706
-15001
-12841
-10437
-11264
-13886
-11567
-11766
-11174
-6341
-2180
-5225
-8082
269
9334
10435
7008
8246
11929
13371
19016
27697
28594
19240
13148
22182
30444
29857
25383
21782
15725
10835
17292
22430
16153
6976
3066
1918
2389
4527
2822
-5211
-10992
-10381
-9245
-10085
-11594
-14294
-17636
-16553
-12342
-14011
-18463
-19592
-17965
-14233
-11190
-11777
-16613
-20544
-17556
-13194
-12119
-11982
-15147
-20796
-21522
-16003
-13546
-19363
-21346
-15476
-9485
-12793
-20937
-22770
-17839
-8491
-2341
424
-3355
-13863
-17681
-236
21649
21050
7076
1557
7546
13680
22092
30815
26955
12847
6803
14659
22817
24586
20102
10790
3432
2474
6061
7031
4904
-2450
-9926
-12112
-9225
-7470
-9071
-9107
-11448
-13179
-10181
-2537
-2108
-7549
-7047
1204
9615
10925
8540
6258
7854
14726
23671
29793
27518
18078
12854
20256
30590
31258
24012
17619
13699
14451
19032
20336
14301
5007
714
878
2573
3007
-1042
-7830
-11725
-11133
-9862
-10735
-12724
-15100
-16810
-15971
-14620
-15055
-16859
-16763
-15556
-14775
-13421
-12952
-14523
-17330
-18529
-15969
-12835
-13171
-17584
-21889
-21548
-20242
-20056
-19750
-15975
-13338
-19871
-26008
-26388
-18429
-12987
-8145
-3885
-9147
-16896
-17596
-569
13550
15896
9101
5949
9254
16198
26219
30777
29554
23109
20569
23140
29147
32767
28301
22410
16509
15822
14368
13212
11565
6201
429
-5672
-6161
-6824
-7081
-9900
-11917
-12959
-12324
-10210
-10048
-9998
-10418
-6162
-2431
456
832
366
1362
4143
11007
15530
16289
14438
14732
17945
21351
23602
22409
20260
17159
16122
15602
15861
14300
9640
5500
2935
2495
348
-1292
-4058
-6175
-8656
-10048
-10803
-11276
-11179
-12124
-11878
-11424
-11949
-14402
-15449
-13120
-11030
-11367
-12410
-12638
-13628
-15272
-14834
-12949
-12822
-16576
-20647
-20712
-19263
-20774
-23613
-27801
-28779
-24931
-15710
-14208
-23619
-31944
-28220
-12046
-813
1276
-8678
-19047
-16076
3414
24700
25866
12692
2671
7109
21299
31092
30677
23079
17268
15694
21481
28268
28434
20223
11982
9029
8976
10866
9624
4552
-3217
-6770
-7011
-7491
-8747
-11034
-12505
-13722
-13408
-12292
-10442
-9820
-10979
-10190
-5400
745
1837
260
507
4698
10684
15155
17340
15100
12338
13297
18867
23753
22591
17448
12657
12234
14524
15927
13574
8314
3045
351
225
981
-110
-4616
-9069
-10642
-9870
-8815
-9189
-10795
-12887
-12401
-10352
-9333
-9852
-10105
-9760
-9085
-7127
-4756
-5384
-8125
-9107
-6988
-4211
-4587
-6753
-9974
-12267
-12891
-12116
-11507
-14376
-18999
-23281
-23244
-18408
-11044
-11429
-21237
-28122
-22855
-11207
-4468
-336
-3910
-13688
-16478
-130
18797
20182
11165
6391
10724
18480
27956
31863
27237
19814
18041
22807
27693
28629
21958
14499
10893
11186
10439
7479
3540
-1921
-5697
-7840
-8849
-11312
-13362
-14473
-15141
-15149
-14434
-13225
-13751
-14224
-11808
-7412
-3008
-1656
-2438
-2334
1702
8737
12830
14790
13739
11522
11035
17730
25359
22853
15632
12075
14144
15296
16852
15216
10045
4156
2443
3615
3284
2020
-2621
-6518
-7776
-6398
-6710
-8785
-9634
-10539
-10851
-10553
-9336
-10046
-10675
-9690
-7971
-7525
-8358
-8558
-8609
-7726
-7018
-5967
-6348
-8008
-10699
-11769
-11059
-10684
-12274
-16137
-18989
-20954
-19075
-14380
-10918
-15901
-23434
-25014
-17257
-6769
-660
-2911
-11033
-14178
-6543
9291
18842
16444
8779
7223
14675
24623
31106
30016
23906
18964
20779
25793
28005
24790
18437
12884
9849
10357
8805
4787
-909
-4665
-7704
-10425
-12712
-14241
-15285
-16481
-17183
-16181
-13976
-13632
-14745
-13130
-8457
-3847
-495
1685
1780
2106
6875
14704
19061
19933
17194
15481
17347
24660
28657
24222
17892
15900
17726
17936
18400
15505
9579
3602
1817
2896
2785
794
-4570
-7819
-8565
-7647
-8749
-9514
-9705
-10899
-11697
-11689
-10112
-10440
-11056
-10706
-8737
-7614
-7894
-8546
-9053
-9014
-8094
-6328
-6232
-8707
-12242
-13497
-12405
-11494
-13075
-16558
-20702
-20695
-17413
-11655
-13762
-19987
-24718
-19917
-9144
-2889
-1364
-8073
-11054
-8752
5248
17203
17340
9590
6666
14240
21706
28177
28431
24886
18380
19047
24754
26734
24108
16672
12475
8108
9147
8238
4384
-2602
-7918
-9417
-10775
-11190
-14002
-16128
-18482
-18538
-16887
-13828
-11814
-13742
-13899
-10626
-3311
1001
3240
3245
3928
6985
13067
19310
21376
19500
16535
17816
22112
25953
24547
19818
15926
15160
15975
16006
14164
9867
4882
1737
1705
1582
-261
-3393
-6319
-7478
-7880
-7261
-7746
-8579
-9430
-9218
-8667
-8001
-7614
-7550
-7425
-6591
-4974
-4628
-6144
-7512
-7194
-6326
-5262
-4946
-6775
-10771
-14222
-13058
-11702
-12317
-16562
-19751
-23832
-22939
-17803
-13317
-16671
-22946
-24294
-20737
-11387
-3925
-1197
-8121
-10720
-6320
5202
14932
17700
15243
12230
16711
22237
28303
30093
28585
23592
21611
24493
24715
22493
17772
15275
10304
7753
4452
947
-3718
-6950
-9330
-12638
-14895
-17766
-19364
-20065
-18405
-17092
-16036
-15826
-16104
-13575
-8854
-3165
-121
1585
3118
6306
9466
13168
17665
20750
20137
19858
21564
23069
22715
22724
22906
20209
16713
14233
13307
12038
10780
6968
2189
-1030
-1829
-2927
-4543
-5347
-7916
-10388
-10743
-9293
-9317
-9349
-8554
-8597
-8626
-7048
-5658
-6161
-5182
-2802
-1986
-3473
-3744
-3211
-2992
-2691
-2291
-3889
-7372
-10338
-10757
-11120
-11900
-14386
-17711
-23316
-25309
-21420
-15165
-13758
-19591
-24715
-26897
-18133
-6975
1365
-2597
-10066
-10892
-3141
11214
19106
20117
12840
12235
17929
26175
31731
31762
27773
21397
22547
24241
26097
22213
17600
11521
7134
5740
2199
-1223
-6612
-9643
-13794
-15547
-17003
-18989
-20484
-20375
-17773
-16070
-14179
-14336
-13521
-10548
-4637
1357
4921
7284
7476
9574
14101
21719
25420
25209
23795
23371
24806
26959
29252
27056
23244
19348
17677
16499
15829
13749
8857
4282
791
-6
-2244
-3666
-6005
-7131
-8632
-9981
-10874
-11363
-10417
-10247
-8966
-8810
-9036
-10163
-8761
-5706
-3718
-3907
-5967
-7181
-7267
-5604
-4255
-4396
-7488
-11677
-14460
-15245
-14750
-15094
-17546
-22339
-27416
-29311
-26502
-20834
-16575
-20639
-26990
-31528
-24773
-12471
-1841
-311
-7695
-12228
-9366
4960
18940
25019
19469
13975
13751
18760
26654
32197
30365
22619
19540
20101
22238
22103
20658
14773
7455
4231
2352
448
-2932
-6103
-10685
-13749
-15418
-16735
-18160
-17837
-16288
-15356
-13777
-13162
-12988
-11595
-6570
-871
3111
5759
5388
5562
8572
15741
20803
22101
20676
18488
18075
20166
23734
23646
20381
16070
12954
11464
11843
10937
7339
3168
14
-2224
-4460
-5044
-5856
-7348
-9089
-10222
-10594
-10831
-10121
-9276
-8516
-7992
-8230
-8451
-7458
-5578
-3929
-3501
-3914
-4729
-5027
-4406
-3445
-3231
-4100
-6184
-9004
-11361
-11224
-11627
-12827
-15855
-18906
-23191
-23866
-20084
-14404
-13425
-19370
-24633
-25168
-14326
-2768
3944
-2463
-10770
-11554
-182
15807
22971
20398
10605
8715
14620
27155
32767
30122
21858
15928
17774
21294
24656
20286
13568
5712
3440
3351
2393
-1058
-6953
-10513
-12902
-12261
-13995
-15995
-17864
-16999
-14061
-11493
-9990
-11304
-10587
-7858
-988
4945
8218
6819
4654
6898
13809
21856
23671
20850
15857
15035
18550
24275
25934
21124
14639
10451
10931
12189
12668
9143
3663
-1332
-2890
-2917
-3289
-4847
-7488
-9602
-10733
-10296
-10256
-10246
-10084
-9022
-7962
-7670
-7931
-7761
-6554
-4474
-3008
-2764
-3834
-5429
-5771
-4548
-2543
-2478
-5004
-9059
-12039
-12465
-11733
-11395
-13535
-17614
-22268
-24857
-21452
-15090
-11218
-15912
-21903
-23770
-18013
-7698
1279
2576
-5948
-10201
-3575
10766
18545
19940
16379
11728
13486
22705
32156
29737
23701
19134
19077
20266
22759
20992
13402
7471
5092
4815
1632
-1689
-7329
-10896
-11617
-11338
-13430
-16368
-17090
-17436
-14613
-10371
-7829
-9720
-9990
-6395
-625
5511
9418
9685
7743
8995
14687
21189
24235
22721
19052
17403
19890
23769
24261
20933
15778
12218
10817
10631
10051
6842
2460
-1730
-3854
-5137
-6469
-8029
-9406
-10380
-11575
-12202
-12529
-12500
-11891
-10118
-8686
-8148
-8818
-8788
-7094
-4724
-2840
-2612
-3598
-5540
-5940
-4966
-2807
-2627
-5571
-9751
-12862
-13608
-13134
-12603
-14893
-18813
-23760
-25927
-23274
-17146
-13623
-17802
-23424
-25103
-17821
-7860
697
-573
-7198
-9746
-2292
10964
19107
19755
13528
11298
15073
24732
31172
30476
23657
17682
18573
21858
23634
19345
12862
6232
3917
4011
1867
-3596
-10137
-13087
-13955
-13607
-15342
-18337
-21229
-20968
-17087
-12981
-10694
-12104
-12606
-9895
-2704
4246
7746
7513
6463
8564
14349
21055
23770
22157
19347
18912
21794
24855
24525
20540
15945
13471
12404
11930
9881
6062
1766
-1134
-2797
-4084
-5841
-8058
-9960
-11096
-10834
-11255
-11594
-12286
-11244
-9797
-8105
-7172
-7197
-7122
-6345
-3873
-1573
-547
-2162
-4006
-4595
-3448
-1984
-2058
-4393
-8678
-11436
-12594
-12038
-12607
-15148
-19562
-23657
-23006
-18301
-13674
-15983
-21047
-24617
-19820
-10472
-1528
-200
-6419
-10092
-4534
8913
17412
18740
14527
12939
15978
24325
31642
31300
25772
20676
21685
24245
25484
21653
15553
10103
7792
7373
4648
-677
-7346
-10520
-11167
-10965
-13439
-17127
-19939
-19814
-16410
-12675
-10503
-12015
-13395
-11136
-4158
2461
5941
5865
5233
6976
11801
19029
22452
21249
18321
18444
20696
23274
23809
20507
16711
14277
13555
11930
9447
6005
2985
492
-1294
-3941
-7236
-9157
-9785
-9420
-9845
-10845
-12838
-13160
-11645
-9406
-7463
-7175
-7433
-7881
-6607
-4299
-2183
-1489
-1676
-2484
-3665
-3840
-2960
-2576
-4018
-6499
-9158
-11210
-12692
-13836
-15310
-18224
-20608
-20326
-16660
-15758
-19863
-24481
-22520
-14508
-6862
-2819
-5839
-10749
-10820
5
13047
18611
14924
10114
11161
18208
28285
32748
29391
21582
19116
22425
26686
26003
19911
12706
7741
7370
6896
3993
-2917
-9345
-12192
-11905
-12169
-15331
-19180
-20859
-19148
-16244
-13027
-12206
-13530
-14024
-9556
-1926
4504
6060
4878
5168
9671
16144
21198
22733
20235
17719
19404
23679
25104
21819
17914
14581
13857
14062
12552
7826
2395
346
-1034
-1887
-4728
-8390
-11692
-11434
-9680
-9731
-11357
-12878
-12681
-11081
-7708
-5793
-5848
-6682
-5522
-3496
-1297
715
989
-197
-1327
-1185
-1255
-1759
-3018
-5542
-8919
-11300
-13080
-14389
-16440
-19859
-24486
-25797
-21603
-17183
-19241
-26458
-30232
-25254
-14753
-6424
-5187
-11153
-15629
-10735
3439
14772
16919
12921
9958
11793
20202
30376
32417
26135
20570
21118
23734
25989
24694
18784
10812
7249
7938
7036
2247
-5156
-10492
-12046
-10777
-11931
-16008
-19789
-20750
-18470
-14188
-10586
-11352
-13936
-13197
-6575
1551
6771
6985
5636
7455
12614
19023
22700
23073
20080
20264
22783
24854
23821
21750
18729
14957
14738
13749
10571
5275
2815
379
-2091
-4325
-6504
-9717
-11568
-10336
-10488
-11315
-12367
-11852
-11574
-9506
-7357
-6671
-6497
-6094
-5053
-3782
-1200
262
6
-1140
-1577
-2190
-2776
-2971
-3989
-6112
-9215
-12150
-14535
-15788
-17729
-21124
-22560
-19923
-17451
-20899
-26834
-28642
-22463
-13353
-6473
-8001
-14294
-17426
-9286
5636
15591
15323
9448
7992
12561
22716
30980
32051
25478
20148
21502
26237
28645
26262
20713
14007
10739
9907
9222
5361
-338
-5428
-8042
-8635
-10518
-13387
-15990
-15825
-14719
-12421
-10639
-10865
-11883
-9988
-3968
2412
6033
6505
6103
7854
13332
20234
23625
22514
19635
18815
21475
24972
25507
21465
17072
13785
12387
11733
10254
6859
1969
-1206
-3632
-5604
-7956
-9907
-10800
-10510
-10593
-12388
-13810
-12922
-10329
-8192
-6565
-6200
-6329
-6202
-4087
-1291
717
1143
371
-151
-438
-177
-638
-1948
-3732
-5434
-7349
-10098
-13003
-15977
-18146
-21141
-23220
-22752
-18939
-19234
-26118
-32187
-29008
-18826
-10375
-8111
-13000
-19432
-17589
-3361
11112
15385
10748
6669
7625
15916
27730
32767
28084
20639
19836
23478
26959
26680
21745
14635
10317
9891
8800
4381
-1930
-6644
-8191
-7891
-10032
-14878
-18936
-19056
-16043
-12654
-10741
-12190
-14557
-13887
-7672
551
5601
5589
3423
4895
10390
17491
21752
22070
19386
17866
20457
23251
24192
21726
18720
15211
13728
12497
9759
6178
3145
1200
-1853
-4561
-7911
-10978
-12674
-11215
-10284
-11024
-12954
-14000
-12726
-9607
-6259
-5309
-5386
-5926
-4933
-2817
175
2265
2347
1276
-365
-942
-575
-609
-2423
-5248
-7962
-10346
-13385
-15671
-18117
-21620
-24532
-23318
-19149
-19792
-26823
-32584
-28819
-19106
-11121
-9751
-14515
-19864
-16234
-2704
9630
12357
8942
6614
8306
16652
27464
31014
25242
19836
21189
24802
26818
25637
20761
14147
10859
11314
10285
5211
-2052
-7384
-8849
-7615
-8401
-13326
-18400
-19631
-16690
-12197
-9072
-9963
-13084
-13260
-7726
751
6624
7143
5069
5438
10890
18462
22947
22626
20109
19220
21112
24478
24723
21258
16853
14879
13595
12042
8996
4015
-280
-2339
-2745
-5024
-9026
-13062
-14691
-13613
-11537
-11557
-13319
-13974
-12679
-9723
-6342
-3494
-2856
-2892
-1928
839
3373
4802
5453
4902
3620
2497
2450
1915
322
-2202
-4784
-7079
-9900
-12881
-16247
-19446
-22001
-20894
-17601
-18630
-25621
-32028
-28542
-19366
-10268
-8755
-13891
-19510
-15832
-1905
10747
15041
11303
8329
9923
19191
29106
32597
27616
21742
21698
25748
29090
27193
21549
14540
11270
11075
10573
5978
-1382
-7084
-9023
-8334
-9547
-13252
-18527
-20331
-18072
-13608
-10692
-11556
-13829
-13881
-8122
-231
5197
5769
4883
5778
10193
16688
21376
21546
19000
18391
20203
22360
22135
19566
15546
12947
12020
10930
7634
3085
-880
-3470
-4347
-5722
-8256
-12020
-14196
-13741
-11722
-10799
-11507
-12278
-11383
-9044
-6136
-3150
-1273
-499
-406
1420
4499
7038
7582
6936
5760
4580
4249
4191
2869
-127
-3601
-5910
-7846
-10245
-13657
-17056
-20357
-22179
-20141
-17327
-19218
-26226
-29667
-25103
-15722
-8725
-8092
-12574
-15865
-9850
2434
12664
14937
12395
10342
13208
21709
29719
31227
26282
22498
22554
25246
25984
23496
17855
12461
9834
8740
6383
757
-5614
-9721
-9946
-9819
-12707
-18125
-21722
-20436
-16378
-12281
-11310
-12788
-14452
-11914
-4656
2888
6675
6044
5377
7674
13733
19846
22533
21035
18959
19234
21330
22763
21323
17726
13734
11607
10084
7989
3913
-841
-4951
-6826
-7849
-10097
-13855
-16800
-16903
-15355
-14032
-14210
-14498
-14086
-11919
-8819
-5168
-2676
-1733
-1171
991
3975
6653
8220
8463
7657
6082
5878
5941
5183
2240
-842
-3680
-7062
-10092
-13023
-15245
-18966
-23031
-25004
-23088
-20478
-22581
-27394
-30142
-25646
-17726
-10214
-8771
-11717
-13233
-7475
3644
12862
16615
14892
13924
16900
24455
30858
32155
28188
24362
24050
25160
24927
21434
16295
10796
7778
5882
2587
-3553
-9627
-12762
-12773
-12754
-16226
-20953
-23261
-21158
-17414
-14143
-12482
-12473
-12827
-9960
-2651
5152
8722
8759
9460
12712
18125
22743
24741
23744
22771
22680
22881
22857
21240
17619
13071
10638
8875
5689
1162
-2798
-5756
-8121
-9922
-12267
-14850
-16685
-16524
-15174
-13726
-13323
-13163
-12087
-9062
-5613
-2423
-570
607
2027
4367
7241
9087
10102
9692
8411
7026
6685
5986
3823
916
-1770
-4762
-8393
-11385
-14074
-17525
-22267
-25631
-25478
-22442
-21105
-24629
-30045
-31248
-24740
-14960
-7390
-7571
-11529
-13217
-5706
6129
16249
19125
16550
13308
15123
23636
30648
31467
25840
21557
20281
21886
21657
18239
11965
5958
2974
1184
-1451
-7686
-14047
-17335
-16417
-15828
-18292
-22039
-24005
-22355
-18247
-13114
-10508
-10362
-11112
-7876
-490
7695
11590
11238
11316
14320
19814
24267
26611
25755
23594
22326
22974
23437
21599
17284
12694
9658
7884
5287
1439
-2444
-6039
-8137
-9919
-11304
-13671
-15010
-14882
-13429
-12052
-11073
-10154
-9175
-6488
-3126
309
1840
3016
4242
6262
8316
10050
10663
9510
7920
6661
6144
4172
1662
-1378
-4141
-7943
-11933
-15016
-17978
-21023
-25084
-27300
-27094
-24128
-23518
-26374
-30294
-29831
-22322
-12332
-6086
-8259
-11641
-10147
155
12474
19899
18651
14057
13854
20537
29627
32435
28001
21122
19387
21798
23612
20468
13100
5349
1493
1998
936
-4596
-12959
-18347
-18994
-16714
-16272
-19948
-24574
-25484
-21587
-16091
-11479
-10096
-10543
-9724
-3921
4634
11173
13196
12852
14578
18678
23785
26516
26525
24614
23722
24108
23993
22556
18665
14040
10100
8565
6281
2543
-2282
-6048
-8779
-10199
-11488
-13949
-16099
-16848
-15280
-13813
-12131
-10984
-9728
-7699
-4720
-1633
1033
3389
5094
6315
7574
9176
10269
10609
9515
7806
5967
4331
2303
125
-2292
-5577
-10106
-14401
-17191
-19319
-21597
-24705
-28281
-30636
-28879
-24219
-22450
-25408
-28981
-25649
-16760
-6634
-2778
-4990
-7816
-3199
8260
18289
21923
19249
16834
18534
26108
32025
30916
24472
20132
20510
21829
20579
14958
7296
1288
-122
-180
-3052
-9981
-17107
-20118
-18599
-16703
-18161
-21379
-23401
-22073
-17814
-11721
-7482
-6518
-6612
-3365
3582
10565
15002
16519
16970
18720
22711
26700
27964
26774
24633
23434
22884
22077
19374
15221
10758
7222
4704
2441
-1269
-5555
-8683
-10520
-11914
-13808
-15124
-15796
-14968
-13645
-12048
-10972
-9442
-7295
-3923
-1052
1040
2294
3916
6132
7827
8929
9390
9196
8101
7063
5777
3504
613
-1969
-4069
-6956
-10727
-14920
-17933
-20518
-22915
-25015
-27468
-29348
-28859
-24751
-22447
-23814
-26442
-23429
-15967
-6952
-2267
-1778
-2014
1524
8810
15416
20814
23163
23964
23183
25494
28432
29409
27139
24399
22952
20516
16943
11910
8026
4032
217
-3471
-6903
-11099
-16087
-19363
-19890
-19075
-19889
-20915
-21010
-19618
-17494
-13227
-8090
-4056
-2200
-271
3887
9883
15411
18421
19761
20571
22080
24362
26605
27356
25947
22936
19881
18084
17010
13849
9151
4568
1261
-1503
-4396
-7249
-10509
-13117
-15024
-15814
-16074
-15981
-15740
-14631
-12198
-10083
-7851
-5550
-2524
-259
2072
4700
7319
8567
9019
9432
10013
10388
9838
8243
5448
2409
-625
-2711
-4694
-7828
-12437
-16961
-19989
-22083
-24363
-26848
-29335
-29641
-26681
-23342
-24205
-26882
-26416
-20008
-10854
-3881
-2542
-3602
-1365
5517
13660
19885
23198
23009
23168
25605
29376
30274
29169
26903
24966
23020
20010
15441
10221
6589
3479
253
-4126
-9098
-14110
-17696
-19148
-19676
-20205
-21654
-23022
-22674
-19700
-15655
-11655
-8196
-5017
-2541
1004
6064
12175
16664
18684
19879
21936
24635
25786
25850
25937
24810
22686
20201
17799
15190
11891
8131
3844
262
-3353
-6297
-8770
-10448
-12643
-14706
-16199
-16452
-15709
-14046
-12204
-10841
-9311
-6732
-3402
-451
1986
4201
6694
9062
10299
10532
10349
10785
11309
10922
9035
5929
2268
-1032
-2885
-4399
-7130
-11937
-16694
-20140
-22009
-23727
-25321
-27311
-29416
-28861
-24982
-21192
-21691
-23454
-20848
-13496
-4634
878
2229
1543
4296
11112
18493
23812
25457
24675
23019
24708
28374
30227
27551
23227
19830
16934
14069
10269
6533
1828
-2817
-7039
-9907
-12926
-17022
-20382
-21290
-20472
-20754
-21620
-21282
-18861
-15855
-11875
-7256
-2666
-24
2105
6272
12584
18181
20212
20699
21807
24432
26428
27471
27097
24950
21790
19055
17685
15819
12192
7205
2755
-417
-2762
-5488
-8482
-10898
-12631
-14145
-15010
-15051
-14658
-13328
-11181
-9054
-7307
-4868
-2676
-361
2268
5343
7691
8883
9707
9964
10150
10209
10407
9409
6867
3428
366
-2341
-4742
-6918
-9544
-13502
-18368
-22062
-24213
-25319
-27339
-29209
-27544
-23943
-22824
-25597
-26763
-22181
-13085
-4894
-1381
-1471
-1114
3153
10283
18206
23983
25741
24439
23904
26433
29490
30420
28103
25263
22629
19079
14500
10610
7274
3101
-1235
-5143
-9074
-14046
-18590
-20744
-20669
-20561
-21718
-23026
-22760
-20820
-17703
-13487
-8719
-4752
-2764
-654
3812
10198
15908
18727
19743
20877
23250
25393
26609
26840
25598
23173
20244
18001
15561
12477
8937
4847
500
-3266
-6444
-9027
-11023
-12318
-14209
-16269
-17595
-17295
-15599
-13263
-11041
-9778
-8005
-5576
-2145
894
3706
5761
7609
9411
10184
9998
9514
9621
9727
8647
5861
2454
-1124
-4213
-6500
-8212
-11320
-16182
-20833
-23155
-24472
-26285
-29268
-29792
-25833
-21900
-22948
-27133
-26441
-19395
-8786
-1453
551
-1327
-1032
4991
14235
22865
26405
25532
22477
23203
27623
31118
29532
25497
23001
20621
17492
13232
9166
4103
-131
-2790
-5378
-9930
-15874
-20256
-21387
-19955
-19084
-19967
-21617
-21388
-19275
-14781
-8902
-4028
-2174
-1486
1675
7908
15015
19176
20380
20758
21800
24000
26450
27912
26905
24246
21101
18790
16874
14034
10527
6968
3602
-499
-4431
-7435
-8979
-10304
-12065
-13421
-14293
-14727
-14615
-12524
-9524
-7311
-6278
-4726
-1706
1322
3590
5949
8621
10620
11038
10589
10164
9819
9576
8647
6809
3480
-318
-3902
-7018
-9482
-11953
-14629
-18570
-22596
-25985
-27707
-28222
-26085
-22770
-22087
-25434
-28814
-25410
-15836
-5670
-2021
-3220
-4466
-338
7228
15208
21005
23604
22978
21285
23627
27345
28413
25086
23094
22417
19829
14880
9797
6419
2477
-409
-3144
-6332
-12276
-18152
-20905
-19983
-18120
-18325
-19958
-21429
-20528
-16996
-11042
-5770
-2935
-1492
739
5288
10867
16211
19147
21254
22501
23507
24767
25994
26674
25729
24583
22371
19084
14965
11895
9324
7374
4737
382
-4906
-8732
-10115
-10716
-11427
-12641
-14317
-15557
-14932
-12784
-10036
-7513
-5533
-3298
-489
1990
4148
6512
9344
11293
11622
10969
9975
9224
8714
8128
6291
2965
-1309
-5116
-7983
-10817
-13686
-16683
-19869
-23593
-27726
-30131
-29407
-24984
-22551
-24570
-29668
-29499
-23374
-13158
-6031
-4119
-5909
-5623
566
9021
17223
20986
21983
20171
21456
25275
28241
27362
24558
23037
20796
18238
13940
9974
5066
1167
-1452
-3578
-7760
-14459
-19322
-20731
-19245
-19031
-19515
-20703
-21524
-20984
-16654
-10002
-5191
-3936
-3498
113
5980
12165
15617
17998
19618
20907
22407
24083
25381
24763
23269
21315
19689
17196
13570
9212
6097
4018
1944
-1793
-6268
-10075
-12390
-13118
-12866
-12573
-13392
-14635
-14847
-12776
-9533
-6676
-4871
-2714
-58
2475
4597
6908
9107
10419
10684
10669
10752
9994
8289
6131
4351
1843
-1458
-5028
-8115
-11863
-15225
-17848
-20123
-23517
-27606
-29888
-28130
-23246
-21260
-24588
-29322
-27881
-20485
-10850
-5125
-4413
-6747
-5917
50
9090
17379
21057
20028
17218
19305
24239
27315
25785
23040
20887
18373
15507
12712
10013
4822
328
-1846
-2936
-7181
-13674
-18196
-18963
-17467
-16525
-16525
-17900
-19083
-18341
-13090
-5811
-1077
-582
-879
2802
9282
15237
17940
19034
19816
21357
23439
24950
24880
23026
20996
19700
18843
16445
12017
6956
3724
2433
926
-2399
-6841
-10613
-12823
-13108
-12441
-12429
-13410
-14063
-13165
-10795
-7971
-6008
-4383
-2007
1025
3363
5298
7272
8965
9600
9667
10084
10226
9147
7001
4800
2540
-388
-3931
-6797
-9310
-12244
-15716
-18845
-21548
-24581
-26988
-28540
-27172
-23574
-21891
-24165
-27220
-24886
-17478
-8791
-3816
-2882
-3720
-1819
3648
10973
18353
22801
22138
18627
19186
23677
27097
25921
23022
20386
16890
13394
10740
8593
4274
-530
-3745
-5326
-8756
-13998
-18221
-19266
-17952
-16517
-16038
-17118
-17782
-16477
-11576
-5138
-208
944
1090
3714
9194
14872
18306
19712
19825
20061
21066
23334
24354
22719
19711
17573
16455
14316
10707
6568
3124
714
-1198
-3712
-6869
-10355
-13104
-13855
-12552
-11593
-12620
-13192
-12217
-9509
-6490
-3898
-1808
429
2677
4855
6995
9484
10622
10239
10042
10469
10869
9499
7041
4359
2072
-890
-4056
-7248
-9886
-12750
-15801
-18906
-21708
-24412
-26655
-27784
-26282
-22340
-20227
-22268
-25452
-23719
-16620
-7529
-1776
-824
-2454
-1761
3305
11314
19355
22985
20711
16357
17295
23227
27290
25015
20371
16970
14685
12767
11036
8194
2190
-3301
-5390
-5281
-7821
-13455
-18817
-20503
-18259
-15469
-14692
-16184
-17524
-16397
-11351
-4009
1147
1733
1201
3735
9496
15577
19057
19834
19377
19021
20170
22449
23389
21240
17574
15219
14310
13162
9795
5007
870
-1429
-3256
-5241
-8175
-11638
-14389
-15019
-13860
-13161
-13819
-14784
-13553
-10208
-6844
-4830
-3292
-1180
1455
4107
6505
8533
9351
9116
9041
9550
9801
8714
6555
4211
1823
-936
-4198
-7309
-9872
-12272
-15102
-18317
-21285
-23514
-25224
-26674
-27161
-24629
-21271
-20268
-22332
-22922
-18837
-11499
-4471
-854
-217
133
3236
8385
15331
21200
22993
20685
19021
21069
24266
25347
22988
19532
16338
13346
10392
7871
4893
99
-4530
-7002
-8457
-11232
-15396
-18303
-18270
-16114
-14471
-14569
-14549
-13320
-10825
-6811
-1168
3366
4370
4767
7952
13223
17832
19741
20200
19948
20270
21170
21820
21152
19288
16734
13992
11877
9670
6601
2997
-19
-2374
-4551
-6996
-9561
-11640
-12707
-12492
-12037
-12320
-12643
-11585
-8694
-5541
-3076
-1288
675
2846
5057
7620
9816
10749
10108
9606
10029
9978
8991
6720
4146
1569
-982
-3603
-6685
-9725
-12347
-14907
-17545
-19935
-21999
-23481
-24893
-25779
-25815
-23601
-19823
-17509
-17171
-17621
-14884
-9574
-1920
3398
5113
4351
5877
10185
16261
21465
22483
20587
18229
19115
21030
22025
19671
15530
11632
9248
7714
5097
1685
-3312
-6795
-8419
-8625
-10857
-14519
-17055
-16260
-13772
-12308
-12038
-11839
-10377
-8389
-4408
1003
4748
5202
5470
8638
13418
17187
18366
18082
18101
18583
18878
18508
17838
16577
14098
11219
9190
7612
5095
1564
-1391
-3094
-4834
-7498
-9369
-9943
-9990
-10293
-10697
-10907
-9770
-7581
-5235
-3283
-1452
276
1575
3561
6232
8484
9287
9134
8815
8563
8434
7772
6620
4660
1918
-1076
-3544
-5825
-8521
-11062
-13165
-15098
-17523
-19561
-21030
-22103
-22563
-22594
-22438
-22943
-21621
-16870
-12110
-11017
-12493
-10909
-5879
1669
7115
9220
8283
8457
11263
15918
20765
22246
19204
15048
15522
18302
18919
15051
9985
6484
5182
4601
2083
-1588
-6463
-9569
-10073
-8848
-9763
-12864
-15365
-14690
-11765
-8948
-7519
-7215
-6377
-4317
38
5212
8582
9030
9189
11654
15005
17429
18001
17696
16932
16528
16474
16189
14764
12006
8722
6701
5508
3857
1099
-2189
-4558
-6081
-6987
-7678
-7928
-8462
-9384
-10180
-9344
-7229
-5140
-3902
-2643
-1283
52
1686
3473
5446
6650
6859
6628
7017
6994
6068
4874
4023
2798
305
-2469
-4930
-7618
-9917
-11409
-12367
-14102
-16540
-18666
-20086
-20652
-20389
-19822
-19835
-20318
-20313
-16222
-11277
-8098
-8722
-8274
-5839
92
7047
10767
9882
7984
9730
13254
17899
19913
18163
13915
12945
14865
15615
13300
8841
5417
3375
3836
2583
-472
-5356
-8637
-9193
-7464
-6702
-9150
-12159
-13288
-10947
-7747
-5166
-4753
-4574
-4014
-1287
3342
7213
8527
8011
9037
11459
14442
16056
16422
15554
14609
14367
14192
13615
11857
9286
6923
5884
5115
2936
-274
-2712
-3938
-4054
-3811
-4358
-5359
-6529
-6751
-5607
-3688
-2046
-1313
-552
398
1535
3004
4603
5885
6740
7093
6993
6649
5857
5195
4353
3730
2164
212
-1785
-4202
-7045
-9110
-9809
-10620
-12309
-14789
-16628
-17882
-18058
-17744
-17427
-17345
-17741
-17123
-13874
-9754
-7401
-7152
-6603
-3695
1344
6493
8685
8132
7863
9845
12812
15108
15823
14341
11987
11619
12775
12749
10453
6817
3968
2702
2322
1029
-1915
-5365
-7740
-8148
-7316
-7069
-8578
-10719
-11532
-9559
-6303
-4401
-4323
-4101
-2590
124
3577
6649
7895
7733
8438
10995
13851
15223
14300
12852
12749
13475
13217
11869
9811
7812
5803
4851
4550
2954
-318
-2890
-3043
-2510
-2867
-4294
-5443
-5483
-4718
-4034
-3340
-2416
-1516
-670
528
2034
2830
3086
3650
4538
5364
5216
4175
2891
2212
1456
566
-595
-2311
-4727
-7259
-8952
-10099
-10984
-12380
-13831
-15220
-16112
-16743
-16924
-16772
-16582
-16278
-15381
-11963
-9310
-8241
-8949
-7465
-3812
1508
5565
6268
5188
5304
8243
11150
13656
13882
12391
9963
10100
11747
11897
9763
6533
4692
3568
3087
1134
-1191
-4070
-5588
-5838
-5381
-5562
-7130
-8488
-8758
-7132
-4840
-3218
-3267
-3310
-1830
966
3935
5994
6914
7216
8239
9998
12030
13153
12779
11871
11501
11835
11732
10639
8886
7280
5751
4345
3513
2346
218
-1864
-2832
-3035
-3310
-3952
-4357
-4405
-4148
-3582
-3270
-2728
-1905
-540
579
1234
1422
1850
2648
3183
3428
3332
2964
2026
973
-47
-1048
-2265
-3524
-5095
-6854
-8804
-10351
-11797
-13099
-13472
-13848
-14797
-16337
-16702
-16339
-15555
-15243
-12876
-9835
-8196
-8837
-8986
-6433
-2030
3177
5503
5169
3582
5264
7875
11047
12884
12944
10960
9655
11051
11330
9697
6808
5600
4507
4071
2698
375
-2596
-4694
-4710
-4257
-3930
-5842
-7830
-8460
-6704
-4790
-3152
-2684
-2596
-1889
259
3433
6015
7444
7321
7639
9401
11751
12899
12812
12044
11457
11314
11367
10789
9400
8270
7349
6273
4906
3587
1795
355
-236
-63
-557
-1902
-3205
-3037
-2062
-1275
-1020
-1126
-1091
-857
226
1887
3133
3043
2615
2982
3542
3572
3010
2920
2533
1241
-447
-2178
-3177
-3729
-4639
-6356
-8515
-10161
-11591
-12527
-12838
-13238
-13885
-14800
-14774
-14511
-13855
-11803
-9420
-8024
-8163
-8092
-6615
-3133
1009
3326
3407
3038
4015
5884
8177
9766
10163
8990
8742
9492
9936
8409
5930
4563
4502
4416
2796
502
-1991
-3592
-3966
-2970
-2800
-4060
-6063
-6971
-5855
-4222
-2838
-2083
-1312
-962
12
2416
5063
6088
5564
5663
6963
8570
9192
8846
8669
8814
8513
7801
7215
6431
5448
4934
4854
4071
2584
888
-265
-381
-215
-172
-979
-1931
-2923
-3191
-2481
-1616
-901
-605
-464
-574
-334
422
1250
2135
2972
3228
2218
1184
812
934
416
-530
-1963
-3474
-5139
-6693
-7895
-8692
-9678
-11130
-12063
-12613
-13411
-14244
-13979
-13453
-13449
-12963
-10223
-7859
-7668
-9085
-8352
-5545
-1417
1380
1615
586
954
3107
5271
7618
8590
7542
5839
7446
9761
9446
6961
4898
4530
4653
4700
2949
892
-1120
-1811
-1623
-743
-1322
-3335
-4714
-3741
-1842
-1047
-987
-833
562
2176
3810
4698
5283
5834
6203
7056
8241
9029
8530
7386
7013
7592
7991
7373
5804
4471
3771
3648
3430
2984
2076
745
-660
-1167
-1339
-1358
-1535
-1448
-1525
-1801
-1997
-2015
-1361
17
1130
1219
1055
1044
1304
1565
2167
2937
3030
2268
798
-331
-998
-1620
-2576
-3312
-3970
-5495
-7466
-9296
-10190
-10368
-10035
-9937
-10711
-11947
-12615
-12305
-11287
-9346
-6637
-5412
-6289
-7386
-6565
-3930
-642
1581
1546
597
885
2338
3654
5105
6044
5965
5585
6527
7169
6037
4374
3754
4379
4955
4294
1926
-494
-1711
-1438
-413
344
-469
-2502
-3481
-2793
-1136
332
935
1098
1291
2088
3397
4712
5833
6402
6406
6388
7008
7326
6918
6420
6327
6449
6415
5545
4419
3207
2499
2310
2324
2321
1618
46
-1148
-909
-367
-345
-888
-1142
-1301
-1263
-1164
-1100
-797
-483
-110
535
1233
1191
589
633
1339
1625
1326
864
393
-337
-1310
-2362
-3150
-3659
-3833
-4629
-5747
-6983
-8326
-9063
-8752
-8015
-8242
-9044
-9573
-9761
-9722
-9009
-7406
-5806
-5419
-5831
-6278
-5158
-3116
-949
301
657
690
648
1404
2891
4535
4914
4744
4997
5602
5542
4717
4109
4003
4302
4151
3560
2325
1222
477
699
1470
2054
1195
0
-337
384
1556
2340
2825
2853
3153
3723
4430
5442
6104
5856
5256
5844
6624
6395
5174
4316
3997
4398
4372
3588
2164
1200
1008
1152
1517
1341
384
-1104
-1652
-1170
-552
-713
-1551
-2322
-2428
-2139
-2001
-2030
-2145
-2083
-1990
-1472
-820
-798
-1249
-1277
-486
41
-50
-721
-1718
-2757
-3432
-3575
-3978
-4712
-5505
-5944
-6585
-7339
-7839
-7890
-7886
-7999
-7988
-7638
-7395
-7340
-6946
-6149
-5639
-5274
-4571
-3951
-3545
-3128
-2339
-1480
-460
303
376
202
199
719
1631
2544
2711
2028
1531
1842
2526
2890
3029
2564
1613
1006
1306
2142
2381
2051
1893
2249
2721
2805
2633
2959
3758
4370
4676
4855
4842
4821
5266
5896
6403
5754
4685
3899
3796
3950
3787
3110
2430
1875
1383
1281
1087
726
58
-163
86
-55
-631
-1017
-1021
-701
-514
-521
-751
-1119
-1147
-789
-333
-156
-375
-655
-478
-191
-53
144
519
595
180
-183
-272
-591
-1335
-2093
-2500
-2783
-3103
-3646
-4524
-5334
-5799
-5976
-5821
-5566
-5628
-5834
-6131
-5908
-5494
-4791
-4200
-3638
-3110
-2713
-2386
-2034
-1425
-933
36
885
1411
1112
497
423
893
1796
2213
2185
2024
1545
1117
1185
1834
2226
2124
1650
1470
1330
1185
1220
1749
2505
2648
2523
2516
2576
2426
2974
3836
4696
5090
5124
5008
5187
5837
6229
6433
6142
5684
5022
4392
4139
3867
3594
3114
2563
2137
1837
1604
1256
1050
1040
1086
734
383
110
-29
44
110
-52
-288
-520
-455
-32
596
770
438
353
310
307
365
588
218
-327
-817
-1165
-1597
-2336
-2900
-3453
-4156
-4678
-5000
-5398
-5961
-6696
-7183
-7070
-6662
-6772
-7012
-7056
-6960
-6670
-6092
-5159
-4687
-4346
-3986
-3397
-2722
-2242
-1845
-1234
-453
-61
64
37
273
507
698
956
854
607
265
365
499
501
399
358
-15
-413
-562
-189
152
269
324
340
608
1098
1689
1946
2316
2493
2929
3372
3720
3972
3889
3974
4266
4398
4381
4082
3513
3229
3055
2825
2314
1871
1549
1014
823
577
283
2
-112
-130
32
195
11
-216
-171
618
1243
1381
1096
594
705
1160
1740
1674
1414
1334
1045
752
781
848
622
19
-535
-958
-1492
-2138
-2619
-2938
-3263
-3569
-3937
-4396
-4831
-5157
-5429
-5398
-5318
-5121
-5066
-5124
-5000
-4691
-4333
-3756
-3073
-2863
-2704
-2447
-2210
-2073
-1854
-1612
-1468
-1609
-1905
-1883
-1689
-1407
-1433
-1663
-1817
-1966
-2171
-2368
-2495
-2656
-2881
-2932
-2954
-3004
-3214
-3258
-2786
-2210
-1712
-1532
-1254
-975
-571
231
789
1249
1617
2070
2548
2795
3199
3150
3011
2962
3190
3426
3038
2684
2466
2300
2029
1915
1718
1497
1442
1335
1446
1563
1677
1926
2201
2314
2331
2445
2640
2878
3348
3676
3669
3520
3771
4413
4880
4895
4603
4640
4599
4308
4100
4087
3877
3449
2824
2465
2092
1352
580
-126
-484
-724
-1074
-1532
-2071
-2412
-2529
-2343
-1937
-1797
-1664
-1863
-1878
-1603
-1071
-383
-36
140
331
617
651
811
840
688
467
201
118
56
18
-332
-928
-1290
-1572
-1973
-2298
-2359
-2367
-2631
-3188
-3583
-3345
-3104
-3208
-3245
-2772
-2237
-1746
-1443
-1170
-547
161
899
1251
1741
2302
2574
2957
3307
3354
3129
3390
3699
3758
3416
3042
2806
2558
2406
2030
1726
1329
1150
792
603
504
360
400
931
1449
1400
1360
1549
1929
2373
3001
3386
3534
3594
3719
3775
3893
3886
3861
3940
3837
3543
2950
2559
2198
1791
1251
804
232
-664
-1433
-2077
-2411
-2715
-2899
-3123
-3430
-3803
-3760
-3702
-3520
-3124
-2650
-2354
-2366
-2063
-1775
-1199
-516
-268
-180
-139
145
310
389
319
62
-130
-388
-528
-867
-1467
-1801
-1919
-2246
-2691
-3077
-3265
-3545
-3558
-3520
-3546
-3639
-3630
-3454
-3250
-2881
-2405
-1887
-1598
-1176
-541
-22
502
897
1298
1594
1896
2333
2617
2899
2933
2790
2603
2618
2418
2048
1616
1225
807
379
23
-249
-353
-482
-457
-531
-587
-559
-349
-92
476
784
1077
1237
1529
1756
2041
2737
3029
3195
3244
3425
3417
3454
3358
3196
2997
2799
2473
1820
1171
553
351
224
-83
-808
-1760
-2239
-2111
-1836
-1807
-2062
-2324
-2515
-2413
-2092
-1799
-1684
-1472
-965
-488
-336
-308
-45
504
1183
1659
1869
1713
1480
1295
1212
1391
1068
453
-168
-386
-433
-650
-1127
-1564
-2217
-2982
-3342
-3273
-2975
-3063
-3248
-3623
-3448
-3118
-2947
-2514
-2080
-1550
-1195
-955
-464
-29
476
1012
1651
2144
2316
2297
2316
2578
2836
2879
2684
2376
2038
1762
1562
1485
1139
820
659
705
757
800
694
519
762
806
959
1084
1354
1625
1615
1859
2212
2606
2741
2750
2861
3088
3322
3344
3461
3219
2615
2307
2298
2514
2263
1605
862
371
-2
-338
-720
-1196
-1687
-1859
-1969
-1991
-2008
-2106
-1936
-1601
-1274
-1176
-1065
-701
-27
707
1113
1051
1036
1383
1790
2326
2569
2395
2049
1650
1810
1676
1353
902
463
226
-106
-391
-828
-1254
-1752
-2123
-2420
-2641
-2625
-2733
-2635
-2174
-1970
-1679
-1358
-823
-456
-72
552
1068
1443
1758
2194
2522
2954
3366
3490
3521
3359
2899
2600
2288
2028
1793
1482
826
427
334
185
41
-148
-365
-725
-980
-848
-412
-70
-83
-158
209
624
913
1061
1275
1683
2143
2223
2404
2471
2386
2642
3022
3263
2819
2220
1537
1197
1115
912
550
70
-601
-1366
-2045
-2396
-2655
-2873
-2892
-3166
-3560
-3712
-3600
-3020
-2339
-1991
-2114
-2204
-2138
-2014
-1547
-889
-285
-48
237
487
607
799
993
1118
1048
706
143
-326
-610
-681
-745
-1250
-1994
-2683
-3202
-3389
-3419
-3199
-3390
-3707
-3863
-4014
-3698
-3245
-2755
-2141
-1891
-1901
-1703
-1157
-590
-33
383
230
-93
-92
128
313
407
470
342
283
276
92
-49
-319
-591
-970
-1342
-1838
-1871
-1842
-1659
-1736
-1927
-1969
-1847
-1808
-1538
-1102
-866
-508
-71
292
790
1501
2180
2748
2955
2998
2900
3293
3502
3484
3485
3382
3257
2857
2614
2194
1834
1616
1359
861
356
-149
-722
-897
-1006
-1236
-1660
-2025
-2273
-2196
-1893
-1299
-800
-904
-1158
-1046
-366
561
1203
1610
1351
904
1110
1170
1317
1341
1074
820
349
61
-392
-785
-1012
-1147
-1265
-1732
-2478
-2974
-3028
-2794
-2619
-2853
-2961
-3055
-2798
-2307
-2001
-1738
-1523
-950
-357
234
622
966
1421
1588
1693
1637
1418
1354
1443
1518
1507
1148
698
178
-186
-12
-173
-399
-808
-1082
-1337
-1545
-1643
-1536
-1208
-912
-687
-842
-753
-216
395
733
836
1126
1403
1841
2420
2768
2732
2743
2923
3097
2940
2382
1976
2087
2360
2125
1542
747
131
-219
-421
-481
-918
-1595
-1898
-2075
-2032
-2368
-2752
-2758
-2551
-2332
-2114
-1653
-1429
-1200
-779
-312
154
690
1106
1262
1071
722
497
608
758
618
297
-463
-676
-858
-1122
-1642
-2168
-2382
-2537
-2609
-2993
-3612
-4014
-3959
-3559
-3394
-3386
-3510
-3614
-3171
-2477
-2091
-2032
-2142
-1825
-1052
-375
94
455
647
1003
1417
1334
945
781
951
998
971
562
-138
-721
-887
-744
-734
-869
-1172
-1209
-1211
-1048
-946
-1020
-812
-480
-169
31
209
346
922
1167
1430
1709
1754
1851
2014
2385
2654
2550
2332
2257
2483
2535
2295
2011
1794
1488
1057
525
-64
-254
-439
-1020
-1515
-1862
-2223
-2285
-2337
-2564
-2654
-2699
-2592
-2347
-2066
-2247
-2070
-1822
-1534
-1097
-886
-956
-1092
-969
-755
-552
-365
-482
-637
-815
-1019
-1180
-1954
-2075
-2244
-2186
-2143
-2531
-2989
-3311
-3431
-3467
-3319
-3499
-3416
-3424
-3537
-3348
-3031
-2514
-2222
-2085
-1925
-1668
-1311
-1009
-582
-182
-157
-58
142
311
453
366
533
515
195
159
16
-85
-215
-181
-359
-594
-492
-363
-321
-70
141
-22
-245
-116
393
927
1136
1233
1421
1707
1984
2194
2343
2291
2387
2596
2949
3114
3003
2639
2371
2467
2455
2170
1754
1610
1294
851
573
209
-369
-673
-814
-955
-951
-1060
-1174
-1237
-1132
-979
-600
-389
-64
-82
-195
-21
31
326
475
717
706
525
689
787
867
858
671
415
60
-256
-666
-1090
-1184
-1211
-1453
-1666
-1982
-1934
-1868
-1934
-1932
-1886
-1730
-1855
-1701
-1454
-926
-332
26
316
744
1416
1756
2135
2278
2524
2742
2772
2856
2778
2888
2663
2417
2343
2426
2348
2179
1863
1659
1502
1171
1079
830
663
837
933
1298
1172
894
819
861
1281
1534
1591
1278
1193
1065
1093
1231
1237
1146
1182
1224
874
555
371
335
270
-32
-510
-1123
-1656
-1976
-2222
-2207
-2658
-2953
-3156
-3495
-3812
-4077
-4258
-4256
-4164
-4088
-4078
-3970
-3667
-3289
-2638
-2266
-1706
-1268
-788
-294
-2
43
198
380
562
680
588
386
230
209
122
-129
-59
-29
-311
-503
-879
-1255
-1548
-1803
-1892
-1770
-1961
-2221
-2297
-2136
-2045
-1856
-1347
-1055
-889
-652
-234
211
408
572
838
974
1335
1353
1357
1539
1504
1403
1324
1486
1531
1624
1685
1599
1630
1539
1327
1543
1641
1518
1385
1319
1438
1590
1436
1404
1378
1623
1971
2152
2263
2006
1677
1573
1835
1990
1909
1743
1351
1050
716
653
466
115
-283
-833
-1410
-1761
-1935
-2112
-2331
-2663
-2799
-3039
-3052
-3260
-3397
-3270
-2945
-2586
-2541
-2739
-2865
-2707
-2312
-1954
-1801
-1516
-1370
-1380
-1297
-1220
-1038
-797
-545
-530
-827
-1174
-1443
-1501
-1462
-1577
-1676
-1974
-2206
-2060
-1754
-1468
-1671
-1748
-1708
-1659
-1708
-1791
-1579
-1088
-655
-326
-63
131
100
208
519
721
911
837
941
1291
1527
1592
1475
1543
1781
1821
1788
1701
1504
1395
1502
1426
1548
1627
1503
1555
1722
1700
1556
1682
1605
1427
1551
1979
2109
2201
2243
2209
2099
2125
2134
2329
2265
2081
2039
1929
1795
1692
1515
1338
1240
1063
792
320
-111
-237
-363
-528
-740
-892
-911
-1112
-1007
-971
-857
-755
-699
-521
-671
-645
-562
-298
86
225
222
247
288
563
829
986
1056
1021
1187
1081
869
778
675
694
512
296
107
-151
-396
-425
-356
-459
-525
-913
-709
-571
-646
-466
-285
-5
518
933
992
1109
1375
1693
1929
2074
2279
2245
2016
2317
2435
2550
2447
2358
2519
2566
2506
2590
2840
2748
2557
2522
2525
2496
2443
2403
2571
2565
2563
2576
2355
2195
1910
1932
2031
2060
2136
1890
1648
1649
1743
1818
1894
1656
1509
1306
1119
1188
979
865
591
289
81
133
95
-75
-241
-565
-785
-1098
-1233
-994
-894
-848
-849
-835
-611
-483
-117
216
206
192
277
552
712
708
645
471
585
596
507
576
356
241
268
226
135
2
-189
-410
-645
-936
-1173
-1374
-1595
-1754
-2097
-2356
-2463
-2561
-2679
-2706
-2394
-2159
-2055
-2182
-2077
-1817
-1942
-1872
-1711
-1642
-1861
-2247
-2119
-2015
-1796
-1538
-1584
-1783
-1784
-1467
-1138
-1024
-888
-696
-605
-309
-239
-113
154
337
499
665
707
848
994
953
1054
1398
1506
1713
1714
1748
1728
1414
1462
1478
1448
1306
1093
970
809
837
1046
887
803
625
461
252
63
34
-253
-616
-677
-636
-653
-459
-430
-373
-296
-180
-77
-217
-226
-156
-117
-302
-548
-712
-775
-733
-662
-569
-352
-179
-48
-72
-222
-338
-456
-493
-638
-845
-888
-1069
-1197
-1117
-1066
-1113
-1182
-1115
-1159
-1278
-1307
-1238
-1148
-909
-696
-749
-646
-281
-147
-169
-133
-39
18
-9
241
494
806
1072
1214
1461
1892
2022
1886
1822
1894
1968
2046
1901
1922
2055
1945
2086
2107
2277
2381
2322
2307
2412
2393
2203
2113
1955
1944
1890
1741
1641
1539
1282
1144
993
841
671
425
237
90
-220
-226
-104
-268
-365
-454
-493
-473
-261
-318
-319
-237
-254
-250
-334
-239
-242
-157
-279
-188
-206
-367
-377
-345
-303
-224
-284
-413
-197
48
204
127
73
59
-86
-374
-541
-659
-787
-960
-1294
-1559
-1703
-1739
-1528
-1327
-1114
-1146
-1199
-1176
-1075
-754
-789
-981
-982
-1076
-1170
-1013
-1011
-695
-441
-221
164
262
467
547
725
809
853
1043
1161
1489
1852
1882
1912
1984
1948
2025
2081
2017
1956
1990
2109
1999
1643
1373
1262
1281
1458
1697
1853
1736
1650
1751
1901
1931
1713
1559
1355
1250
960
840
574
523
408
221
463
237
-168
-426
-772
-965
-1051
-1134
-1112
-1042
-987
-1195
-1386
-1385
-1146
-1088
-1021
-647
-688
-834
-789
-897
-638
-360
-345
-444
-412
-366
-217
-59
-128
-74
-240
-160
-13
52
-15
-20
-24
-119
-269
-472
-497
-315
-332
-250
-447
-605
-899
-1129
-1372
-1444
-1544
-1827
-1808
-1923
-1964
-1960
-1912
-1979
-1879
-1832
-1820
-1879
-1998
-1841
-1996
-2220
-2157
-2208
-2069
-2103
-1894
-1821
-1640
-1323
-1273
-1095
-1001
-672
-447
-290
-149
-22
-32
-27
176
529
704
742
839
695
732
990
1278
1183
1036
1074
1558
1760
1926
1855
1765
1614
1390
1431
1109
1147
1255
1231
1414
1550
1436
1434
1588
1619
1659
1379
1106
937
686
651
702
483
459
255
-36
40
251
554
688
766
973
1138
1284
1330
1057
851
548
65
-25
-97
-161
-161
-320
-258
-151
-13
-160
-252
-28
-176
-284
-260
-241
-103
-158
-392
-259
-450
-395
-210
68
314
629
789
723
752
720
869
1000
933
725
491
208
85
33
42
-38
-137
-306
-539
-637
-714
-745
-867
-818
-893
-710
-766
-767
-548
-513
-429
-380
-291
-140
0
20
-55
-122
-175
-315
-231
43
45
-43
-48
130
317
400
409
297
96
147
24
-42
30
-128
-262
-461
-461
-541
-726
-688
-471
-544
-455
-291
-149
-104
-53
-65
-58
81
78
400
648
900
1052
1145
1073
971
1013
1114
1035
959
1073
1008
889
682
667
821
803
900
858
741
477
534
468
539
755
901
1208
1233
998
810
610
368
160
56
-250
-594
-836
-1027
-1203
-1136
-1163
-1455
-1428
-1378
-1165
-997
-939
-804
-767
-695
-689
-610
-774
-773
-884
-885
-801
-631
-296
-65
310
536
526
440
373
355
334
537
511
474
505
226
264
403
474
208
2
-48
107
169
344
514
275
361
198
366
653
540
352
296
194
-200
-513
-742
-856
-1011
-1189
-1245
-1342
-1363
-1511
-1514
-1381
-1385
-1515
-1660
-1546
-1580
-1601
-1593
-1613
-1870
-1978
-2074
-2007
-1853
-1821
-1722
-1549
-1203
-1091
-943
-606
-418
-396
-297
-336
-344
-328
-475
-608
-511
-522
-180
90
121
190
170
257
178
287
245
174
150
223
3
-194
-644
-713
-958
-1192
-1402
-1505
-1463
-1437
-1231
-996
-786
-689
-545
-528
-490
-229
9
255
413
813
1273
1352
1587
1684
2029
1908
1867
1756
1536
1473
1429
1445
1548
1650
1660
1577
1355
1150
815
641
629
702
818
636
670
880
961
934
759
729
584
465
408
345
202
55
-28
-86
-31
-201
14
64
28
152
132
274
198
164
109
45
-59
-39
-62
-289
-318
-468
-748
-737
-635
-625
-738
-698
-398
-301
-321
53
273
510
521
656
675
687
462
266
128
-136
-75
-131
-231
-243
-213
-375
-479
-589
-787
-778
-593
-496
-388
-642
-771
-974
-1274
-1032
-1075
-1007
-900
-937
-691
-665
-318
-165
14
174
324
493
370
559
706
756
744
958
1166
1329
1317
1428
1342
1209
1136
969
916
754
763
825
818
704
619
522
389
163
18
-104
-98
-154
-353
-496
-671
-784
-696
-514
-434
-601
-631
-617
-588
-453
-353
-266
-244
-305
-416
-360
-225
-426
-417
-516
-603
-606
-673
-758
-820
-926
-901
-754
-827
-729
-900
-865
-850
-691
-505
-340
-250
-313
-154
-285
-271
-533
-509
-499
-642
-723
-1093
-1044
-1331
-1521
-1373
-1632
-1841
-1917
-2087
-1864
-1617
-1657
-1406
-1138
-979
-954
-773
-476
-351
-266
-156
22
293
390
633
922
1067
1389
1396
1551
1746
1798
1852
1939
1879
1806
1844
1934
1902
1678
1567
1258
913
774
553
475
365
9
-203
-485
-520
-456
-687
-646
-796
-690
-736
-790
-639
-774
-494
-316
-307
-112
-312
-490
-462
-430
-349
-451
-489
-732
-968
-1159
-1276
-1339
-1629
-1638
-1606
-1562
-1219
-1330
-1351
-1385
-1428
-1314
-1090
-1116
-915
-624
-545
-552
-342
-204
-36
205
401
649
854
878
577
628
877
915
1010
914
565
516
290
161
226
62
-318
-589
-683
-885
-924
-937
-1072
-1102
-1258
-1123
-1005
-875
-688
-535
-428
-248
-139
128
408
406
572
719
1157
1308
1506
1857
1939
2188
2300
2392
2111
1820
1867
2105
1981
1835
2024
2155
2176
2145
2098
2120
2260
2093
2010
1829
1783
1766
1753
1703
1565
1376
1068
1413
1660
1502
1282
1334
1223
1311
1518
1377
1183
930
939
906
580
385
95
-34
-113
-196
-270
-396
-657
-782
-886
-1090
-1087
-1284
-1229
-1284
-1170
-1207
-1250
-1411
-1734
-1912
-2266
-2321
-2165
-1872
-1649
-1710
-1686
-1763
-1774
-1716
-1713
-1718
-1831
-1903
-1904
-1991
-2038
-1978
-2248
-2322
-2280
-1897
-1827
-1572
-1309
-1396
-1398
-1364
-1021
-790
-407
33
298
708
688
996
1352
1782
2104
2171
2364
2716
2769
2633
2898
2990
2979
2977
2873
2994
2822
2763
2663
2544
2241
2023
1751
1509
1361
1529
1876
1838
1835
1782
1535
1588
1507
1351
1448
1265
1149
1119
1148
1349
1580
1307
1241
1466
1578
1728
1550
1575
1614
1503
1288
834
792
648
438
268
80
-452
-870
-1092
-1156
-1261
-1690
-1880
-1782
-1913
-1911
-1826
-1689
-1669
-1793
-1852
-1917
-1963
-2024
-2041
-1979
-1961
-2254
-2355
-2399
-2522
-2555
-2401
-2256
-2213
-1937
-1723
-1569
-1582
-1804
-2004
-2117
-1972
-1867
-1626
-1185
-1195
-1097
-751
-584
-376
-335
-348
-246
-155
56
119
246
392
646
1065
1235
1229
1185
1369
1466
1422
1625
1427
1188
960
869
641
601
523
406
532
417
573
411
289
106
-53
-325
-418
-578
-824
-748
-771
-736
-742
-764
-782
-638
-642
-652
-462
-654
-732
-624
-643
-763
-661
-703
-835
-961
-1383
-1622
-1854
-1967
-1961
-1990
-1865
-2010
-2351
-2550
-2604
-2503
-2437
-2411
-2233
-2063
-1811
-1580
-1576
-1675
-1775
-1641
-1402
-1015
-752
-379
-220
-229
-43
9
168
573
926
1377
1762
1795
1672
1512
963
787
741
569
397
311
120
-264
-323
-222
-405
-292
161
198
326
685
948
1093
1170
1321
1564
1812
1996
2097
2097
1982
1664
1471
1245
1106
861
931
921
794
866
489
34
-561
-701
-1194
-1275
-1317
-1424
-1294
-1427
-1567
-1709
-1708
-1800
-1866
-1918
-1994
-2089
-2260
-2317
-2139
-2045
-1825
-1759
-1577
-1304
-1176
-886
-790
-546
-404
-273
-267
-595
-464
-287
-83
151
297
260
82
-255
-531
-628
-669
-322
-432
-446
-458
-558
-389
-246
-133
-118
65
155
272
147
205
491
460
780
592
781
821
795
1098
1147
1404
1686
2123
2202
2264
2445
2615
2720
2707
2566
2619
2935
2970
2847
2929
3053
3213
3055
2927
3145
3100
3165
3251
3315
3318
3234
3196
2841
2503
2121
1641
1232
733
467
172
-343
-385
-541
-872
-937
-1073
-1239
-1394
-1586
-1739
-1752
-1731
-1603
-1299
-1109
-1175
-1007
-815
-564
-513
-755
-1104
-1045
-1334
-1496
-1269
-1503
-1690
-1673
-1444
-1316
-1419
-1473
-1178
-1049
-989
-1236
-1410
-1221
-1140
-969
-998
-932
-1174
-1170
-847
-703
-698
-836
-660
-743
-947
-969
-1057
-914
-793
-728
-646
-517
-332
-4
88
327
751
937
1113
1347
1556
1737
1703
1601
1640
1470
1264
970
809
812
588
316
184
262
404
242
44
-205
-128
144
217
263
176
23
253
329
426
412
446
538
1008
1447
1406
1620
1634
1426
1421
1301
1084
1000
586
617
332
-72
-530
-752
-827
-1107
-1210
-1348
-1439
-1501
-1662
-1658
-1512
-1529
-1581
-1422
-1179
-840
-710
-559
-421
-569
-597
-254
-98
-271
-94
-35
72
396
618
849
1277
1252
1156
1063
704
797
692
526
588
504
379
396
608
835
816
749
770
757
782
927
995
1056
1136
852
1070
1074
1084
1172
998
980
809
588
136
-85
-409
-484
-133
-40
-230
-320
-249
-379
-501
-719
-818
-980
-1071
-1287
-1372
-1591
-1410
-1226
-1110
-1050
-1191
-1212
-1380
-1280
-1106
-851
-647
-688
-679
-740
-910
-1010
-1160
-1380
-1494
-1565
-1522
-1182
-1124
-1047
-1172
-1246
-1154
-1404
-1261
-1164
-1204
-1215
-1081
-715
-601
-497
-460
-448
-578
-753
-878
-898
-740
-700
-654
-491
-552
-484
-449
-301
-154
-20
-168
-395
-338
-27
338
504
712
549
348
190
-51
-84
45
-16
81
318
214
342
417
533
546
553
697
400
511
524
553
611
447
651
898
1093
1327
1620
1744
1893
1924
1941
1826
1422
1398
1253
1293
1361
1225
1186
1025
931
781
775
722
537
415
367
181
-261
-571
-955
-1096
-1310
-1567
-1726
-1957
-2193
-2207
-2077
-2118
-1931
-1765
-1814
-1902
-1612
-1268
-1115
-1118
-1197
-1051
-1122
-843
-837
-616
-670
-837
-997
-1046
-1148
-1420
-1263
-1175
-982
-1094
-798
-753
-679
-581
-119
329
676
1046
1185
1342
1276
1462
1780
2063
2374
2298
2325
2416
2364
2360
2121
1937
1772
1523
1452
1197
805
809
759
604
623
833
1039
884
1042
875
719
841
895
915
1160
1144
1054
880
700
717
702
597
402
246
-108
-529
-617
-711
-925
-880
-913
-1083
-1206
-1224
-1285
-1592
-1764
-1920
-2137
-2050
-2181
-2311
-2292
-2195
-2171
-2148
-1983
-1815
-1711
-1624
-1660
-1553
-1197
-1036
-769
-535
-91
67
151
106
-7
58
-192
-195
-466
-334
-332
-291
-390
-575
-373
-277
-216
-71
-43
226
276
118
-30
-41
13
-230
46
71
138
214
242
248
245
407
463
743
715
607
359
212
-65
-348
-253
-341
-328
-401
-311
-381
-466
-308
-79
165
615
1097
1253
1519
1816
1869
1839
1820
1954
2034
2003
2141
1980
1889
1786
1735
1542
1904
1734
1658
1723
1477
1434
1183
1083
540
377
221
40
-146
-476
-569
-882
-1107
-1302
-1488
-1280
-1429
-1222
-1364
-1552
-1535
-1646
-1576
-1392
-1102
-1160
-1084
-619
-447
-421
-370
-445
-119
18
44
113
618
796
679
632
741
670
627
663
540
558
397
469
157
-154
-368
-512
-568
-619
-805
-715
-519
-264
14
-184
-237
-287
-504
-809
-1313
-1718
-1575
-1812
-1971
-1748
-1547
-1393
-1563
-1483
-1236
-1360
-1564
-1750
-2108
-1785
-1900
-1841
-1855
-2127
-2128
-2310
-2286
-2237
-1909
-1954
-1601
-1161
-954
-478
-269
-101
143
229
214
430
415
574
544
606
217
90
167
554
985
1021
1332
1207
1354
1394
1184
1108
1429
1511
1400
1249
1366
1677
1622
1359
1144
741
594
699
559
357
86
-253
-316
-569
-759
-1094
-1108
-928
-877
-983
-1272
-1228
-984
-590
-564
-455
-390
-351
-197
-96
-255
-459
-469
-618
-904
-999
-967
-1110
-1136
-1065
-999
-1134
-1357
-1427
-1440
-1018
-787
-927
-566
-283
-50
361
358
524
583
544
650
652
804
805
619
570
667
749
722
609
430
279
134
-131
-162
-310
-277
-201
57
-36
-134
-120
-137
-80
31
131
10
156
113
457
634
692
577
289
234
105
88
-32
-66
-212
-331
-250
-615
-822
-1240
-1444
-1415
-1510
-1626
-1674
-1690
-1591
-1743
-1664
-1314
-1147
-629
-224
78
440
739
801
956
1108
1331
1703
1896
2142
2195
2208
2194
2317
2557
2734
3200
3438
3743
3921
3957
3803
3465
3308
2822
2425
2243
2123
2049
2073
1881
1819
1624
1485
1315
1249
878
841
722
640
754
771
781
789
833
745
566
563
715
782
726
845
1063
923
898
802
951
1059
1167
1276
1131
1282
1366
1349
1291
1416
1325
1494
1468
1150
639
286
144
-42
-153
-232
-71
-204
-81
0
423
367
185
434
549
617
714
570
314
103
15
-51
-194
-281
-206
47
-135
-178
-204
-229
-277
38
154
486
685
643
962
1197
1448
1721
1849
1929
2349
2660
2624
2670
2615
2573
2511
2654
2682
2497
2328
2417
2230
2088
1943
1725
1664
1457
1663
1754
1987
1737
1887
1624
1602
1858
1534
1186
960
788
416
-1
-250
-106
-205
-244
0
53
483
708
860
811
758
794
707
677
553
349
296
-59
-361
-394
-562
-550
-458
-461
-400
-437
-564
-509
-591
-588
-732
-1005
-1086
-1069
-1186
-1448
-1149
-1362
-1375
-1453
-1692
-1716
-1862
-1978
-2164
-2114
-2476
-2523
-2671
-2739
-3054
-3257
-3309
-3250
-3299
-3175
-2964
-2748
-2529
-2705
-2530
-2456
-2367
-2252
-2309
-2211
-2089
-2041
-1779
-1562
-1498
-1137
-806
-642
-506
-591
-536
-386
-226
61
163
276
487
781
942
1063
1251
1512
1336
1354
1449
1152
930
919
788
579
819
771
581
585
854
1018
962
815
791
1075
1159
1227
1119
911
945
1175
1244
1223
1237
1108
1104
1015
765
538
555
400
113
-220
-440
-397
-370
-357
-279
-264
-534
-337
-211
-556
-682
-865
-1151
-1240
-1291
-1598
-1882
-2182
-2277
-1976
-1904
-1686
-1458
-1282
-1459
-1482
-1657
-1841
-1810
-1929
-1926
-1840
