-554
-398
119
-23
-75
-101
99
637
965
1161
1150
985
1273
1480
1520
1477
1952
1875
1617
1397
848
585
620
812
757
617
723
1227
1020
1423
1603
1996
2143
1960
2125
2318
2164
1983
2079
2061
2464
2417
2374
2449
2386
2168
1705
1426
1205
1112
801
1050
1713
1938
1643
1579
2206
2048
1944
1647
1954
2234
1897
1841
2090
1822
1128
1233
1083
1169
1271
1169
709
494
298
338
97
-168
-425
-567
-670
-480
-408
-128
-50
-60
-96
-298
-129
211
963
1062
1440
1689
1396
1173
847
1061
815
639
772
606
727
867
955
914
1001
1072
907
923
534
431
873
673
902
881
1159
1517
1675
2105
2114
2115
1898
1589
1447
1333
1336
1225
1307
1533
1755
1769
1489
1952
1798
1283
1189
692
601
258
-20
-246
-386
-126
-242
-448
-1070
-1864
-2028
-1739
-1787
-1934
-2019
-2248
-2481
-2543
-2424
-2273
-2247
-2524
-2783
-2674
-2946
-2836
-2388
-2198
-2097
-2155
-1968
-1859
-1656
-1434
-1308
-1024
-1365
-1606
-1583
-1667
-1585
-1815
-1383
-1620
-1557
-1424
-1679
-1422
-1156
-825
-818
-706
-793
-524
-354
-180
-154
-597
-418
-347
-829
-711
-839
-888
-435
-161
-358
-293
-262
-245
-229
-337
-101
117
347
475
498
154
-109
-558
-374
-657
-782
-1062
-1157
-702
-1326
-1815
-2197
-2609
-2557
-2688
-2665
-2361
-2501
-2723
-2957
-2889
-2909
-2896
-2992
-2947
-2964
-2917
-2657
-2077
-1677
-1584
-1509
-1306
-786
-392
-343
-70
234
480
618
220
169
121
201
60
-430
-500
-524
-183
52
-76
210
100
-123
-329
-155
170
-5
-36
292
313
280
47
117
531
619
852
920
734
974
888
750
1010
1440
1571
1551
1880
2029
2054
1839
1652
1512
1133
987
777
619
577
474
710
654
215
345
139
-5
83
-10
-172
-87
85
-87
25
218
-29
10
81
328
225
-40
-419
-488
-468
-361
-201
-62
253
384
354
421
516
401
565
497
445
575
509
332
448
522
844
474
27
-153
181
-187
-432
111
-203
144
414
321
385
540
650
1421
1535
1549
1741
2084
2005
2142
2253
2131
2142
1980
1989
1886
2058
1658
1909
2016
1821
1231
884
858
454
478
378
232
237
-192
-379
-625
-635
-428
-576
-490
-712
-555
-51
108
-54
-595
-1142
-1080
-1177
-1374
-1177
-620
-813
-1171
-1018
-908
-715
-864
-641
-413
-391
-570
-761
-468
-573
-625
-331
-211
-857
-493
-599
-483
-86
-29
-411
-293
-445
-833
-692
-903
-590
-270
134
215
-12
263
425
317
512
89
94
282
696
1022
708
374
476
620
964
1136
1297
1341
1054
1235
1708
1152
670
602
375
288
221
322
203
273
344
147
282
-142
-493
-65
-113
-317
-316
34
9
-436
-350
-102
-449
-678
-295
-205
-144
-181
-162
-206
-370
50
118
-15
-251
-312
-354
-448
-608
-1075
-1270
-1252
-1261
-1170
-1210
-1196
-928
-1006
-870
-923
-1221
-959
-623
-622
-550
-680
-573
-848
-771
-374
-60
43
62
242
272
88
471
341
-107
254
17
179
111
-324
-117
-45
-222
-282
-570
-839
-1241
-835
-1102
-1764
-2064
-2086
-1492
-1813
-1520
-1900
-1855
-1581
-1562
-1602
-1421
-883
-738
-412
-577
-660
-787
-625
-102
-39
48
-201
41
166
184
-289
-872
-694
-1121
-1055
-1163
-1470
-1391
-1353
-953
-484
-618
-871
-895
-1006
-1069
-653
-180
221
248
-404
-321
-324
-266
-64
-237
684
555
828
1507
979
760
853
929
874
425
386
646
497
296
362
395
457
571
289
145
466
182
2
-313
-630
-643
-1277
-1385
-867
-874
-960
-1202
-925
-488
-886
-889
-710
-524
-645
-354
-189
-89
393
695
724
578
763
885
729
962
1305
1279
1308
1399
1819
1606
1307
1319
1421
1589
1305
1119
905
1064
833
865
863
663
311
-53
-202
58
204
367
578
386
755
574
175
494
1022
1388
1648
1851
1775
1272
1145
713
451
472
112
-270
-579
-952
-1150
-1378
-1460
-1460
-1230
-1311
-1985
-1937
-1675
-1766
-1922
-2113
-2382
-2632
-2742
-2952
-3190
-3174
-3005
-2724
-2839
-2799
-2428
-2130
-1664
-1438
-1174
-915
-201
105
391
1181
1730
2209
2579
3248
3646
4039
3922
4106
4072
4061
3968
3711
3568
2795
2379
2273
1875
1003
559
-61
-315
-729
-1291
-1791
-2423
-2856
-2903
-2896
-2356
-1846
-1788
-1418
-1677
-1858
-1789
-1364
-1223
-925
-686
-439
-112
116
542
1001
1308
1094
1421
1864
1944
1771
1467
1130
963
759
255
-104
-741
-1213
-1544
-1773
-2085
-2414
-2448
-2107
-1997
-1540
-1178
-1043
-736
-880
-1115
-1230
-1166
-1559
-1296
-1015
-297
-467
-325
304
679
1262
1796
2163
1976
1898
1885
2346
2364
1867
1859
1679
1416
1548
1403
1095
1077
812
226
-17
-333
-603
-158
-312
-448
-548
-3
595
602
689
632
572
714
874
516
454
455
505
389
223
14
-42
-196
136
-253
-336
-421
-985
-957
-1079
-1354
-1839
-1960
-2310
-2165
-2131
-2204
-1958
-1490
-1568
-1565
-1308
-1452
-1316
-994
-452
47
179
55
91
459
1088
1485
1562
1429
1383
1096
1360
1710
1860
2163
1884
1749
1540
1421
1426
1350
1682
1858
1899
1406
1161
1074
550
162
-374
-641
-293
-99
-64
419
332
266
242
197
544
531
1286
1369
980
886
708
542
283
517
568
127
-374
-92
-676
-896
-617
-929
-1164
-1463
-1601
-1730
-1460
-892
-981
-1247
-1212
-1483
-1885
-1960
-1655
-1635
-1332
-1147
-905
-607
-868
-581
32
499
579
1303
1896
2046
2238
2016
1778
1545
1206
1268
960
1030
941
1334
1490
1176
1140
1003
1229
1264
1162
1325
1847
1952
1935
2188
2176
2318
2224
1842
2241
2344
2228
2458
2570
2671
2376
2355
1885
1439
1086
830
572
302
91
37
-200
-776
-976
-1143
-913
-1003
-1204
-1252
-1650
-1595
-1435
-1765
-2106
-1845
-2041
-1908
-1886
-1785
-1488
-1202
-791
-1269
-1452
-1010
-830
-890
-1049
-993
-548
-493
-307
-122
23
306
409
46
-245
-406
-115
-277
-574
-414
-478
-387
-151
-323
-498
-359
-169
-294
-470
80
36
-363
122
196
456
442
682
723
485
488
361
614
1157
1518
1387
1129
846
1088
1243
636
263
546
-46
-586
-776
-786
-1187
-1834
-2209
-2644
-2904
-3022
-3107
-3204
-3212
-3483
-3114
-2941
-3158
-2897
-2856
-2753
-2650
-2701
-2185
-2245
-1994
-2123
-1810
-1734
-1844
-1653
-1491
-836
-1006
-998
-972
-777
-496
-805
-892
-673
-414
-448
-246
-299
-593
-557
-203
13
134
-189
-9
187
316
537
333
-79
-290
-366
-683
-780
-859
-578
-818
-637
-607
-165
-152
-254
-158
55
467
256
448
390
147
-15
25
181
11
243
775
764
429
104
387
-33
-149
-553
-444
-614
-735
-888
-785
-552
-534
-610
-784
-1154
-1482
-1237
-1018
-558
-451
103
464
1022
1188
919
835
893
824
792
733
624
934
965
1363
1176
1565
1477
1192
1458
1188
1091
1275
1326
1004
1453
1338
1061
1312
1104
1083
1318
1532
1966
1828
1810
2250
2358
2262
2469
2839
3234
3873
4232
4165
4051
4607
4561
4327
4384
4283
4306
4390
4607
4374
3918
3560
2749
1961
1400
1241
1155
-5
-545
-1071
-1789
-2534
-3462
-4765
-5197
-5142
-5691
-5761
-6044
-6045
-6016
-6083
-6049
-6040
-5584
-5105
-4423
-3804
-4135
-3941
-3441
-3316
-2658
-2760
-2534
-2276
-2135
-1567
-1177
-1074
-966
-355
201
766
1577
2495
3094
3493
4031
4086
4072
4153
4250
3581
3035
2887
2599
2470
1628
915
783
383
-23
158
579
625
587
676
543
666
-60
-556
-644
-899
-1581
-1382
-434
-365
-386
-113
442
682
1319
1709
2175
3111
3678
4232
4860
5354
5560
5882
5796
6102
5843
5203
4373
3469
2300
1391
940
43
-491
-970
-1064
-1205
-1545
-1797
-1592
-2030
-2335
-2494
-2824
-3130
-3797
-3795
-3583
-3716
-4374
-4699
-4552
-4660
-4954
-5124
-4652
-4603
-4302
-4228
-3750
-3697
-4171
-4067
-4035
-4152
-4509
-4754
-5249
-6047
-6888
-7468
-7299
-7495
-7716
-7851
-7863
-7421
-7206
-5956
-4470
-3357
-1668
-331
1073
2391
3892
5410
6643
7562
8210
8109
8351
8533
8470
7444
6608
6344
5710
4623
3915
3597
3304
2602
1527
750
-110
-1170
-2230
-2939
-3423
-3953
-4914
-5284
-5134
-5685
-5567
-5137
-4517
-3881
-2467
-886
547
2096
3973
5938
7466
9092
10462
11563
12716
12970
12551
12081
11677
10644
9187
8446
7185
5346
3901
2858
1698
505
-359
-1376
-2143
-3074
-3413
-3821
-4205
-4480
-4527
-4826
-5433
-5688
-6188
-6084
-5817
-5423
-4793
-4039
-3910
-3499
-3235
-2620
-2966
-2974
-3056
-3363
-3448
-4008
-4615
-5706
-6197
-6481
-7611
-8918
-9367
-9627
-10637
-11036
-11154
-11186
-11396
-11243
-10548
-9649
-8313
-7630
-5729
-4222
-2666
-787
1200
2669
3442
4717
6667
8044
8522
9565
10971
11262
9959
10033
10049
8792
7545
7287
6827
5473
4275
3475
2928
2030
1076
781
358
-168
-659
-1143
-1286
-1751
-1977
-1637
-892
-510
62
950
2138
3249
4690
6643
8374
9891
11414
12992
13529
14358
14534
14683
14566
13365
12261
10673
9319
7350
5229
3677
2165
615
-826
-1777
-2557
-3152
-3528
-3661
-3662
-3976
-3781
-3527
-3353
-3426
-3616
-3832
-3992
-3682
-3228
-3049
-2990
-2679
-2595
-2275
-1643
-1585
-1473
-1593
-1794
-1791
-2778
-3545
-4085
-4817
-5376
-6315
-6866
-7263
-7895
-8932
-9341
-9448
-10076
-10509
-10122
-9648
-9287
-8849
-8209
-7271
-6259
-5706
-4696
-2939
-689
671
1856
4391
7106
8359
9104
11408
14136
13861
12246
12830
14575
13638
10481
9826
9867
8470
5367
4472
4829
3273
302
-931
-356
-958
-2563
-3015
-1533
-1881
-3311
-3063
-2511
-2148
-2975
-2653
-1743
-1432
-877
569
2604
4190
5492
7202
9446
11378
12157
13012
15016
15988
15048
13793
13775
13358
10588
8467
7851
6786
3894
1590
1210
135
-1989
-3092
-3084
-2994
-3548
-3901
-3446
-2852
-3537
-4346
-3659
-3051
-4139
-5118
-4553
-4747
-5836
-6830
-6330
-6409
-6972
-7150
-6638
-6600
-6942
-7026
-6306
-6151
-6778
-7082
-7112
-7570
-8659
-9937
-10340
-11332
-13067
-14175
-14873
-15126
-15730
-15109
-13764
-12342
-10301
-7562
-4998
-2054
1299
4496
7313
9667
11835
13505
14206
14985
15149
14988
13456
11539
10668
9802
7699
6411
5184
4371
3552
2933
2970
2785
1557
254
-702
-1217
-2700
-4179
-5483
-6899
-7839
-8837
-9058
-9025
-8305
-7255
-5677
-2935
-408
2410
5243
8306
10775
13151
15259
16278
17245
17805
17815
17674
17043
15773
14479
12952
11381
9994
8764
7351
6085
4919
3458
2238
1231
-214
-776
-1462
-2312
-3022
-3946
-4947
-5502
-5874
-6607
-6989
-6662
-6631
-6712
-6051
-5012
-4728
-4802
-4630
-4579
-4715
-4761
-5571
-6174
-7168
-7877
-8711
-9814
-10782
-11951
-12699
-13275
-14442
-14917
-14891
-15727
-16825
-17499
-18163
-18168
-16444
-14281
-14335
-13120
-8885
-4817
-3386
-983
4819
10184
9471
9803
15251
19417
18045
14979
16836
18684
15711
11367
11813
11904
8586
4631
4568
4843
2516
-1139
-1413
-1350
-3014
-5607
-5902
-6215
-8098
-10205
-10167
-10349
-11292
-12051
-11697
-10010
-8107
-6238
-2737
1394
4806
8860
13329
17153
20160
22017
24577
25661
25024
24211
23714
22160
18948
15982
14078
11673
8241
5929
4712
3126
1495
179
-485
-1648
-2847
-3089
-3436
-4237
-5677
-6585
-6638
-6621
-7238
-7898
-7675
-7471
-7378
-6570
-5032
-3920
-3280
-2787
-1742
-827
-1171
-2563
-3635
-3861
-5468
-7196
-8862
-9996
-11674
-13613
-14778
-15734
-17070
-18591
-19174
-19071
-19787
-20901
-22015
-22478
-22691
-22103
-20046
-17406
-15956
-13959
-9189
-4279
252
3946
9485
14529
17625
19501
24107
26881
26690
23569
22861
22525
20418
16526
14899
12880
10424
6561
5360
5233
3468
143
-1974
-2035
-3347
-5981
-7611
-8556
-10436
-12625
-13163
-13428
-14071
-14265
-13370
-10870
-7482
-4009
666
4927
9426
14067
18553
22822
26084
27482
28923
29993
29603
28293
25990
23243
19401
15581
12405
9917
6717
3804
2152
875
-652
-2006
-2876
-3441
-4264
-5074
-5198
-5438
-6485
-7771
-8077
-7730
-7831
-8285
-8193
-7293
-6184
-5571
-4125
-3039
-2291
-1543
-919
426
393
-1045
-2317
-3061
-4376
-6106
-7985
-9632
-11677
-14094
-15877
-16250
-17927
-19312
-20383
-20418
-21091
-21439
-22292
-22493
-23685
-24513
-24275
-22392
-19526
-17505
-15714
-12214
-6298
-1513
1938
6931
14033
18192
18215
19867
25466
27373
24503
20098
20955
20441
15290
9875
9754
9035
5442
922
1805
1830
-1214
-4994
-4140
-3462
-5172
-8009
-8058
-8532
-10902
-13591
-13321
-13177
-14488
-14875
-12686
-9491
-6819
-3608
2045
7161
11382
15658
21369
25833
28403
29513
31258
32326
30795
27930
25030
22027
17350
12734
9266
6136
2108
-1543
-2201
-2908
-4519
-6080
-5972
-5616
-6610
-7100
-6863
-6797
-7991
-8784
-8516
-7811
-8561
-8941
-8207
-6651
-6456
-6062
-4603
-3185
-2551
-1573
554
2394
1360
152
385
-325
-3405
-6490
-8460
-10961
-14665
-17533
-19614
-21517
-23743
-25064
-25642
-26012
-26753
-27182
-26368
-24697
-22387
-19122
-15725
-13468
-9603
-4637
82
4216
8306
13511
16274
16913
18596
22232
23832
21547
19688
19331
18106
15517
12929
11778
9886
6608
4368
3302
969
-2222
-5282
-6288
-7785
-10137
-12163
-13201
-14292
-15881
-16089
-14522
-13651
-13264
-11498
-8351
-4946
-1252
3288
8559
13039
17063
21114
25547
28726
30087
31482
32277
31624
30220
27786
25547
22632
19022
15550
12349
8979
5265
2316
-288
-2314
-4835
-6875
-8006
-9357
-10307
-10903
-10853
-11085
-11675
-11212
-10584
-9932
-9320
-8600
-6841
-5528
-4533
-3564
-2235
-1456
-1136
-907
-502
-769
-1803
-2708
-3765
-4842
-6774
-8790
-10135
-11906
-14198
-15999
-17102
-18753
-21049
-22796
-24185
-25529
-26615
-28331
-29484
-30203
-29511
-26428
-24046
-22398
-17866
-11979
-7562
-2858
4321
12600
16853
18478
21848
27932
29574
28017
26462
26976
24868
20814
18308
17773
14849
11172
9419
9524
7893
4650
2770
2508
770
-2254
-4020
-5119
-7990
-11688
-12575
-12905
-14101
-15057
-14086
-11499
-8820
-5765
-1059
4827
10423
15060
19904
23875
27047
29374
31390
32271
32262
30966
29123
26868
23464
20000
16501
12834
9417
6332
3713
1666
-682
-2954
-4312
-5347
-6577
-7672
-8281
-8965
-10128
-11242
-11665
-11902
-12201
-12416
-11870
-10649
-10113
-9164
-7460
-5291
-3861
-2534
-1094
823
1677
1489
1875
1859
1086
-754
-1663
-2766
-4797
-7600
-8942
-10326
-12204
-14218
-15286
-16421
-17690
-19251
-19897
-19891
-20742
-22331
-23873
-24043
-21777
-19036
-18350
-17230
-11631
-5845
-2883
705
8508
15492
16369
15806
21302
25964
24168
20108
20376
22011
18431
13606
13397
13589
9597
5220
5608
7424
4168
511
535
1903
-1232
-4827
-5778
-6628
-10364
-13264
-13824
-13551
-15947
-17157
-15487
-12425
-10331
-7287
-2512
3248
7777
12730
18150
23207
26543
28353
30100
31145
29985
27559
24933
22209
18101
14179
10606
7410
4408
1779
-20
-678
-2316
-3354
-3955
-4419
-5339
-6409
-7099
-8091
-9536
-10667
-10708
-10767
-11164
-11583
-10158
-8164
-7073
-5790
-3107
-378
1306
2449
4948
7062
6407
5579
5925
5514
3128
661
-785
-2910
-6183
-8714
-9920
-11282
-13443
-14783
-14726
-14706
-15460
-15683
-16030
-16508
-17989
-19682
-22040
-23420
-20247
-16662
-18818
-19641
-12564
-5819
-5206
-3754
7136
15687
12912
10748
20736
27684
23030
15050
19066
22621
16151
8497
11640
13285
8250
2376
6938
10646
6685
1181
5099
7709
4089
-247
829
847
-4779
-9225
-8368
-8523
-12963
-15490
-13758
-10828
-9563
-7614
-2635
3799
8521
12801
18283
23813
27028
27807
29636
30986
29228
25355
22362
19655
14643
9810
6004
2839
-732
-3179
-3623
-3466
-4312
-4527
-3775
-2736
-3747
-4433
-4795
-4898
-7306
-9156
-9642
-9589
-11783
-12894
-11215
-9299
-9427
-8573
-4780
-2308
-1277
960
4191
6549
5544
5055
5917
4868
834
-1431
-2661
-5332
-10501
-13279
-13763
-16013
-19059
-20264
-19275
-19164
-20692
-20390
-19303
-19192
-22077
-23290
-25820
-26930
-24435
-20539
-24002
-23648
-16427
-9057
-8373
-5064
7925
17595
14025
14062
24725
31773
26718
19216
24286
25796
17898
10045
13320
13575
7568
1195
7112
8866
5072
-170
5343
6462
3366
-945
1154
-767
-6608
-11063
-9839
-11834
-16462
-19204
-16508
-13478
-12252
-9198
-2128
3978
9389
14738
20513
25896
28486
29974
31943
32042
29740
26551
23232
18993
13163
8872
4810
951
-2970
-5088
-6164
-5837
-6667
-6224
-5648
-4618
-4856
-4843
-5595
-5816
-7716
-9494
-9736
-10081
-11507
-12155
-10075
-7568
-6759
-4734
23
3192
4975
7237
10797
12921
11643
10274
11076
8590
4144
1194
-570
-4449
-10160
-12750
-13018
-15661
-18648
-18741
-17292
-16790
-17275
-16108
-13992
-14201
-16190
-16802
-17609
-21279
-22325
-18270
-17560
-23105
-19763
-11657
-7349
-8452
-620
12513
16845
11363
17855
28742
31311
20942
18950
24665
21729
10417
7722
10494
7101
-2351
-3288
3194
2091
-3405
-3507
3005
2336
-1366
-2824
-6
-3916
-8988
-10455
-9077
-12895
-17274
-18147
-15110
-13677
-12212
-8259
-1430
4544
9904
15562
22646
26882
28460
29644
32211
31548
28031
23511
20830
15406
9437
3957
320
-3848
-7484
-9297
-8277
-7722
-8297
-7536
-4449
-2644
-2723
-2548
-1070
-1237
-3692
-4224
-3524
-4563
-6872
-6768
-3882
-2701
-2986
171
5122
8110
9817
13081
17179
17957
16608
16651
16348
12557
7463
4097
826
-4668
-10238
-12460
-14516
-17417
-19511
-18599
-17247
-16382
-15654
-12711
-10348
-9576
-9955
-9729
-10646
-13230
-17997
-18859
-16195
-16072
-20909
-18646
-10905
-6186
-6642
-55
12901
18591
14002
18154
28621
31619
22928
18460
22288
19843
9399
4258
6575
3974
-3238
-5651
1236
2757
-450
-749
6219
7551
5239
3596
6043
3159
-2277
-5972
-5789
-9497
-14136
-16966
-14924
-13295
-12277
-9444
-3434
2762
8049
13452
20104
25840
28097
29329
30674
29777
25864
20315
15622
10073
3943
-1328
-5373
-9029
-11835
-12380
-11141
-9348
-8089
-5961
-3130
-1131
-982
-305
75
-1000
-4242
-5896
-6693
-8573
-11400
-11016
-9184
-7778
-7280
-3047
2074
5153
7518
11972
15949
16648
15035
14462
13479
8890
3023
-890
-4783
-10783
-17037
-19622
-20425
-22539
-24087
-22328
-19121
-17081
-15883
-12823
-9742
-8813
-9670
-10414
-11206
-14455
-20550
-23361
-20175
-19645
-25594
-24038
-15196
-8999
-9372
-2475
12244
19365
14788
18578
29648
32402
23037
17752
21673
18287
7154
1839
4446
1550
-4655
-6192
1373
2863
859
1450
8506
9558
7341
5795
7161
2715
-2879
-6844
-8597
-13428
-18101
-20544
-19851
-18946
-16738
-11869
-5456
1405
8556
14827
21698
27370
30232
31610
32484
31109
26760
21568
16616
10603
4279
-430
-4197
-7299
-9720
-9878
-8144
-5896
-4844
-2477
501
2573
1522
1902
1886
714
-3430
-5910
-6487
-7634
-10902
-11178
-8768
-6454
-5371
-1767
3694
7475
9685
13596
17407
18054
16724
14909
13364
9282
3620
-694
-4211
-9657
-14920
-17024
-18130
-20086
-20917
-19019
-16426
-15141
-13580
-10810
-8543
-8896
-9746
-10801
-12827
-17814
-22576
-21724
-18801
-22759
-25025
-18110
-9952
-8188
-6192
6237
17233
16864
14888
24639
31585
26955
17318
18922
19939
11751
2130
3124
3289
-1914
-7211
-2347
2159
896
-707
3400
7476
5821
3708
3670
2538
-3098
-7605
-10234
-12510
-17300
-19504
-19912
-18000
-16208
-12234
-6564
409
7628
14687
20189
26121
29730
31632
32396
32155
29326
24877
19948
14866
8954
4077
-7
-3307
-6050
-6800
-5691
-4447
-3730
-1779
1045
2877
3068
2675
3397
2587
-645
-2872
-3057
-4644
-7421
-8314
-6178
-4899
-3896
-787
4128
6868
9007
12108
15906
17075
15838
14451
13432
10552
5461
1249
-1992
-6401
-12203
-15871
-17030
-18342
-20332
-19924
-17465
-15912
-15993
-14880
-12755
-12315
-13904
-16497
-18058
-17506
-16467
-18814
-21188
-17284
-12112
-10049
-8368
1443
11132
13039
12182
20957
28566
28081
21313
22329
24082
18746
10321
9189
8887
3328
-2819
-2007
1411
-1037
-3178
-1220
2996
1826
-111
-611
-45
-4012
-7548
-10188
-10966
-14559
-18243
-19389
-16924
-15411
-13892
-10200
-3578
3016
8445
14065
21165
26670
28898
30490
31964
31186
27499
22962
19229
14285
8698
3078
-1399
-4946
-7485
-8856
-8699
-8209
-7731
-6054
-4318
-2783
-2347
-1431
-1920
-3140
-5041
-5587
-7041
-8972
-10440
-9366
-8251
-7673
-6230
-2189
1658
3934
6393
9655
12300
12633
11785
11376
9958
5520
924
-2436
-6064
-12205
-16640
-18256
-20227
-23324
-24386
-23145
-22144
-22260
-21028
-18922
-18526
-19857
-21588
-19404
-16009
-18200
-22250
-16995
-11791
-10172
-11191
-1828
7719
9111
7079
16695
25533
26693
20063
22921
26850
22623
15254
14266
13928
7648
1085
338
3131
-1600
-4952
-5232
-1258
-2929
-4408
-5653
-3940
-7346
-9274
-10927
-10658
-13712
-16469
-18031
-16056
-14825
-13760
-11348
-5956
75
4836
9952
17125
22590
25970
28750
31720
32291
30480
27845
25027
20748
16473
11743
6690
2850
-125
-2192
-3764
-4556
-5241
-4221
-4024
-3155
-3287
-1552
-2114
-3098
-4391
-3726
-5360
-6987
-7937
-6594
-6334
-6592
-5408
-2243
148
1296
3847
7576
10480
10484
10573
11794
11774
7831
4542
2997
331
-5630
-10550
-12040
-14611
-19364
-22318
-22060
-22994
-25088
-26049
-23666
-23570
-24964
-22118
-16168
-16625
-18472
-13079
-6679
-5100
-6534
2429
9491
8415
5561
14813
21420
21072
14629
20334
23549
21002
15429
18293
18074
13468
7780
9251
9247
3877
-958
-1940
-1564
-5221
-8694
-9762
-9578
-13314
-14753
-14836
-13161
-15343
-16409
-15254
-11726
-10371
-8502
-5451
-595
3597
7258
11364
16758
19627
21792
24319
27116
27141
26504
25898
24945
21738
19556
16766
13586
9510
6857
5124
3266
198
-1537
-1763
-2762
-3961
-4883
-3901
-4681
-5900
-6507
-4890
-5647
-6658
-6786
-4596
-3905
-4188
-3399
-802
-70
202
1272
3372
4201
3343
3236
4791
4301
1399
239
200
-1213
-4693
-6201
-7021
-9632
-12437
-14632
-15405
-17506
-20715
-22649
-21934
-24026
-26018
-23318
-17456
-19339
-19065
-11282
-3781
-2725
-1602
9491
16462
13887
11626
20365
24061
20859
12439
17506
18045
14176
8206
11950
11221
8556
4212
8813
9601
6613
3350
3555
3768
96
-3939
-6814
-8772
-13835
-16059
-17953
-16819
-18944
-19211
-17845
-13056
-10510
-7198
-2886
3411
7938
10973
15285
20088
21057
21235
22490
23445
20986
18078
16814
15471
11715
10255
8375
7637
5133
3863
3985
4363
2148
672
320
-88
-2722
-4899
-4603
-6021
-8626
-10109
-8880
-9087
-9574
-9315
-5772
-4589
-3369
-1755
1661
3071
3408
3470
5471
4696
1949
252
509
-2034
-6127
-7991
-7625
-9067
-11998
-12039
-11084
-11934
-13518
-13537
-12361
-13972
-16285
-17590
-18029
-21127
-24285
-22680
-18407
-21355
-23163
-14836
-7649
-5395
-4326
8980
17379
16249
14136
25383
29214
26203
16298
21015
20111
13557
5282
6797
5107
87
-4163
-540
2073
-1091
-1761
-639
2161
-560
-2406
-4989
-5251
-11039
-13751
-16622
-16541
-20426
-21561
-20237
-15694
-13478
-9440
-3712
3832
9496
14414
19765
25870
27544
27800
28687
28866
25789
21674
18794
15960
11287
8578
5952
3649
1824
1271
1979
2561
2900
2635
3168
2675
2258
502
-278
-2401
-4507
-6714
-6751
-8236
-9007
-8745
-6218
-4609
-2732
-262
3124
5527
6951
9350
11018
10622
8007
6012
5260
1922
-3774
-6990
-8339
-11633
-16389
-17948
-16946
-18027
-20263
-19961
-17587
-17846
-19855
-20046
-18701
-20366
-20345
-16465
-14612
-18655
-14300
-7167
-2735
-3322
4646
15084
17603
14417
22798
31361
31478
24182
24961
29107
23251
15453
12992
13278
5388
-72
-1810
853
-4951
-7429
-8428
-5693
-8778
-10195
-12513
-11528
-14933
-16292
-17357
-16493
-18381
-19875
-18703
-14593
-11540
-8823
-3568
3383
9927
14657
19711
26218
29705
30026
31315
32559
30828
26534
22901
20263
15947
11046
7740
4492
2186
-738
-1330
-1489
-1831
-3571
-2209
-2027
-2301
-4292
-4428
-5424
-7134
-9028
-8511
-8855
-10056
-9698
-7053
-4898
-4120
-2255
966
3406
3978
5423
7236
8008
5979
4336
3651
2201
-2297
-6093
-7702
-10400
-14749
-17932
-17991
-19978
-22341
-23618
-23174
-23937
-25998
-27095
-27466
-25152
-20523
-18902
-20361
-13527
-6327
-2168
-1384
8684
18770
19876
17047
25353
32630
31828
25086
26096
30413
25050
18178
16889
17793
11558
6558
4947
7268
1816
-2207
-4954
-3601
-6730
-11090
-15242
-15784
-19526
-22977
-24815
-24005
-24927
-26301
-24053
-18372
-14142
-10386
-4691
3206
10442
15673
21260
27069
29856
30665
31946
32270
30002
26552
23183
19158
15255
11615
8491
4611
2818
1395
586
-1170
-1189
-1532
-1915
-3119
-3575
-4759
-5565
-8100
-10312
-10710
-11135
-12365
-13239
-11221
-8876
-6499
-5107
-1204
2196
4868
6147
8249
9878
9802
7174
5331
3589
29
-5034
-8370
-10373
-13549
-17545
-19042
-18275
-18952
-20666
-20729
-19620
-20781
-23080
-25044
-24303
-22100
-20813
-24548
-22455
-15010
-11171
-10548
-4992
7398
13329
12011
17229
28907
31503
27334
25023
31290
29534
22229
18412
20035
15242
8337
4834
6684
3898
-1638
-3763
-3191
-3923
-7525
-10382
-11372
-12752
-17129
-19457
-20678
-20984
-23662
-24767
-22806
-19187
-17093
-13801
-8079
-551
5715
11224
17961
23936
26957
29232
31258
32334
31061
27971
24538
21533
17651
13379
8469
5494
3320
758
-1070
-1108
-1720
-2443
-2736
-1947
-2133
-3401
-4031
-4893
-5994
-6973
-7761
-8807
-9171
-8786
-7535
-6478
-4398
-2057
734
2534
4669
6633
7472
6874
6112
5456
3627
-262
-4028
-6869
-9935
-14295
-18078
-19599
-20689
-22528
-23469
-22489
-22389
-22917
-24259
-22488
-17810
-15852
-18669
-16338
-8701
-5839
-6606
-2462
8520
11286
8693
12802
24309
26481
22818
21821
29618
28495
22770
20467
23280
19329
13846
10773
12205
9341
2660
-492
-1129
-2747
-7345
-11147
-13380
-14654
-18073
-19588
-20233
-19721
-20925
-21035
-18321
-14144
-11702
-8751
-4478
1888
7221
11149
14924
19971
23253
25074
25613
27098
26963
24603
21529
20426
18231
14826
10651
8525
7043
4449
2503
1466
211
-2000
-3098
-3915
-4885
-7247
-8198
-9548
-10359
-10914
-10381
-10720
-10176
-8519
-5881
-4099
-2132
284
2573
3590
4665
5868
5820
3949
1680
270
-1957
-5777
-9309
-10963
-13548
-16783
-19273
-19661
-20224
-21843
-22320
-22010
-22105
-23172
-24566
-24939
-21420
-18726
-20152
-20219
-11806
-7013
-6038
-2700
9148
15648
14397
16240
26990
31723
27563
24412
29277
30264
22707
18960
20150
18314
11426
8845
9755
9737
4216
1783
983
1239
-2523
-6217
-9222
-10290
-14280
-17514
-19584
-19468
-21067
-22300
-20215
-15940
-12954
-9603
-4666
2315
8515
13227
17865
22596
25613
26777
26767
26583
25458
21589
17518
14580
12415
8227
4537
2117
1722
-322
-842
-985
-683
-1161
-1022
-1390
-1624
-2618
-4108
-5947
-7160
-7220
-7730
-8549
-8485
-6108
-4507
-2280
-426
3035
5189
6949
8484
10339
9954
8395
5495
3676
598
-4269
-9305
-12337
-15176
-19305
-22636
-23714
-23784
-25654
-25892
-25195
-23405
-23934
-24773
-25312
-21945
-18198
-17208
-19664
-13229
-6410
-4673
-3190
6389
15892
16593
15713
24274
32169
30350
26647
28022
31884
25724
20535
19653
19529
12373
8343
7171
7872
2990
-313
-1801
-1182
-3633
-6628
-10128
-10706
-13183
-16317
-17983
-17656
-18300
-20127
-19036
-14724
-11105
-8229
-4109
1904
8875
14465
18640
22726
26704
28477
28778
27949
27995
24574
19659
15236
13033
8931
4597
361
-231
-1733
-3682
-4534
-3674
-3673
-4365
-4524
-3789
-3778
-5107
-5926
-6760
-5984
-5983
-6528
-6724
-4247
-2475
-683
1156
4349
6330
7429
7881
9498
9513
7629
5118
3278
1030
-3264
-7960
-11067
-13124
-16318
-19672
-21039
-20865
-21822
-22481
-21726
-20537
-20403
-20918
-20608
-20412
-21383
-23152
-20102
-15059
-13798
-15588
-7838
435
3613
5799
16738
24915
23093
21197
27654
32215
28073
22192
21978
22587
15557
10734
9769
9315
4106
1756
2306
4720
1820
-114
-999
269
-1584
-4905
-8296
-9357
-12363
-15854
-17284
-16580
-16903
-18058
-15859
-10667
-6409
-2761
2392
8543
13961
18106
21558
24163
25313
25110
23884
21268
19140
15221
10419
6226
4413
1748
-1275
-4139
-3826
-3770
-3633
-3222
-2316
-1948
-2083
-2033
-2192
-2502
-3894
-4597
-5734
-5888
-5469
-4293
-4516
-2625
-169
1808
2340
3901
6379
6482
4877
4589
4263
1252
-2513
-5349
-6868
-10639
-14885
-16455
-17109
-19083
-21001
-20779
-19287
-19570
-20364
-19222
-18282
-19115
-20278
-20700
-21331
-20264
-17131
-14897
-15039
-11053
-2996
757
4166
10998
20273
22380
21553
25349
31966
28826
23916
21330
22410
16349
11071
9574
9238
4527
1902
2522
4325
3265
1094
1128
1769
626
-2875
-5904
-7753
-10218
-14761
-16857
-17021
-17249
-18862
-17367
-12759
-8214
-5108
210
6484
12917
17128
21067
24183
26739
26413
25059
23212
21127
17195
12649
9105
7011
3941
942
-675
-739
-427
-1030
-770
-154
531
-647
-1380
-1850
-2610
-5039
-6752
-8090
-7816
-8343
-8857
-8241
-5348
-3028
-1273
944
4117
6162
6600
6749
7095
5935
3375
-163
-2537
-5104
-9010
-12862
-14759
-16115
-17152
-18917
-18898
-17659
-17082
-16946
-16141
-14801
-14595
-16434
-17806
-19023
-17975
-15540
-14990
-17684
-11557
-5368
-2527
-548
8701
18538
18738
18211
25804
31545
28807
24563
24024
26094
18637
14583
12347
11355
5468
4263
2987
4907
1994
1508
297
1313
1152
-1480
-5349
-6142
-8224
-12050
-14958
-15655
-16147
-18749
-18121
-14076
-10642
-8183
-4008
2285
9151
13520
17211
21321
24593
25264
25262
24067
23085
19193
15393
11993
10061
6563
3556
912
1271
469
-11
106
413
563
297
-152
-691
-1890
-4032
-5541
-6904
-7051
-8253
-8908
-8642
-6609
-5233
-3263
-1002
1373
3421
4769
5403
6054
5176
3860
1513
-817
-2616
-6256
-10079
-12272
-13199
-15063
-18005
-18542
-16865
-17217
-17602
-16664
-15240
-15516
-17177
-17489
-18540
-17132
-14502
-15107
-17656
-10191
-4773
-3124
-2796
7851
16187
14885
14098
23946
28895
25301
20618
23256
25056
16922
12959
12252
11706
5755
4057
3445
5807
2423
1204
-714
1250
-258
-4494
-8321
-7804
-10743
-15830
-18147
-16926
-17925
-21013
-19170
-13739
-10577
-7931
-3106
3943
10250
14075
17598
21704
24373
24967
24098
23159
22382
18687
15342
12001
10601
7898
5043
2755
3546
2608
2787
2326
2554
2263
1621
189
-1131
-3033
-4677
-7106
-9348
-9426
-10108
-10728
-11067
-8881
-6278
-4108
-2927
-66
2789
4321
4362
4799
4885
3252
-53
-1532
-3243
-6943
-11033
-13177
-13551
-15158
-17870
-18003
-16329
-16371
-16879
-15703
-13079
-13537
-14986
-15369
-14671
-17884
-19485
-16895
-13760
-17756
-16204
-7718
-3341
-3467
1766
14381
17641
15494
18923
28891
27995
23278
19401
23590
18187
12841
9196
9958
5781
3055
1235
3842
4102
2318
386
1056
2866
-50
-4525
-6487
-7070
-11533
-14731
-15309
-15468
-18397
-18163
-14040
-10364
-7976
-2783
2826
8593
13896
19287
21903
24125
25248
25929
23593
22168
19517
15927
11654
9820
7663
5270
2638
2343
2432
2245
2881
2864
2851
2035
1668
293
-1581
-3684
-5059
-8065
-8973
-9337
-9173
-10325
-9430
-6652
-4173
-3109
-1087
1683
3533
3491
3712
4058
3356
1046
-1428
-3035
-5141
-8375
-11356
-12220
-13142
-15441
-17129
-16384
-16060
-16594
-16870
-15841
-15527
-17129
-18330
-19765
-17672
-14863
-14988
-18495
-11264
-5246
-3269
-3658
6588
16104
15922
14091
23252
29806
27232
21920
23571
27342
19636
15168
13971
14252
8349
5984
4846
7893
4395
2600
321
2644
1565
-2903
-7194
-6648
-9456
-13933
-16262
-15497
-16334
-18941
-17218
-12237
-9434
-6340
-1615
4193
10516
15199
18813
22007
25125
26879
26418
24056
24103
21157
17253
13595
12963
10421
7028
4133
5504
4663
3724
3281
3515
3099
1801
453
-665
-2911
-5272
-7635
-10247
-10541
-11128
-11873
-12234
-10026
-6982
-5149
-4023
-653
2289
3344
3642
4458
4807
3168
389
-850
-2614
-6022
-9541
-11079
-11911
-13532
-15971
-15793
-14872
-14568
-15100
-14160
-12705
-12503
-13683
-14012
-14509
-15447
-19353
-20626
-16385
-13292
-18230
-16382
-6604
-1528
-1775
3298
17373
20434
16425
20336
30971
29542
22817
17963
23293
17941
11270
6851
7728
4147
1445
-754
2403
3066
1073
-794
-378
2619
-453
-6295
-8630
-8234
-12892
-16413
-18133
-17040
-19393
-19373
-15494
-11089
-7654
-2857
1763
8543
14652
18802
20711
23032
25199
25264
22041
20675
18738
14821
10527
8713
7755
5473
2285
1985
3343
3040
2943
2077
2337
1550
578
-1781
-3512
-5517
-6671
-9894
-10954
-10314
-9918
-11347
-10144
-6785
-4163
-3549
-2513
844
2349
1511
1135
2086
1324
-1329
-4408
-4548
-6408
-9671
-12292
-12502
-12538
-14743
-16449
-14725
-13724
-14859
-15310
-14587
-14151
-15686
-17691
-17623
-19302
-18817
-16139
-14958
-16507
-10167
-4440
-1154
652
10584
18943
17791
17490
25429
29178
24855
20689
21234
21346
13429
11609
9945
7946
3251
3239
2735
4555
2572
2169
371
1182
840
-3347
-7743
-8349
-11078
-15494
-17017
-16291
-17226
-19614
-16322
-10979
-8082
-4577
908
7277
13029
16969
20573
23400
24948
24626
23444
22299
21153
16541
13229
11093
10423
7065
5176
4332
5471
3979
4241
4713
4411
2834
1523
161
-2122
-4860
-7304
-9569
-11882
-11738
-12577
-12862
-11672
-8616
-6818
-4410
-1467
864
2205
3294
4039
3790
2218
770
-1092
-3722
-5635
-7928
-9914
-12128
-12534
-12618
-14248
-14265
-12647
-12042
-12697
-11779
-10869
-11502
-14080
-14636
-15983
-19183
-18803
-14506
-14196
-17588
-10713
-2617
761
1094
11980
21719
21478
19544
27851
32214
28828
22124
22286
22948
15896
10907
7561
7276
3982
2091
281
3782
2911
1602
-659
2359
2559
-2775
-7663
-7609
-9850
-14968
-17713
-17626
-17950
-20224
-17188
-12780
-9096
-4701
893
7300
13619
18972
22419
24304
26626
28151
26143
23001
21478
18683
13975
10229
9337
7179
4581
3041
4411
4079
4378
4021
3795
2986
2313
83
-2784
-5676
-7334
-9996
-13106
-14061
-13722
-13397
-13739
-10856
-6915
-4177
-2957
311
3903
5413
4372
4847
4766
3012
-181
-2489
-4111
-6954
-9896
-11262
-11287
-12462
-13932
-13516
-11493
-11341
-11961
-11563
-11147
-11992
-13907
-15938
-17052
-20475
-21074
-18037
-15947
-19341
-13871
-6341
-1511
-101
8741
19439
20557
18904
24775
30009
26925
21160
17956
19275
12306
8584
4854
4761
1156
1110
-540
2985
2488
1847
-486
835
1300
-3426
-8876
-10589
-13357
-18371
-20622
-21634
-21431
-23319
-19628
-14895
-10481
-5459
910
6303
13518
18744
22223
23545
25248
25522
23581
20693
18911
14945
10985
8704
8106
5903
4132
3834
5152
4855
4959
5086
4029
2756
912
-1128
-4450
-7544
-10110
-12666
-14798
-14569
-14710
-13846
-12227
-8293
-5384
-2304
639
2763
4773
6331
6287
5391
4279
3097
557
-2482
-4260
-5963
-7818
-9879
-9556
-9510
-10614
-11300
-9244
-8609
-9562
-9943
-8960
-10309
-12468
-14297
-14876
-17141
-20198
-23088
-21000
-15968
-13932
-16349
-8412
1808
5783
6811
15720
26679
25496
21118
26039
30445
24475
16580
13725
15364
7979
4169
2355
2880
924
1916
1398
5201
5895
4797
1452
2160
3082
-3081
-10254
-11681
-12865
-18099
-20505
-19763
-17322
-18077
-14472
-7902
-1779
3230
8362
13631
20191
23684
24829
24395
24900
24515
21011
16825
15900
12952
8787
6405
7418
7301
5707
4655
6269
6516
6153
4814
2798
1435
-1183
-4601
-8052
-10185
-12481
-14895
-17141
-15018
-14131
-12606
-11077
-6642
-3176
-117
1554
3813
4936
5317
4097
2872
2050
-262
-3471
-5756
-5321
-6995
-8616
-10054
-7384
-6979
-7618
-7609
-5144
-5130
-6528
-7406
-7326
-9275
-11742
-13200
-15006
-16713
-18820
-21245
-20642
-14497
-10288
-13201
-8538
3239
8662
7709
13048
24464
24751
17786
19648
25766
21529
12461
8126
11375
6784
2727
559
2043
2102
3030
2309
4979
7259
5927
1953
782
3110
-1868
-9885
-12719
-11917
-15568
-18606
-18975
-14961
-14297
-11840
-6783
-634
4856
8178
11375
17082
21506
21192
19413
19504
21215
17987
13884
13120
12588
9731
7696
8521
9283
7712
5950
6700
6701
5454
3013
510
-1595
-3774
-6779
-9687
-11979
-12333
-13195
-14393
-12466
-10134
-8682
-7864
-4463
-876
553
365
1650
3082
3002
1250
558
550
-1039
-2977
-3524
-2965
-3784
-5023
-5364
-3740
-3269
-5008
-6006
-5338
-5435
-7693
-9654
-10067
-11135
-13656
-14986
-14500
-15439
-16995
-18903
-17677
-12561
-7859
-10019
-8017
2072
7510
6365
8389
19105
21435
14808
13768
20904
19394
11880
6210
10267
7881
3105
999
2159
2293
1990
994
2282
4791
3156
-621
-2982
104
-3070
-10425
-13708
-11530
-13956
-16900
-16949
-12654
-11655
-10460
-5609
-75
4713
7581
9763
14497
19125
19237
17482
17954
19949
18089
14529
14539
14941
12268
9864
10304
11125
9453
6959
6235
6142
4560
1972
-1357
-3176
-5174
-8180
-11302
-12656
-13067
-13668
-15189
-13317
-10937
-9468
-8516
-5924
-2649
-219
351
1261
3229
3902
3388
1893
2274
2387
863
-951
21
120
-720
-2205
-443
721
-1007
-2715
-2281
-2133
-4262
-6787
-7445
-8081
-10927
-12758
-12980
-12522
-14753
-16091
-16377
-15824
-13332
-8806
-8018
-7832
-1396
4799
6046
7276
13959
18378
15481
13730
17695
18254
13494
8984
8903
8743
5328
3680
3364
3733
4257
4100
4194
6269
6350
3453
1371
2277
1242
-4966
-8515
-8203
-9338
-12671
-12803
-10544
-9117
-8993
-5079
-8
3313
5758
8811
12945
16045
17665
17656
17770
18390
18311
16081
15454
14949
13106
10635
10323
10207
8377
5936
4352
3398
1313
-972
-3490
-5561
-7837
-9732
-11350
-12603
-13440
-14114
-14137
-13236
-11688
-10642
-9072
-7685
-5161
-2882
-1074
-50
570
2058
3153
2750
2434
3288
3154
2649
2115
3326
2694
1040
781
1370
-328
-2977
-3937
-4060
-6271
-8784
-9207
-10255
-11967
-12092
-11939
-13091
-14012
-14107
-14930
-16603
-13682
-8497
-9644
-11479
-4096
2447
2635
2098
10853
16909
13204
10930
16475
18175
13621
7776
8052
8338
4642
2341
423
1753
2447
1471
749
4135
4618
2185
-592
1726
1601
-4330
-8581
-7989
-9023
-12440
-13342
-11512
-10704
-10601
-6625
-3299
106
3910
7155
10247
14305
17311
17359
16781
18593
18762
16043
14774
14393
12168
9331
8580
8180
5761
3341
2405
1026
-1095
-2346
-4166
-6715
-8494
-9206
-10593
-12655
-13388
-12485
-13191
-13356
-11492
-9569
-8744
-7407
-4158
-1604
-60
1104
2578
3827
4635
4579
5181
5892
5669
4709
5252
5573
4573
2577
1872
2276
234
-2508
-3972
-4754
-6878
-8630
-9409
-10570
-11829
-11212
-11556
-12104
-12124
-12582
-13956
-15641
-15082
-11489
-9390
-11753
-10352
-3179
722
290
2842
10705
13658
10279
10861
15414
16080
10888
6781
7906
7775
3926
1508
1376
3107
2321
1220
2731
5721
5067
2334
1241
3363
1014
-5012
-7131
-6802
-9006
-12391
-12501
-10622
-10499
-10375
-6345
-2361
1433
3945
6853
11779
15640
16515
16316
17437
19514
18200
15487
15121
14653
12197
9419
8591
7908
5963
3267
1770
1220
-144
-2307
-5041
-6081
-6346
-8123
-10311
-10845
-10062
-10339
-11057
-9647
-7351
-6482
-5505
-3516
-654
850
1931
2714
4602
5898
5954
5588
6376
7443
7127
6210
6339
6970
5204
3018
2293
1926
-1440
-5029
-6773
-7451
-9911
-12453
-13417
-13271
-13317
-14004
-14211
-13324
-13139
-15195
-16725
-13078
-8191
-9690
-12823
-6018
520
412
-255
7378
14712
12105
9492
14967
18782
15829
10692
10056
12226
9128
6596
3873
5060
5900
4293
2488
6034
6740
3549
416
2714
4004
-1984
-6332
-5618
-6114
-9805
-11521
-10210
-8787
-10000
-7119
-3680
65
3165
4935
8035
13248
15849
15318
14622
17146
18071
15157
13733
14018
12635
9548
7919
7717
6627
3916
1579
1088
288
-1172
-3774
-5921
-6636
-7458
-9543
-10913
-11319
-10515
-11173
-11184
-9096
-7792
-6879
-5821
-3243
-982
392
722
2148
3645
4615
3942
4602
5756
5539
4407
4648
5320
4353
2009
1203
1358
-1186
-4650
-6635
-7312
-9437
-11867
-13151
-14110
-14510
-14810
-15272
-15084
-14480
-15545
-17213
-16483
-12576
-10419
-12546
-10882
-5393
-1408
-2137
755
7413
10980
8924
10374
14003
15614
12394
10205
10513
10173
7971
5467
4838
5351
5160
2556
2941
4338
4144
326
-421
528
-803
-5785
-7356
-7319
-8665
-11888
-12139
-10476
-10616
-10375
-7941
-4487
-1649
1053
3462
7216
10434
12625
12862
14115
15458
15073
13614
13201
13112
11043
8574
7786
7480
5222
2723
1380
192
-1458
-3151
-4658
-6473
-7169
-7804
-8569
-9275
-8400
-7644
-7679
-7151
-5096
-3978
-3821
-2657
-578
577
796
2013
3550
4708
4801
5858
7194
7791
7582
7614
7389
7444
5941
3795
1901
625
-2726
-6352
-7830
-8984
-11587
-13699
-13866
-13754
-14336
-14617
-13357
-12881
-13359
-14322
-14680
-14203
-11706
-10744
-11590
-9957
-5937
-3043
-2268
1558
7185
10247
10402
12028
14839
16926
14211
12738
11729
11737
9206
6314
4540
4921
3625
1695
1362
2795
2045
-624
-634
164
-979
-4335
-5508
-6329
-7400
-9623
-9600
-9493
-9296
-9129
-7141
-4098
-835
1284
4166
7864
11308
13297
14202
15839
16656
16258
15273
14804
13780
11607
9308
8769
7579
5197
3275
2679
1472
-90
-877
-1559
-2785
-3716
-4062
-4309
-4668
-5190
-5351
-5276
-5140
-4945
-4480
-3896
-3135
-2057
-1126
184
1357
2452
3106
4409
5011
5353
5983
6093
5624
4953
4528
3074
1019
-497
-1977
-4670
-6927
-8554
-9764
-11316
-11903
-12006
-12462
-12354
-11465
-10830
-10975
-10784
-11600
-12588
-12440
-10091
-9813
-9778
-8549
-4734
-1958
-727
3112
7725
10370
10785
12671
14858
15664
13459
12493
10611
10451
7728
5771
4250
4403
3037
2682
2723
3703
3019
1734
2001
1539
193
-2801
-4175
-5580
-6881
-8986
-8941
-9489
-8717
-8599
-6813
-4736
-2176
238
2794
5379
8496
10128
10682
11722
12450
12169
11319
11390
10284
8746
7426
7062
5947
4379
3280
2515
1297
306
-344
-930
-1916
-2571
-2688
-3376
-4044
-4373
-4566
-4945
-5127
-4987
-4888
-4704
-4029
-3099
-2795
-1462
-522
421
1116
2132
2754
3518
3602
3658
3346
3120
1916
220
-852
-2078
-4194
-6328
-7316
-8431
-9857
-11117
-11182
-11172
-11508
-11420
-10262
-10398
-10944
-11105
-12134
-13595
-14074
-13141
-13163
-12887
-10505
-8047
-5107
-2598
1630
5241
8608
10576
12481
12641
13601
12290
10838
8182
6724
5017
3040
2123
2102
1979
1469
2507
2879
3730
2453
2459
1162
209
-2496
-4350
-6620
-8086
-10101
-10544
-10609
-10277
-9853
-8270
-5397
-3457
-623
1746
4485
6558
8659
9352
10170
10051
10542
10208
9895
9158
8597
7841
6953
6665
6238
5524
4495
4129
3204
2601
1572
239
-611
-897
-1848
-2898
-3132
-3046
-3240
-3628
-2717
-2420
-2284
-1939
-1019
-373
444
779
1287
1552
1988
2339
2326
2525
2767
2507
2024
1756
1135
412
-953
-1948
-3096
-4246
-6017
-7506
-8152
-8626
-10020
-10739
-10115
-9516
-10028
-10104
-9717
-9795
-11023
-11837
-11636
-10961
-10402
-9892
-8508
-6205
-2934
-1300
1574
4718
8508
9083
9305
10327
11860
9813
8341
7017
6275
4567
3031
2947
2876
2910
2516
3194
4265
5135
3520
3457
2711
2726
267
-1400
-2736
-3664
-5689
-6013
-6351
-6165
-5881
-5028
-2763
-1054
839
2180
4456
6505
8166
8849
9991
10583
11391
11298
11394
11184
10529
9560
9022
8317
7354
6565
5080
4128
3766
2692
1217
695
798
351
-842
-1199
-548
-810
-1489
-1894
-1601
-1540
-2095
-2083
-1347
-970
-1045
-1072
-378
584
274
431
1004
1829
2076
1649
1348
1573
921
-316
-1376
-1930
-3231
-5577
-6886
-7400
-8355
-9679
-10167
-9606
-9082
-9277
-8581
-7955
-7537
-7469
-7693
-8399
-9282
-9631
-9277
-8901
-8599
-7610
-6234
-3867
-1925
1581
3904
6106
7183
8778
9549
10300
8949
8055
6218
5953
4865
3530
2779
2571
2652
3199
3871
4440
4838
4296
5012
4575
4327
2121
1144
-432
-1666
-3693
-4388
-5632
-5947
-6233
-5110
-4169
-3321
-2106
-220
2289
4304
5588
6763
8490
9282
10093
10098
9957
8890
8461
7606
6865
5517
4436
3151
2734
2184
1618
1408
1460
1225
1155
1441
1107
200
-673
-1050
-1798
-2542
-3601
-3851
-3954
-4420
-4463
-3896
-3475
-3107
-2506
-1423
-472
533
1280
1635
2225
2642
2002
1139
27
-824
-2178
-3833
-5091
-6076
-7245
-8026
-8442
-8253
-8147
-7860
-7066
-6926
-6653
-6591
-6665
-7731
-9042
-9592
-9521
-10219
-9976
-9346
-8527
-6328
-4539
-1322
816
3261
5227
7177
8255
9678
9012
8595
6832
6419
5192
3812
3064
2041
1600
2296
2874
2801
3470
3216
4144
3337
3278
1991
955
-927
-1812
-3449
-4167
-5757
-6275
-6453
-6122
-5030
-4393
-2838
-1079
1376
3109
4892
6243
7943
8557
9588
9972
10130
9589
9168
8672
8488
7558
6283
5904
5437
5031
4603
4408
4156
4012
3190
3541
2977
2400
958
242
-380
-1010
-2081
-2855
-3305
-3400
-3570
-3382
-2708
-2457
-2024
-1536
-455
165
539
583
1046
692
956
-139
-982
-1694
-2162
-3548
-4570
-5085
-5900
-6976
-7053
-7205
-7279
-7553
-7035
-6413
-6613
-6670
-6926
-7618
-8016
-8109
-8631
-8436
-7423
-7171
-6167
-4121
-1962
-323
1067
3390
5405
6454
7426
8204
7941
7668
6706
6618
5355
5020
4463
3608
3421
4320
3871
3696
3606
4034
3820
3085
2847
1981
856
-202
-1022
-2182
-2857
-3545
-3294
-3856
-2885
-2380
-1425
-424
1173
2205
3774
4689
5731
6479
7389
8105
8068
8151
8504
8694
7661
7677
7636
6787
5841
5854
5171
4541
3934
3623
2841
2427
1823
1683
935
288
-301
-988
-1989
-2404
-3245
-3850
-4044
-4148
-4404
-4365
-3897
-3284
-3071
-2968
-2516
-2041
-1789
-1880
-1469
-1632
-1955
-2535
-2755
-3404
-3964
-4839
-5254
-5848
-6340
-6827
-7100
-7560
-7993
-8052
-8133
-8771
-8876
-8380
-8333
-8959
-8248
-6708
-6238
-5568
-3318
-1693
-518
1021
3080
4265
4794
5552
6075
6429
6501
6300
6166
5825
5662
6162
5402
5529
5202
4754
4189
4361
3467
2312
1158
969
-622
-2025
-2602
-3348
-4060
-4424
-4155
-4116
-3567
-2865
-2011
-1364
204
1311
1580
2154
3496
3867
3965
4543
4986
4602
4973
5565
5873
6011
6122
6476
6315
5976
5853
5660
5081
4712
4091
3312
2392
1708
1220
576
637
335
-378
-502
-699
-971
-1557
-2106
-2289
-2542
-2887
-2913
-3252
-3100
-2998
-3390
-3459
-3280
-3252
-3319
-3489
-3276
-3109
-3381
-3696
-3958
-3833
-4605
-5396
-5428
-5587
-6297
-6693
-6938
-7471
-7496
-7717
-7618
-7372
-6839
-5840
-4788
-4207
-2710
-997
301
1080
2337
4170
4678
4900
5372
5509
5252
4678
4208
4075
3636
3783
3805
3753
4329
4667
4596
4236
4019
3498
2326
1302
726
-819
-2225
-3392
-4115
-4585
-4957
-4359
-3705
-2830
-1403
136
1372
2924
3865
4730
5474
6144
5930
5088
5139
5146
4404
3872
4294
4155
4046
4073
4754
5065
4887
4800
4975
4683
4493
3795
3237
2768
1991
1277
562
234
43
-69
-211
134
-212
-304
-640
-540
-1066
-1730
-1971
-2677
-3387
-3574
-3933
-4484
-5129
-5269
-5546
-5936
-6263
-6407
-6761
-7068
-7083
-7215
-7497
-7624
-7545
-7706
-7691
-7438
-7002
-7254
-7150
-6815
-6265
-6278
-5902
-5117
-3955
-3019
-2214
-1360
298
1748
2400
3770
5043
6332
6401
6222
6754
6929
5976
5294
4700
4326
3587
2954
2702
2468
2584
2762
2558
3068
2876
2390
1799
1355
803
-462
-1490
-2135
-2748
-3144
-3141
-2790
-1892
-1074
342
1772
3250
4800
5763
6282
7182
7567
7401
6651
6073
5834
4853
3647
3669
2936
2308
1658
1733
2036
1912
1982
2236
2309
2459
2164
1580
1345
487
28
-612
-1108
-1667
-2295
-2542
-2451
-2713
-2630
-2736
-2611
-2872
-3334
-3411
-4068
-4544
-5220
-5940
-6363
-6893
-7903
-8380
-8725
-8916
-9488
-9798
-9759
-9617
-9284
-9045
-8532
-8041
-7683
-7413
-6857
-6585
-6216
-6072
-5713
-5099
-3987
-2834
-1702
-441
1391
2850
4018
5113
6157
7164
7218
7234
7387
7075
6447
6097
5777
5182
4267
3727
3474
2887
2633
2456
1910
1500
1068
384
52
-570
-1026
-2061
-2532
-2727
-2831
-3046
-3011
-2331
-1815
-1626
-927
317
1243
1953
2537
3551
4582
5397
5553
6149
6306
6301
5793
5249
4780
4256
3197
2606
2002
1521
708
82
-136
-199
-193
-327
-359
67
136
146
118
-196
-167
-791
-1126
-1534
-1950
-2476
-2750
-2908
-2682
-3108
-3171
-3068
-3327
-3652
-4002
-4250
-4726
-5664
-5736
-6281
-6880
-6955
-7049
-6856
-6882
-6880
-6320
-5630
-5209
-5071
-4721
-4117
-3811
-3314
-3215
-2740
-2050
-1638
-1228
-118
527
1824
3019
3911
4947
6117
6796
7227
7773
7781
7482
7250
6888
6057
5596
5382
4980
4523
4282
4324
4420
4161
4218
4079
3897
3488
3127
2382
1742
1253
879
-18
-448
-650
-1035
-987
-685
-458
32
541
1075
2001
2699
3373
3682
4325
4554
4935
5025
4978
4799
4890
4547
4514
4219
3795
3564
3213
2726
2437
1854
1414
920
491
173
-470
-875
-1523
-1838
-2125
-2449
-2754
-3096
-3536
-3637
-4340
-4726
-4891
-5092
-5333
-5618
-5948
-6084
-6250
-6531
-6790
-6882
-7180
-7430
-7632
-7411
-7320
-7396
-7195
-6686
-6442
-6211
-5707
-5031
-4247
-4003
-3763
-3174
-2328
-2097
-1858
-1624
-1127
-899
-475
171
958
1968
2643
3331
4240
5114
5410
5806
6423
6832
6760
6499
6412
6201
5776
5402
5130
4927
4846
4528
4255
4531
4662
4629
4551
4533
4590
4375
4096
3758
3270
2631
1980
1196
917
408
-216
-185
-185
90
448
811
1202
1505
1619
1896
1813
1750
1729
1843
2044
1948
1950
1935
2090
2407
2310
2066
2107
1847
1508
996
412
-82
-947
-1689
-2083
-2668
-3152
-3307
-3514
-3580
-3859
-4147
-4490
-4868
-4987
-5229
-5737
-6086
-6221
-6492
-6970
-7034
-7099
-7356
-7586
-7354
-7413
-7430
-7314
-6894
-6545
-6328
-6073
-5616
-4946
-4346
-3809
-3014
-2464
-1739
-1280
-981
-679
-295
158
55
676
1115
1323
1557
2337
3030
3436
3519
4007
4757
4881
5101
5305
5510
5391
5227
5181
5208
4842
4467
4183
4213
4176
3613
3784
3505
3741
3707
3479
3467
3745
3549
3197
2899
2710
2503
2076
1826
1220
740
-98
-753
-995
-1349
-1493
-1318
-1490
-1380
-1302
-1020
-605
-347
-83
267
384
716
715
627
408
226
169
42
-144
-228
-218
-306
-484
-708
-778
-1345
-2068
-2392
-2262
-2837
-3726
-3994
-3862
-4016
-4441
-4098
-4094
-4144
-4255
-4511
-3873
-3973
-4045
-4267
-4451
-4437
-4639
-4463
-3927
-3770
-3620
-3206
-2643
-1812
-1224
-464
439
1171
1853
2046
2690
3334
3492
3571
3641
3771
3927
3719
3752
4029
4277
4245
4152
4512
4726
4528
4611
4652
4885
5050
4813
4915
4878
4630
4203
4245
4017
3749
3372
3423
3372
3776
3857
3826
4028
4511
4875
4879
4973
5081
4987
4536
4368
3868
3423
2813
2101
1758
1430
1037
605
180
430
221
50
-101
-8
-212
-407
-226
87
151
143
263
419
884
768
948
1051
1287
1087
806
675
383
-86
-539
-881
-1235
-1760
-2270
-2308
-2647
-3011
-3538
-3699
-3955
-4175
-4612
-4663
-4613
-4863
-4748
-4802
-4337
-4480
-4528
-4325
-4254
-4132
-4103
-4160
-4036
-3897
-3821
-3666
-3296
-2693
-2148
-1659
-1209
-302
578
861
1014
1490
1664
1637
1619
1753
1966
1987
2249
2665
3265
3555
3625
4255
4357
4182
3656
3430
3173
2245
1592
1188
1083
654
391
484
666
605
752
919
1148
1529
1616
1284
1548
1716
1694
1532
1219
1114
994
654
740
917
859
856
690
774
636
359
-46
-270
-483
-861
-1236
-1455
-1823
-2134
-2188
-2080
-2007
-2034
-2019
-1656
-1293
-857
-855
-686
-621
-424
-515
-1035
-1237
-1502
-1648
-1831
-2194
-2454
-2847
-3194
-3340
-3551
-3718
-3993
-4174
-4050
-3990
-3994
-3806
-3553
-3686
-3602
-3492
-3585
-3609
-3739
-3763
-3744
-3922
-3924
-3976
-3846
-3374
-2942
-2480
-1976
-1794
-1311
-722
-321
334
660
981
1255
1382
1819
1908
2187
2495
2780
3139
3066
3592
3765
3715
3758
4001
3639
3284
3079
2930
2537
2074
1570
1112
1070
624
391
202
231
427
384
468
701
1041
1099
1220
1541
1731
1513
1452
1610
1619
1305
1032
912
466
180
-345
-564
-490
-668
-837
-1235
-1353
-1417
-1785
-2073
-2281
-2539
-2852
-3167
-3404
-3475
-4014
-4055
-4029
-3737
-3473
-3332
-2823
-2447
-2034
-1866
-1878
-2009
-2158
-2318
-2407
-2461
-2419
-2635
-2542
-2236
-1947
-1753
-1536
-1125
-780
-629
-713
-576
-641
-788
-724
-590
-556
-572
-368
-160
192
393
460
521
711
916
869
585
813
1128
1315
1568
2060
2445
2930
3376
3809
4333
4684
4634
4610
4882
4769
4731
4447
4489
4338
4125
3946
3997
4003
3830
3494
3248
2934
2369
1831
1511
1345
902
614
499
583
495
552
749
635
708
829
799
1109
1293
1296
1211
1343
1707
1745
1587
1795
1739
1697
1508
1527
1412
1114
914
444
-139
-383
-590
-862
-1101
-1382
-1764
-2137
-2451
-2353
-2325
-2508
-2495
-2416
-2525
-2693
-2683
-2498
-2387
-2421
-2359
-2211
-1750
-1813
-1411
-1134
-1017
-1056
-977
-847
-597
-460
-192
-123
78
328
46
314
530
429
406
407
410
266
191
353
278
281
-102
-580
-789
-977
-1013
-1247
-1332
-1078
-1272
-939
-652
-92
476
988
1312
1728
2035
2088
2388
2702
2829
2672
2688
2560
2564
2602
2404
2120
2162
2001
1634
1854
1500
1359
1226
1014
855
453
262
173
161
142
172
-150
-124
-123
-80
-347
-152
26
129
92
357
658
647
769
687
491
33
-385
-938
-1190
-1373
-1292
-1255
-1416
-1379
-1317
-1553
-1859
-2325
-2444
-2715
-3191
-3807
-4169
-4398
-4735
-5105
-5126
-5166
-5130
-4871
-4155
-3411
-3146
-2758
-2228
-1831
-2033
-1928
-1799
-1900
-1523
-1214
-1083
-974
-678
-122
29
405
777
841
907
895
1026
1009
888
773
539
468
297
200
245
82
-235
-97
-209
-138
-56
29
365
765
1079
1494
1930
2115
2377
2559
2750
2754
2545
2351
2104
1676
1462
1535
1681
1620
1669
1437
1221
1180
1113
932
754
504
310
212
-195
-431
-580
-631
-786
-691
-631
-554
-698
-584
-476
-560
-677
-802
-763
-524
-330
-298
-183
-354
-302
-422
-626
-807
-1275
-1536
-1918
-2123
-2460
-2450
-2449
-2787
-2849
-3098
-3159
-3149
-3223
-3419
-3519
-3616
-3748
-3788
-3787
-3745
-3509
-3409
-3159
-2915
-2623
-2465
-2170
-1919
-1649
-1336
-1228
-969
-638
-292
-135
120
-113
294
526
649
952
1382
1574
1775
1971
2206
2261
2217
2350
2234
2387
2349
2381
2452
2366
2234
2352
2470
2337
2252
2081
1864
1875
1864
1991
2019
2165
2457
2606
2741
2540
2799
2849
3010
2978
2905
2893
2750
2347
2382
2132
1983
2126
1922
1863
1609
1536
1570
1613
1391
1039
773
615
366
189
15
-271
-265
-221
-387
-556
-529
-184
-75
148
338
327
214
44
-291
-419
-805
-1009
-1171
-1050
-976
-960
-1064
-1077
-905
-976
-962
-738
-515
-721
-562
-583
-630
-651
-900
-849
-831
-973
-985
-819
-393
-153
150
479
337
758
936
1092
1351
1521
1778
2001
2274
2404
2470
2494
2508
2488
2648
2428
2179
2080
2029
1918
1928
1821
1803
1837
1723
1693
1572
1348
951
726
254
-224
-696
-1046
-1213
-1065
-1021
-1072
-765
-691
-568
-403
-225
-10
106
235
486
562
636
828
726
661
378
448
541
541
511
243
461
274
-32
166
151
252
350
177
108
156
61
-309
-547
-754
-894
-1214
-1194
-1110
-1228
-1365
-1163
-1260
-1261
-899
-869
-856
-785
-781
-1098
-1347
-1480
-1446
-1805
-2110
-2165
-2195
-2214
-2180
-2202
-2326
-2170
-2216
-2345
-2284
-2405
-2489
-2496
-2723
-2700
-2709
-2692
-2705
-2598
-2160
-1810
-1348
-717
-482
-28
356
550
698
610
907
1106
1160
1289
1428
1451
1446
1394
1533
1537
1475
1460
1386
1469
1159
1200
1326
961
780
647
699
699
761
513
340
246
158
304
146
227
238
464
486
695
1113
1428
1466
1527
1585
1443
1603
1222
1236
1131
774
686
582
307
301
516
472
314
253
448
584
548
345
231
166
188
-176
-536
-644
-773
-696
-563
-571
-584
-731
-860
-1008
-1158
-1434
-1695
-1829
-1951
-2178
-2481
-2634
-2668
-2719
-2918
-2833
-2600
-2528
-2277
-2243
-2348
-2267
-2162
-2116
-1963
-2051
-2106
-2108
-2136
-2103
-2047
-1803
-1716
-1448
-1179
-923
-705
-315
15
138
266
407
716
684
795
931
1326
1607
2060
2459
2458
2589
2451
2546
2839
2935
2769
2588
2525
2543
2618
2350
2163
1754
1722
1599
1360
1252
998
699
359
5
-311
-450
-704
-578
-603
-638
-670
-467
-313
-400
-252
-3
230
18
88
0
148
101
165
66
183
280
188
375
591
470
458
532
236
231
146
-2
-122
-305
-339
-413
-729
-576
-541
-718
-720
-873
-1021
-1167
-1093
-1000
-842
-719
-670
-613
-401
-354
-576
-515
-509
-224
43
-3
127
383
325
653
859
713
960
1220
1357
1258
1240
1373
1476
1519
1308
1395
1400
1330
1274
1391
1494
1252
1257
1073
1369
1366
1250
1503
1514
1599
1570
1517
1594
1586
1392
1280
1085
851
663
516
347
339
320
86
25
-26
99
-143
-208
-462
-629
-682
-1062
-1102
-1255
-1508
-1578
-1568
-1544
-1284
-1331
-1254
-1038
-912
-664
-528
-227
116
279
414
670
866
1039
1240
1260
1239
1045
963
987
840
1030
816
455
324
50
109
-227
-320
-325
-495
-722
-1197
-1209
-1398
-1579
-1718
-2005
-1698
-1902
-2023
-1729
-1724
-1759
-2107
-1809
-1770
-2022
-2363
-2348
-2083
-1973
-1822
-2016
-2056
-2121
-2182
-2094
-1948
-1680
-1526
-1140
-1027
-588
-456
-462
-384
-6
353
585
576
534
603
589
735
759
919
968
983
1265
1622
2045
2069
2073
2060
2065
1915
1749
1848
1742
1861
1818
1884
1669
1426
1106
1073
1014
1071
1022
770
1017
1055
770
443
351
154
-202
-415
-446
-486
-633
-623
-387
-32
13
-121
-10
205
538
728
890
1014
875
872
1117
1050
927
877
702
691
863
946
888
739
902
967
779
438
280
99
-91
-423
-566
-614
-770
-853
-952
-900
-1098
-1277
-1255
-1205
-1088
-1058
-1073
-891
-1080
-1279
-1238
-1173
-1107
-1517
-1833
-1945
-2183
-1977
-1766
-1357
-1075
-978
-692
-264
86
292
305
452
885
1062
1105
1230
1493
1678
1754
1564
1775
1868
1544
1240
1317
1525
1269
1325
1228
1044
1096
1108
1108
1544
1539
1592
1614
1390
1398
1154
1137
825
826
485
292
155
14
-415
-690
-663
-609
-815
-1096
-1053
-1349
-1482
-1454
-1697
-1864
-2007
-2018
-1994
-1888
-1886
-1637
-1336
-967
-644
-802
-635
-918
-930
-637
-608
-669
-701
-440
-523
-649
-813
-648
-608
-640
-591
-676
-487
-738
-636
-492
-603
-764
-752
-788
-1015
-758
-683
-597
-487
-458
-129
-15
-128
-303
-333
-254
-727
-847
-1001
-1050
-1046
-1181
-970
-846
-849
-766
-485
-111
285
482
633
898
981
1229
1297
1399
1576
1537
1393
1276
1230
1084
903
879
673
665
452
420
755
625
643
755
645
534
607
217
63
179
166
281
343
175
120
-20
3
-125
-166
-98
-213
-475
-645
-838
-1204
-1238
-1376
-1443
-1433
-1531
-1682
-2056
-2117
-1984
-1911
-1757
-1798
-1594
-1417
-1416
-1440
-1437
-1431
-1037
-705
-258
171
436
561
516
726
508
196
-71
-171
-32
-56
45
-96
-74
-164
-355
-530
-752
-787
-1347
-1423
-1453
-1396
-1344
-1122
-888
-921
-606
-270
-90
-128
-101
-21
130
-207
-173
-206
-284
-309
-514
-700
-888
-783
-752
-616
-469
-279
-20
8
156
671
983
1123
1067
1081
1428
1294
1420
1541
1454
1508
1472
1544
1448
1565
1415
1113
1413
1489
1576
1588
1582
1410
1268
1148
905
871
600
254
80
-24
-266
-271
-330
-251
-450
-368
-143
-282
-132
-120
46
128
247
239
76
132
165
301
226
166
-34
233
523
581
475
552
803
953
857
850
737
739
1000
1053
1319
1529
1603
1624
1792
1769
1499
1215
1007
1011
801
612
636
678
637
530
517
685
685
675
567
338
385
492
548
738
559
398
472
287
416
133
-55
-93
-209
-140
-289
-302
-309
-485
-694
-839
-759
-724
-419
-263
-85
111
243
428
776
899
1036
1148
1225
1311
1221
1342
1007
962
1021
984
712
422
306
142
223
117
293
261
141
5
-310
-63
-295
-606
-683
-933
-1169
-1535
-1809
-1874
-2101
-2212
-2340
-2463
-2507
-2321
-1998
-1900
-1653
-1558
-1461
-1549
-1502
-1772
-1667
-1831
-1825
-1743
-1603
-1231
-1190
-856
-840
-805
-596
-643
-665
-526
-675
-604
-772
-743
-724
-1098
-1153
-1119
-1322
-1542
-1724
-1711
-1755
-1931
-2150
-2071
-1931
-1679
-1385
-1258
-1121
-700
-790
-706
-475
-358
-519
-420
-169
-152
83
37
135
226
211
81
342
501
414
139
172
338
144
34
-27
-43
-118
-133
85
312
428
649
829
1015
1139
1118
1013
1020
948
756
707
461
271
176
224
284
440
363
386
336
374
490
372
343
86
104
-324
-368
-407
-742
-917
-1206
-1400
-1210
-1349
-1513
-1653
-1942
-2001
-1960
-1549
-1192
-907
-741
-541
-317
-238
102
276
197
423
495
635
1032
1067
1097
1303
1306
1411
1354
1342
1400
1359
1234
1079
993
1113
845
918
1089
1229
1352
1265
1297
1008
462
212
226
267
416
313
274
317
643
728
618
581
457
344
331
291
393
252
245
141
-83
6
-90
-101
-52
-80
-21
-111
-106
-236
-343
-305
-479
-375
-395
-329
-160
146
401
615
877
1088
980
1226
1474
