2802
2657
2334
2013
1798
1532
1422
1506
1947
1927
2398
2912
3285
3730
3817
3609
3531
3249
2680
2643
2773
2799
3010
3293
3011
3221
3250
3986
3910
4489
4485
4585
4421
4169
4497
3885
3868
3353
3220
2401
2168
2069
1762
1551
1173
653
167
563
480
306
-79
-194
-429
-800
-1050
-1284
-1997
-2368
-2919
-3760
-4113
-4302
-4668
-4863
-4979
-5257
-5599
-5555
-5379
-5262
-5104
-5012
-4814
-4768
-4828
-4819
-4520
-4189
-3757
-3799
-3447
-3441
-3762
-3855
-4276
-4415
-4203
-4219
-3881
-3718
-3673
-3118
-2987
-2755
-2169
-1680
-1526
-1366
-1344
-872
-712
-653
-696
-384
-343
-390
9
-99
439
916
1076
1223
1245
1477
1707
1920
2278
2953
3478
3430
3578
3690
3452
3264
2888
2571
2426
2833
2978
2575
2694
2206
1516
1149
443
6
-412
-809
-1498
-1576
-1793
-2051
-2639
-2952
-3097
-3165
-3054
-2925
-2905
-3368
-3219
-3212
-3508
-3541
-3647
-3820
-3400
-3183
-3120
-3155
-2833
-2548
-2269
-1905
-1678
-1468
-1488
-959
-568
-253
-532
-584
-847
-1065
-596
-476
-544
-357
-248
-275
65
83
397
526
748
908
1069
1358
1498
1192
1514
1650
1683
1696
1563
1395
1447
2166
2411
2601
2953
3243
2948
3128
2969
2429
2040
1480
1169
1118
1165
1177
1095
1222
1602
1909
1794
1587
1725
1723
1925
2182
2312
2289
2059
1774
1626
1690
1400
1183
1175
1065
697
368
574
508
237
266
537
701
932
1178
1394
1292
1617
2010
1738
1487
1318
1270
891
713
262
139
-34
-82
-329
-670
-699
-455
294
330
719
619
315
251
110
322
90
405
604
674
920
876
958
1048
1234
1446
1704
1879
2266
2297
2121
1827
1610
1236
1046
623
548
465
380
-12
-155
-106
-642
-840
-1404
-1418
-1873
-2096
-2498
-3317
-3365
-3358
-3309
-3607
-3627
-3466
-3218
-3050
-2815
-2882
-2976
-2876
-3063
-2849
-2648
-2258
-1873
-1669
-1055
-241
360
619
823
1004
873
957
1501
1460
1645
1880
1762
1660
1519
1483
1605
1626
1805
2483
2688
2971
3304
3343
3280
2791
2430
2363
2650
3024
3156
3243
3374
3554
3266
2804
2805
3155
3301
2935
2373
1735
1324
1000
660
305
187
379
772
953
1053
1510
1958
1922
1805
2026
2485
2595
2721
2977
2961
2855
2520
2171
2051
2194
1948
2280
2183
2375
2248
2074
1584
808
284
-384
-601
-692
-764
-714
-949
-1374
-1678
-1963
-1643
-1612
-1312
-1694
-1727
-1418
-1348
-1239
-1499
-1575
-1635
-1388
-931
-608
-249
-223
-358
-389
-796
-1074
-1528
-1855
-2302
-2711
-3199
-3282
-3683
-3609
-3344
-2901
-2603
-2266
-1999
-2031
-2118
-2470
-2839
-3321
-3693
-4336
-4642
-4755
-5100
-4923
-4709
-4768
-4568
-4506
-4196
-4169
-4513
-4220
-3989
-3731
-3295
-3303
-3082
-3037
-3343
-2938
-2414
-1920
-1399
-1142
-1060
-827
-522
-407
-229
-338
-453
-252
-238
-221
-43
-114
-237
-215
-31
448
957
1307
1478
1495
1469
790
372
-92
-5
42
-382
-272
-419
-474
-521
-283
-113
16
237
544
810
1154
1531
1589
1589
1160
1040
675
628
776
637
377
242
-23
25
-135
-92
-3
220
598
447
401
-369
-671
-1294
-1547
-1723
-2078
-2007
-2329
-2556
-2892
-3385
-3501
-3510
-3521
-3582
-3376
-3632
-3293
-2982
-2744
-2107
-2424
-2240
-2409
-2118
-1865
-1830
-1808
-1887
-1652
-1581
-1238
-1189
-804
-548
-444
-516
-1021
-1012
-1127
-1220
-1459
-1908
-1819
-1925
-1944
-1808
-1562
-1563
-1177
-986
-623
-493
-401
-206
-91
-549
-379
-583
-962
-1122
-1013
-1069
-1106
-663
-774
-626
-429
-236
-183
-427
-296
-318
-517
-339
-570
-473
-555
-585
-610
-603
-385
-61
57
291
573
173
47
-267
-661
-787
-990
-1512
-1723
-1513
-1362
-1262
-1232
-854
-1008
-1085
-957
-568
-140
315
448
739
1818
1809
1971
2164
2406
2435
2915
3534
3702
3885
4270
4677
4704
4380
3941
3451
2916
2724
2134
2103
1749
1254
958
305
-172
-434
-166
-472
-550
-710
-486
-324
-335
-689
-671
-741
-1368
-1636
-2185
-2098
-2288
-2061
-1688
-1308
-1027
-852
-902
-666
-290
-174
1
17
111
52
323
85
-95
-123
-100
-14
-456
-633
-612
-542
-865
-483
-139
33
1007
1741
2348
2372
2551
3454
4175
4502
5530
6151
6580
6969
6930
6746
6525
6206
5781
5569
5238
4563
4197
3927
3661
3068
2922
2754
1953
2026
1743
1444
1575
1660
1687
1990
1901
2039
2276
2308
2429
2226
2166
2158
1617
1238
1308
1074
1033
1031
1148
1086
1146
1316
1079
1152
901
959
1028
1024
1050
1039
896
275
343
-3
169
233
-356
-391
-572
-404
-44
175
320
230
215
-156
-130
-126
283
348
413
338
130
153
-188
-21
-723
-772
-902
-1409
-1882
-1797
-1646
-1627
-1054
-884
-874
-896
-727
-546
-544
-347
-318
-197
-177
-8
168
-80
-458
-529
-1142
-1253
-1163
-1760
-2197
-2212
-1977
-1796
-1598
-1607
-1050
-640
-357
-335
-136
-434
-623
-669
-666
-583
-498
-662
-763
-728
-809
-942
-1221
-1013
-879
-1086
-1141
-777
-1051
-882
-1081
-1364
-1698
-1501
-1052
-919
-406
-116
146
233
681
970
1145
1260
1485
1927
2488
3068
3278
3364
3369
3562
3441
3451
3643
3808
4165
4342
4376
4284
4364
4260
4174
3605
3382
3378
3130
3266
3465
3391
3490
3243
2731
2084
1379
630
-96
-918
-1401
-1755
-2030
-1863
-1771
-1929
-2327
-2428
-2581
-2793
-3083
-3339
-3343
-3495
-3743
-4014
-4088
-4511
-4755
-4726
-4946
-4594
-4366
-4271
-3870
-3171
-3016
-2846
-2614
-2565
-2240
-1878
-1918
-1645
-1088
-1127
-931
-556
-127
-16
65
248
672
736
521
409
341
652
514
771
1022
1176
758
1169
1342
1177
1287
1122
1611
1616
2054
2261
2574
2776
2611
2593
2030
1880
1540
1336
885
476
327
116
-287
-882
-1055
-864
-1100
-1220
-1168
-1110
-1351
-1362
-1624
-1772
-1509
-1862
-1804
-2005
-1898
-1670
-1886
-1597
-859
-348
-190
173
733
1165
1292
1373
1474
1489
1352
955
1012
1371
1547
1850
1999
1929
1812
1597
1566
1266
1185
1007
583
322
164
-163
-488
-706
-1124
-1443
-2061
-2420
-2720
-2948
-3189
-3696
-4017
-3944
-3506
-3163
-2849
-3055
-2653
-2984
-3133
-2797
-2498
-2221
-2067
-1629
-1654
-1473
-953
-571
54
389
411
905
855
984
1242
1367
1616
1595
1823
2104
2401
2049
1932
2095
1878
2183
1995
1997
2288
2516
2924
3562
4129
4381
4513
4819
5319
5615
5768
6507
7008
7707
8223
8240
8060
7625
7379
6736
6396
5896
5731
5350
4847
4845
4843
4463
4140
3862
3375
3085
2947
2350
1689
1161
689
175
-477
-912
-1358
-1636
-2074
-2169
-2535
-3076
-3195
-3675
-3610
-3789
-3539
-3281
-3316
-3346
-3140
-3272
-3422
-3727
-4323
-4786
-5089
-5191
-5342
-4868
-5074
-4985
-4710
-4784
-4365
-4049
-3735
-3299
-2973
-2819
-2862
-2642
-2610
-2463
-2391
-2258
-2453
-2460
-2190
-2117
-1779
-1386
-1298
-999
-1093
-1128
-771
-673
-848
-810
-811
-1127
-1337
-1333
-1477
-1137
-956
-1048
-871
-881
-894
-800
-265
-64
-94
102
362
507
803
904
1115
1439
1319
1444
1372
1472
1584
1446
1393
1125
604
-25
-574
-1191
-1721
-2143
-2386
-2345
-2601
-2464
-2593
-2360
-2224
-1910
-1647
-1497
-930
-864
-1124
-819
-844
-958
-863
-1502
-1151
-1073
-555
-403
-194
270
411
1203
1413
1989
2044
2449
3101
3207
3471
3444
3538
3566
3521
3467
3084
2812
2532
1875
1051
1003
367
-425
-691
-1189
-1027
-866
-549
-451
-600
-938
-1171
-1459
-1640
-2196
-2584
-3107
-3831
-4161
-4512
-4890
-5350
-5258
-5340
-4999
-4998
-4622
-4316
-4197
-3797
-3357
-2998
-2871
-2838
-3006
-3216
-3645
-3857
-4028
-4197
-3630
-3462
-3431
-3512
-3182
-2755
-2292
-1823
-1187
-818
-81
545
623
705
381
390
158
-315
-168
-311
-613
-521
-520
-393
-748
-978
-1234
-1120
-753
-405
188
1084
1705
2565
3095
3551
4168
4415
4873
4934
4846
4900
4776
4354
3914
3616
3342
3407
3147
2929
2521
1756
1298
838
517
-86
-1028
-1234
-1510
-2012
-1812
-1857
-2078
-2093
-2406
-2690
-2794
-2520
-2283
-2042
-1559
-1163
-1151
-1132
-1066
-1186
-863
-1049
-1129
-1018
-687
-837
-938
-1239
-1397
-1525
-1377
-1636
-1498
-1356
-1075
-1056
-1311
-1151
-1324
-1222
-1359
-1519
-1592
-1512
-1643
-1488
-1150
-1264
-1218
-754
-515
70
1034
1624
1834
2590
2690
2770
3395
3496
3525
3837
3742
3649
3960
3885
4414
4537
4571
4370
4211
4704
4457
4717
4701
4115
3884
3461
2991
2265
1744
1147
400
156
330
567
641
169
-22
-93
-487
-648
-930
-1239
-1255
-1101
-1450
-1517
-1708
-1794
-1878
-1945
-1269
-1075
-829
-635
-502
-335
-78
178
287
655
1303
1592
1877
2378
2829
2921
2963
3198
2720
2743
2929
2996
3150
3244
3184
2971
2355
2168
2206
1706
1550
1435
1398
1223
1016
378
184
-89
-397
-544
-754
-534
-275
-52
-95
14
73
-133
-273
-265
-811
-1151
-1342
-1999
-2115
-2713
-2544
-2541
-3004
-2983
-3013
-3029
-3632
-3664
-3916
-4132
-4617
-4685
-4915
-5020
-4959
-4834
-4294
-3356
-2479
-2311
-2067
-1381
-920
-1040
-1081
-905
-640
-528
-64
172
645
898
1045
1163
1072
1223
1345
1372
1458
1311
1569
1698
1546
2012
2058
2490
2772
2984
3435
3572
3768
3931
3699
3875
3589
3749
3815
3412
3239
3145
3054
2566
2151
1630
1548
905
676
418
1
-165
-360
-750
-991
-1245
-979
-817
-1092
-1160
-826
-630
-509
-267
-591
-214
-216
-78
-85
103
164
-21
70
-412
-677
-328
100
57
423
906
1023
1065
805
768
298
431
392
218
-6
-84
-356
-871
-633
-811
-566
-415
-106
-4
23
218
505
859
896
1093
1188
1099
891
855
663
780
607
486
358
520
841
499
622
914
739
567
444
891
949
785
903
951
718
230
-27
174
458
366
397
-113
-468
-590
-940
-1007
-756
-915
-1132
-1106
-1381
-1861
-2016
-2315
-2684
-2689
-2660
-3033
-3025
-3093
-3041
-3069
-3223
-3077
-2888
-2456
-1694
-1126
-218
36
110
277
873
1100
1048
1540
1484
1943
2095
2089
2155
2253
2329
2170
2247
2075
2417
2394
1989
1981
1992
2057
1583
1463
1110
1068
625
308
170
-285
-486
-1081
-1147
-1098
-1415
-1585
-1319
-1531
-1721
-1506
-1726
-1757
-1929
-2067
-2142
-2135
-2540
-2938
-2927
-2941
-3123
-3448
-3563
-3800
-3738
-3400
-2936
-2656
-2165
-2199
-1655
-1131
-925
-355
-342
-343
-330
-489
-304
-182
154
395
554
1035
1407
1500
1897
1932
1874
1620
2457
2240
2629
2700
2984
2872
2633
2519
1853
2692
2112
2238
1971
2359
2343
2514
3105
3588
3874
3426
3397
3533
3349
3305
3247
3589
3093
2779
2609
2880
2935
2635
2638
2756
2421
2333
2727
2719
2350
2087
1471
1179
1220
798
647
304
58
-1107
-1443
-1896
-1932
-1983
-1980
-2180
-2618
-2628
-2696
-2439
-2246
-2158
-1994
-1513
-1084
-818
-1029
-1093
-1585
-1556
-1759
-2287
-2063
-2142
-2361
-2758
-2815
-2849
-2791
-2971
-3038
-3079
-3198
-2919
-2636
-1813
-1070
-410
114
444
718
904
1190
1324
1066
1216
1457
1807
1775
1863
1671
1738
1914
2052
2171
1822
2041
1731
1704
1606
1519
1049
663
444
-79
-141
-91
-524
-411
-159
274
1071
1478
1445
1433
1344
1081
1039
866
1243
1150
1525
1699
1919
2296
2121
2013
1413
1077
1056
847
663
667
47
58
-185
-158
128
84
383
899
1152
1204
1497
1843
2275
2109
2442
2284
2311
2283
2486
2994
2742
2983
2983
3305
3635
3775
4403
4220
4160
3813
3212
2541
1911
1445
711
176
15
-447
-577
-739
-1042
-1505
-2102
-2387
-2269
-2357
-2272
-2134
-2501
-2772
-2905
-3394
-3821
-4004
-4572
-4388
-4821
-4936
-4969
-4961
-4787
-4899
-4925
-5098
-4460
-4217
-3686
-3590
-3345
-2806
-2473
-1842
-1393
-740
-215
-66
-54
-42
-341
-196
-45
80
64
619
747
1068
1490
1503
1729
1673
1948
1802
1750
1709
1623
1138
682
386
62
-414
-621
-212
43
145
104
-29
-210
-449
-396
-250
-26
67
-82
44
-76
-204
-747
-1098
-1186
-1109
-1296
-1523
-1413
-1446
-1453
-1471
-1476
-1446
-1494
-1756
-1681
-1823
-1916
-2376
-2927
-3223
-3869
-3955
-4155
-4536
-4482
-4615
-4620
-4711
-4838
-4768
-4652
-4586
-4665
-4695
-4390
-4356
-4041
-3413
-2734
-2264
-1461
-944
-722
-424
-140
122
186
580
597
972
1173
800
1346
1497
1542
1814
1792
1963
1738
1848
1942
1961
2049
1535
1385
1622
1288
1293
911
355
-31
-507
-944
-1353
-2030
-2242
-2616
-3177
-3643
-4188
-4303
-4574
-4956
-4873
-4760
-4725
-4528
-4509
-3907
-4275
-4482
-4437
-4594
-4617
-4233
-3520
-3281
-2461
-1897
-1229
-308
457
1451
2069
2096
2493
2909
3185
3452
3711
3925
3839
3704
3345
3167
3030
2896
2467
2423
2226
2148
1891
1722
1922
2032
2423
2500
2342
2096
2152
2100
2221
2610
2747
3345
4191
4687
5600
6362
6982
7059
7140
6922
6531
6330
6190
6338
6115
5494
4811
4206
3479
2792
1896
1217
346
-801
-876
-1262
-1556
-1863
-1992
-2552
-3092
-3329
-3601
-3155
-3410
-3476
-3759
-4141
-4385
-4976
-5184
-5348
-5768
-6098
-6156
-6166
-6076
-5879
-5604
-5287
-4517
-4324
-4282
-4149
-3985
-3479
-3189
-2660
-1886
-1030
-674
-583
-265
354
1001
1369
1814
2202
2047
2560
2564
2783
2820
2406
2653
2457
2381
2191
1736
1562
1322
1326
1492
1115
753
521
508
358
283
95
-220
-652
-791
-1023
-1895
-1903
-2201
-2278
-2047
-1755
-1717
-1208
-481
-631
-136
252
1066
1589
1575
1781
1742
1433
1284
862
851
831
688
894
683
957
1152
1084
1282
1421
1644
1936
2238
2604
3275
3272
3688
3590
3580
3523
3532
3322
2794
2842
2754
2957
3186
3362
3132
3131
3066
3198
2662
2249
1812
823
631
-89
72
-411
-479
-247
-665
-411
-678
-979
-1023
-1210
-570
-242
-179
-180
58
201
57
41
438
680
496
741
907
970
402
119
228
90
65
-373
-1065
-1260
-2042
-2301
-2666
-2848
-2965
-3376
-3133
-3222
-3067
-2822
-3426
-3505
-3369
-3354
-2959
-3329
-3451
-3007
-2686
-2598
-2409
-2097
-1722
-1308
-686
-161
-51
-9
539
791
1127
1665
1852
2109
2426
2570
2782
2672
2720
2545
2584
2942
2641
2731
2786
2258
1809
1248
982
295
-44
-398
-416
-560
-815
-1283
-1401
-1466
-2169
-1827
-1516
-1506
-1535
-1545
-1258
-1438
-1160
-940
-722
-344
279
685
868
1039
967
623
207
449
363
655
725
684
758
925
1244
1072
1122
954
1041
1027
1167
841
612
831
639
692
65
-807
-1135
-1099
-940
-936
-798
-647
-808
-958
-1012
-1216
-1485
-1530
-1375
-968
-442
-144
-15
87
383
953
909
1127
1171
1375
1610
1905
1982
1827
2030
2138
2321
2440
2252
2323
2394
1581
1629
1693
1447
1525
1647
1548
1502
1140
986
542
353
184
-419
-537
-977
-1136
-1029
-1025
-1098
-881
-1077
-1163
-1061
-940
-700
-712
-772
-1421
-1878
-1980
-1596
-1945
-2329
-2067
-2415
-2462
-2161
-1878
-1851
-1747
-1576
-1303
-1204
-1042
-653
-180
443
720
968
1427
2238
2989
3271
3898
3547
3343
3328
3583
3636
3637
3533
3716
3612
3342
3268
3153
2921
2349
2017
1833
1700
957
783
488
151
16
-30
-382
-623
-878
-840
-720
-321
-164
-60
57
-84
-78
-24
263
188
-348
-586
-535
-1017
-1254
-1691
-1777
-1824
-1969
-2070
-2168
-1671
-1692
-1507
-1204
-1146
-1000
-548
78
273
394
470
508
595
862
990
1139
1771
1583
1827
2034
2228
2255
2817
2974
3213
3469
3124
3243
2836
2479
1666
1694
1410
1111
1294
735
733
545
862
1448
1344
1282
1270
1562
1479
689
153
-46
-192
-355
-960
-999
-1358
-1847
-1996
-2334
-2242
-2414
-2213
-2157
-1868
-1799
-1260
-830
-611
-313
-250
332
507
574
1021
1110
1175
1399
1465
1396
1596
2125
2180
2762
3302
3620
3987
4111
4639
5069
4799
4898
4409
4096
3452
3246
3215
2750
2459
1683
1020
515
-107
-883
-1209
-1594
-1728
-1807
-1678
-1704
-2206
-2280
-2266
-2360
-2727
-2933
-2867
-2658
-2785
-3264
-3574
-4005
-4435
-4791
-5155
-5189
-5081
-4733
-3967
-3631
-3384
-3134
-2849
-2817
-2806
-2892
-3204
-3293
-3334
-3373
-3386
-3289
-2864
-2716
-2062
-1393
-1193
-529
-10
467
654
991
1044
713
590
927
999
998
599
654
750
791
594
628
617
-139
-363
-439
-285
145
245
-203
-392
-178
-23
15
41
-97
-359
-505
-665
-763
-1199
-1501
-1592
-2227
-2550
-2620
-2747
-2496
-2650
-2962
-3123
-2962
-2466
-2457
-2616
-2542
-2581
-2628
-2613
-2886
-2810
-2902
-3389
-3114
-3165
-3166
-2725
-2470
-2081
-1816
-1464
-855
-515
-220
110
360
311
384
180
448
701
498
455
224
-158
-700
-919
-1311
-1219
-1198
-1267
-1132
-670
-271
-41
740
721
1367
2045
2444
3167
3612
4130
4176
4385
4273
4578
4619
4680
4792
4629
4834
4835
4809
5099
5544
5828
5964
5944
5735
5814
5703
5821
5823
5656
5355
4859
4513
4025
3772
3118
2606
1774
637
570
494
79
-10
-235
-315
-436
-295
-509
-757
-832
-1252
-1287
-1327
-1631
-1961
-2196
-2558
-2626
-2543
-2606
-2867
-2610
-2588
-2586
-2237
-1951
-2012
-1896
-1125
-845
-708
-163
373
796
1102
1436
2009
2205
2403
2585
2326
2286
2059
1974
1992
2126
1802
1396
1443
1334
1161
903
880
1003
1182
1536
1639
1312
933
413
273
133
117
328
-32
179
220
304
227
-130
166
115
228
493
-203
-472
-548
-38
-556
-809
-1330
-1924
-1913
-2539
-2262
-2090
-1841
-1776
-1791
-1012
-879
-990
-494
-683
-731
-558
-750
-861
-826
-1031
-647
-266
-146
171
150
280
514
260
654
818
709
537
-3
-113
-344
44
288
136
253
486
633
692
549
142
601
804
755
1051
1386
1830
1743
1970
2036
2282
2697
3024
3895
4234
3986
4021
3668
3523
2832
2134
1556
1040
443
-71
-938
-1500
-1967
-2626
-2581
-2812
-2917
-2919
-3273
-3770
-4484
-4741
-4723
-4635
-4552
-4811
-5054
-4570
-4112
-4326
-4079
-3921
-3298
-2426
-2028
-1103
-1207
-1492
-1366
-1417
-1050
-868
-1015
-467
-744
-1235
-1328
-1249
-736
-727
-299
-271
30
271
444
346
172
489
945
1224
1424
1866
1738
1729
1810
1347
1144
1055
1055
1011
1100
1138
1631
1613
1700
1771
1579
1494
1209
1526
1721
1321
733
212
-243
-369
-692
-960
-1054
-1364
-1638
-1866
-2003
-2322
-2711
-2727
-2915
-3248
-3637
-3992
-4042
-4093
-4109
-4576
-5411
-6515
-7485
-7834
-7908
-7564
-6773
-5394
-4362
-3177
-2550
-2881
-3213
-4316
-5286
-5054
-4527
-3591
-2529
-1981
-1633
-1497
-1211
-1417
-1653
-1833
-1031
-258
-320
26
-19
-6
-328
-490
-295
311
1382
2243
3089
3394
3446
3940
4622
4531
3972
3182
3266
3787
4507
4856
4477
3786
3334
2891
2606
2134
1864
1911
2151
2592
3144
3410
2789
2026
1122
846
210
371
1275
1693
2491
2273
2173
2094
1893
1931
1573
1664
1015
1048
1598
2005
1887
2592
2918
2919
2518
1818
1074
471
852
651
580
74
-327
-470
-949
-1064
-687
-492
10
38
41
-277
-1177
-1294
-1225
-1512
-1367
-870
-536
-599
-1333
-2057
-2419
-2101
-1025
-573
-509
-1303
-2300
-2235
-2051
-920
-155
-357
-1001
-1014
-1424
-1690
-1608
-780
22
887
1696
2210
2924
3106
2984
2657
2496
2319
2514
2660
2523
1877
1768
1129
1336
1306
368
209
-283
-285
-408
-668
-1047
-1799
-2504
-2844
-2967
-4214
-4246
-3512
-2875
-1951
-1476
-966
-952
-2389
-4032
-5699
-6406
-5033
-3172
-1340
-784
-914
-2257
-4157
-4928
-4861
-4344
-3130
-2355
-2156
-2100
-2310
-3104
-4137
-3999
-3507
-3105
-2142
-1781
-1349
-304
468
1680
2434
2356
2006
891
-422
-554
-767
384
908
840
423
567
87
-505
-98
-425
19
76
344
1330
1374
840
604
974
1432
1196
1835
2257
1850
690
539
812
1114
1275
-27
-1106
-2414
-2145
-1637
-1491
-1312
-1705
-1953
-2530
-2182
-2211
-2803
-2819
-2716
-1889
-1151
-946
-838
-1473
-2168
-2785
-2364
-2379
-2383
-2453
-2361
-2048
-1791
-1238
-1278
-1557
-2207
-2912
-2886
-2164
-2116
-1734
-1433
-1615
-2150
-2092
-1731
-1789
-2277
-2754
-2190
-1638
-1393
-1800
-2162
-2280
-3009
-3571
-2810
-2339
-1588
-747
17
122
-113
-447
-667
-287
175
97
-86
135
629
306
-193
1011
1706
2302
2116
1064
170
734
1583
2765
3805
3084
2396
1048
-148
310
770
1620
2335
3067
3238
2954
2488
1336
186
257
35
147
224
1025
1841
1760
1459
543
-780
-1838
-1571
-620
-661
-1547
-2143
-3818
-4435
-4018
-3588
-3168
-2350
-1384
-904
-376
-658
-1226
-1352
-1197
-1068
-434
425
541
1259
1198
1344
2693
3137
3344
3911
4539
3856
3522
3181
3474
3859
3636
3756
3782
3660
3165
2768
2744
3362
2762
1758
966
1257
1423
1760
1710
1060
515
-226
-35
45
238
774
1383
1905
1826
1578
1057
42
-797
17
1130
1516
1816
1367
1123
1758
1167
-432
-1227
-532
-128
-510
-758
-1866
-1957
-2035
-1377
-766
-270
-975
-1616
-1385
-1125
-293
59
683
754
684
616
-41
269
963
-1082
-3687
-3505
-2300
-2648
-2737
-2570
-2740
-2284
-2859
-3665
-3468
-3423
-3374
-2114
-938
-1038
-1664
-1936
-2100
-2153
-1454
-346
1659
3323
3649
3989
3817
3261
4159
4957
4818
4531
3859
3469
3894
4895
4968
3507
2961
2266
3039
4595
5052
5261
3918
3078
2615
1336
-420
-639
-862
-245
1386
2687
3237
1854
237
-412
-407
-394
1069
2155
1358
1135
1436
1590
2508
3484
4857
5439
4962
4230
3236
2540
2098
1507
2041
1632
481
441
262
582
-899
-1039
494
968
1496
1413
160
-1108
-2423
-3721
-4794
-5504
-5211
-5454
-3720
-2422
-2279
-2435
-3289
-4409
-5552
-5528
-5458
-4311
-3125
-1605
-772
-681
-759
-1769
-2481
-3356
-4288
-5137
-4613
-3886
-3642
-2813
-2102
-1721
-663
-615
-1482
-1910
-2391
-2413
-2546
-2663
-3291
-3989
-5179
-6461
-6449
-6388
-6396
-6174
-6973
-7413
-6420
-4220
-2485
-1541
-854
-418
397
2153
3532
4296
4436
5004
6898
7952
9537
10749
11068
10181
9744
9469
9348
9382
9140
9883
9328
8548
7473
6911
6444
6400
5151
3874
3843
3217
3100
2014
628
-817
-351
633
363
-286
-671
-776
-147
1689
3000
3635
3496
3654
3753
3289
3461
4292
5084
5686
6645
6862
6959
6691
5206
3531
2887
2192
1660
1924
2612
3765
2992
527
-1649
-2683
-3851
-3777
-3357
-3549
-2654
-2946
-2613
-1295
-318
437
171
-712
-783
-1166
-1529
-860
1237
2133
2356
1460
805
1366
1068
73
-736
-994
-1601
-1236
-314
62
52
-201
-849
-572
-558
-770
-1128
-793
-748
-1115
-291
-461
-519
-616
-546
-975
-565
-181
152
817
148
800
2196
2932
3186
2890
2264
1677
2076
2329
2742
2585
1850
2210
3242
3476
4236
6056
7289
8260
8133
8430
8051
7193
6243
6602
6911
7723
8637
8507
8586
7605
6786
6326
6271
6617
6158
4660
3056
1427
99
-136
-746
-902
-898
-1600
-2199
-2806
-3793
-4862
-5733
-6131
-7388
-8776
-8866
-8582
-7860
-7396
-6487
-4170
-2656
-2242
-1161
-451
-228
-758
-765
-694
87
861
383
1335
2978
2946
1407
1413
2474
1324
-491
83
360
-703
-2018
-2933
-3509
-3997
-5306
-6661
-7483
-8313
-8904
-9425
-9282
-8474
-8822
-9769
-10078
-10249
-10423
-10004
-8448
-7189
-5816
-4043
-3154
-2281
-1627
-94
1996
2877
3845
4711
4769
4578
4820
5159
4994
4415
3232
2359
1495
796
578
182
-742
-1506
-1714
-1219
-30
242
-217
-817
-2121
-2781
-2135
-794
259
385
-309
-668
-698
752
3088
3944
4254
3977
3039
2951
4872
6264
5142
4363
3364
2370
2286
2757
2423
1124
-23
-191
-1183
-2536
-3313
-4398
-6115
-7261
-6286
-5468
-3839
-2629
-3281
-3967
-3648
-4200
-4883
-4551
-4097
-3609
-3381
-2271
-1597
-1400
-2820
-3417
-2912
-2144
-1543
-739
-286
-805
-716
-1469
-1853
-1530
-1510
-2592
-2126
-552
-1100
-2196
-2320
-2528
-2094
-468
1253
2185
2385
939
-900
-1371
-480
769
2045
2557
2574
2064
1553
1535
1458
2327
2032
861
527
587
2131
3270
3200
3085
3489
3124
3173
4147
5030
5626
5965
6658
6327
5111
4443
3491
2738
3360
3660
3831
4655
4761
3615
1334
243
-310
-920
-328
326
352
-104
-538
-1106
-1752
-2744
-3551
-4111
-4491
-3860
-3738
-3944
-3995
-3831
-4280
-4508
-5497
-6548
-7319
-7304
-7562
-8395
-8828
-9146
-8545
-7911
-7342
-6893
-6708
-6819
-6730
-7158
-7336
-6128
-3910
-1193
192
1033
1588
2249
3203
4260
4823
5722
6684
6316
6247
6363
7425
8073
7721
7462
8022
9106
8447
8003
6454
4774
2952
1561
1861
2921
3506
3236
3608
3121
2877
1715
1034
342
98
1153
1416
2183
2164
2049
1650
2185
2445
1918
1451
1345
1453
2420
4328
4856
5025
3936
2718
2707
3781
3165
1969
772
-822
-1018
-186
794
291
-1205
-3500
-4285
-3201
-1707
-1256
-2105
-3649
-4686
-4426
-3364
-1415
6
35
-1712
-2565
-2896
-2255
-1700
-3566
-4816
-5482
-6725
-7279
-8156
-8819
-9288
-10442
-12394
-12190
-12157
-12722
-12956
-13090
-10419
-7972
-8016
-10018
-10326
-8913
-6313
-2578
-468
339
-980
-2615
-3283
-53
4129
5744
5078
4016
3941
4084
4898
4685
3788
2185
792
487
922
809
-804
-3742
-4921
-5079
-5288
-5836
-5879
-5577
-6670
-6788
-5792
-5339
-4629
-4594
-3992
-2853
-926
1329
2588
3514
3562
4016
5620
7380
8280
8946
8621
7318
8305
9129
8138
5790
4089
2182
477
2364
3306
2735
-500
-3392
-4854
-4081
-2181
-3249
-5313
-6108
-5794
-6379
-3559
169
1155
-831
-1713
-2003
-1595
354
946
1577
334
433
430
1077
1304
1660
1250
405
2096
1589
850
231
-215
-1804
-2283
-2357
-4131
-5421
-6212
-6683
-6258
-5398
-5469
-6425
-7822
-8009
-7493
-6440
-6118
-6286
-6388
-6270
-2868
260
1923
-585
-4116
-5004
-3184
-324
2356
3764
2372
829
-1422
-823
2669
5848
4888
2853
1715
1522
1752
2122
3827
3108
1970
1573
2111
2127
1748
771
98
900
2282
3246
3557
4997
6276
5675
6150
6473
6249
6479
7149
8199
9136
9449
10105
9726
8547
8961
9790
10852
11115
12060
10616
8771
7271
6294
5518
7357
8096
4865
4155
3475
3217
2077
2578
2042
2635
2269
1182
2202
1058
98
-1409
-2007
-2048
-416
-776
-949
-735
-1903
-3026
-2545
-1881
-2466
-2615
-4792
-6817
-7335
-7237
-7393
-8465
-11323
-13417
-13519
-15470
-16632
-16669
-17016
-18380
-17974
-10529
-3202
-5698
-14384
-12980
-6462
-507
4128
7238
6997
2963
-1760
-2843
8480
18836
19431
13042
11918
12649
9728
10359
12683
13164
8673
6081
4806
4572
4756
2130
-1849
-3948
-3521
-6352
-9541
-10120
-9586
-11742
-12208
-10131
-9503
-10948
-12669
-10765
-7559
-3613
-669
-415
-1229
-99
2563
6073
9397
10631
9681
8025
8312
10255
12753
12074
10428
9011
8175
8429
10877
13546
10287
4388
904
2703
4337
6125
3986
-166
-1197
-4486
-7565
-4848
1102
436
-1568
-2808
-3135
-2431
-1939
-1863
-627
240
-1215
-2344
-2565
-2012
-1555
-1773
-2618
-3057
-4409
-5875
-4552
-3439
-4574
-5561
-6752
-9494
-11677
-11418
-11280
-11635
-13268
-13726
-13282
-13791
-13830
-14693
-14664
-13433
-12144
-11818
-6194
2335
1789
-6120
-7549
-1736
4032
7877
11371
12557
9093
4232
2780
8968
17138
18102
11439
7530
8698
8074
7254
9951
10863
6508
1929
1236
1376
401
-1645
-3931
-5863
-5984
-5781
-7760
-8255
-7714
-8257
-9471
-8083
-6084
-6390
-6488
-3923
-797
1423
3345
3861
4661
5371
8367
12286
14931
14492
13100
13805
14158
14611
15389
17268
13687
11369
8968
8463
13249
16041
9913
1269
3825
3475
4910
8348
7578
4649
1727
-2170
-3963
2300
3396
2080
848
-798
-715
-948
-1450
16
264
-3977
-5945
-6489
-9141
-10994
-11142
-13063
-13531
-14511
-19318
-19974
-20340
-22189
-24234
-24588
-27563
-27925
-31001
-23503
366
6105
-16069
-32768
-14970
-3309
2307
6558
16401
13323
-1100
-9489
-2963
25346
31448
19556
7665
16936
18927
12832
20489
28805
23144
7462
8236
12334
13648
10631
7527
3282
1645
2590
-2697
-5408
-5300
-5931
-12006
-9981
-4281
-5756
-10266
-11279
-5255
-2920
2545
4030
3416
920
2608
9889
15799
19091
13524
9715
9001
13923
18300
21257
17444
11030
8218
11898
15536
14514
10481
3439
-2036
-4087
2842
3494
592
-2629
-6240
-11459
-10591
-4566
-3591
-5228
-8954
-9467
-8266
-6286
-5856
-3460
-1015
26
361
36
401
-200
-911
118
2968
2197
-278
-1708
-1215
-1975
-4121
-5461
-7815
-10242
-13183
-14660
-15202
-16889
-19649
-21570
-23474
-25424
-28148
-28594
-31185
-17582
1326
1199
-22475
-29947
-9924
-567
4275
6651
16894
10779
-1055
-9692
4058
28849
27222
13483
7693
20142
15903
10534
17261
24670
15306
2582
5441
8841
7493
3000
1065
-3314
-4118
-6523
-10653
-11681
-10317
-11742
-17670
-14006
-11070
-11458
-14356
-12166
-6523
-4712
-19
862
2695
1485
5086
10283
15179
16101
12966
12424
13394
16923
20709
23662
18304
11423
9883
14481
14529
13523
11587
6791
887
-462
3203
2841
1440
-2026
-5490
-8436
-7528
-5588
-5441
-5416
-6458
-7120
-6727
-5291
-4223
-4194
-3342
-1609
-1486
-1271
-1588
-2579
-4154
-4479
-3804
-5021
-5773
-7290
-7845
-9667
-11645
-13358
-14058
-15833
-17997
-20309
-21637
-23727
-25018
-27264
-13696
1601
-2802
-25923
-29256
-13278
-4019
2664
5728
14342
7626
-1738
-10060
7025
29685
27340
13777
10300
19828
13407
11637
19879
26540
16730
5886
5330
7279
8097
5564
2500
-1277
-1722
-6548
-10773
-10086
-7344
-9990
-14647
-11857
-11966
-13929
-16499
-11785
-5777
-1512
3538
2172
1197
-454
5530
12973
20097
20543
16065
14063
15370
20060
25623
29614
26059
19632
14951
15577
17681
19708
19208
14498
7073
2308
3114
1950
925
-317
-2240
-5770
-7663
-6690
-6785
-6963
-7219
-5639
-5556
-6933
-8155
-7268
-5948
-4816
-4215
-5525
-7702
-9411
-8222
-5930
-4859
-5926
-7259
-9767
-12117
-13363
-14490
-15160
-15893
-18986
-22287
-25181
-25997
-28231
-20444
-3926
486
-16627
-31912
-21619
-9085
918
4417
11244
11353
1244
-8566
-2048
24250
32713
22068
13214
20164
21499
16180
20040
26900
24068
13974
10444
9886
10127
9146
6147
1078
69
-2655
-10322
-13614
-11880
-11436
-16251
-15872
-15071
-17590
-19931
-17980
-11451
-7137
-2442
-2402
-2488
-552
4878
12546
18555
22245
20568
18910
20467
24906
27147
29115
30058
27318
22555
20297
21308
20930
20997
16429
11876
7877
5932
2805
801
-1860
-5275
-5655
-7795
-9451
-10529
-9805
-11608
-11385
-10254
-9015
-9483
-9989
-8482
-7294
-6942
-7131
-6428
-7723
-8398
-9135
-7686
-7230
-7983
-10161
-12319
-13201
-15000
-16900
-17760
-19189
-21956
-24849
-27242
-27934
-21304
-7566
-8472
-22302
-31837
-21761
-9448
-2726
154
1125
2210
-4574
-9462
-2697
17477
23189
13203
8261
14287
17957
15285
18858
21953
18502
13023
12850
13429
12111
9238
4791
2356
3506
2707
-4772
-9752
-9731
-9688
-11716
-11584
-10395
-13147
-15998
-15769
-10852
-5957
-2974
-3313
-3823
-1238
3258
8545
11799
13762
14018
14139
15492
19558
23040
22539
19447
19431
19278
18493
16519
15628
14289
12681
11580
9145
8238
5111
1262
-2393
-1844
-1538
-3081
-5276
-7019
-8372
-10006
-9416
-7640
-6954
-8582
-9125
-7905
-6186
-6324
-6101
-6338
-7954
-10436
-10269
-7830
-8330
-10740
-13511
-14431
-16678
-19154
-18493
-16513
-18276
-23489
-28143
-29815
-24770
-9491
-3427
-15641
-30470
-27101
-15108
-4230
3987
8129
7687
-1343
-7639
-1984
19512
31245
24517
14378
16916
23095
22563
25061
29568
27818
18426
14658
16596
17750
14315
8646
4108
2566
1713
-3852
-9699
-12471
-13231
-15550
-15049
-13319
-16445
-20585
-20963
-15790
-10796
-6601
-4366
-5431
-5223
-1424
7361
14038
17782
16919
16196
18385
22790
26788
28611
28111
24400
23000
23196
23880
21293
19113
15677
12326
9886
6497
5234
1867
-1346
-5095
-5144
-6032
-6958
-7186
-8101
-8473
-8969
-8226
-8207
-7455
-6790
-5022
-3529
-2819
-3822
-3574
-3628
-4066
-4327
-3651
-3223
-5589
-7654
-8750
-9357
-11862
-14509
-15524
-17583
-21599
-25641
-27133
-30274
-19784
-6719
-5187
-23448
-32768
-27757
-14613
987
3287
6883
1913
-2117
-11923
-698
22640
30711
22944
13307
18843
20431
23424
26158
28752
25732
19702
16155
15178
15985
13474
9059
4831
6441
1990
-4604
-11405
-11630
-10948
-12557
-12198
-16073
-18577
-21522
-18454
-13111
-8092
-3721
-5847
-5899
-4150
2340
7025
11218
13650
12950
13640
15274
19134
23040
23820
19619
19771
20384
18989
15522
15798
13776
10474
7940
4266
3966
1374
-1114
-4775
-5275
-7132
-9420
-10408
-10717
-10516
-10804
-10493
-9316
-8917
-8308
-6170
-4938
-4508
-5183
-4353
-4582
-4359
-4653
-5378
-5595
-6446
-8491
-11217
-11503
-13251
-17786
-20669
-20656
-24254
-27728
-30647
-20032
-6523
-7250
-25012
-32423
-22363
-12766
-6035
-2683
2048
-654
-7420
-13745
-3311
17631
23940
14315
9135
15727
17478
16788
21852
27402
23650
16338
14193
16330
18195
15520
9903
5667
6800
4407
-1499
-5013
-5643
-7919
-11522
-10262
-10185
-13250
-16788
-15375
-11498
-8435
-5594
-6921
-8044
-6511
-712
5126
8877
8852
6711
6617
10794
16676
19969
20101
16936
13511
13216
15601
16057
15491
12426
7613
5053
4739
4338
2946
1226
-1432
-4942
-7065
-7625
-7867
-8038
-7693
-6886
-6586
-6385
-7369
-7503
-5693
-3225
-801
-96
-1485
-3549
-4541
-2834
-850
-1126
-3827
-6206
-6979
-8054
-9202
-11524
-13628
-15013
-16472
-19966
-22137
-25445
-23177
-11944
-5438
-16284
-29927
-26566
-19875
-9483
-3187
2378
2611
-1842
-9602
-9569
10954
24657
20466
10895
14119
18394
16633
19689
25156
24979
19038
15840
15577
16204
15081
10961
5800
6195
6099
-113
-6234
-7547
-6389
-10000
-10542
-10012
-12181
-15280
-15673
-10963
-7298
-3951
-4837
-6169
-4007
916
6368
8992
10679
10069
10424
12065
16327
20279
20253
15453
13649
15672
16276
14839
12754
10801
7040
5263
3126
2048
1425
-489
-3215
-5115
-5102
-5342
-7004
-7916
-6936
-6011
-5122
-4476
-4112
-4143
-3093
-1253
1388
2712
2314
1577
1020
1464
2126
817
-1295
-3038
-5266
-6453
-8029
-11000
-16771
-18656
-20673
-21753
-24734
-22299
-14415
-12558
-22328
-31404
-25813
-18253
-11456
-8734
-4036
-1593
-4196
-10037
-7666
8211
18373
16800
13048
16713
18874
17121
19462
24007
25382
21359
18046
16124
17076
16816
13664
9021
7463
5704
104
-4157
-5441
-6299
-9860
-11023
-10565
-11902
-14735
-15310
-11255
-7333
-4144
-4240
-4714
-3629
213
5548
11159
14320
11927
9323
10633
16452
20797
22977
19387
15390
13409
13882
13590
14622
14379
8610
3490
1002
730
-1214
-2482
-5694
-7803
-8965
-9474
-10061
-9641
-9237
-9994
-8955
-6937
-5417
-6044
-5340
-3976
-1429
812
2521
2172
596
-555
99
446
-934
-2002
-4476
-7562
-10139
-12612
-16145
-18704
-21393
-24415
-26989
-25774
-18627
-13315
-20379
-30845
-30007
-22377
-15620
-10644
-7184
-4246
-4729
-9123
-10492
2022
15438
15934
12724
16416
20476
18390
18926
22991
25067
23418
20718
18462
16481
15141
11849
8788
8511
7961
2831
-3512
-6595
-7401
-8191
-9689
-10633
-12907
-15188
-15362
-12168
-8218
-5279
-4045
-4438
-3253
331
5355
9763
12424
13008
12845
13727
16642
19695
21077
20107
17375
14640
14441
15285
13693
10865
7620
5405
2799
1515
-501
-2661
-5241
-7040
-8845
-9512
-9051
-9969
-10302
-9862
-8147
-7434
-6399
-5917
-4386
-2083
342
1491
2499
3434
3094
2475
3507
4007
1728
-926
-3175
-4361
-6129
-9764
-14112
-16987
-19800
-23778
-24579
-17468
-10071
-13593
-26263
-31338
-25719
-16394
-10168
-7184
-4599
-4056
-9145
-13387
-3543
12068
16513
12227
12521
16590
16609
17404
22088
25145
23901
21546
19700
19039
18410
15340
10194
8814
9650
5654
-934
-4285
-5223
-8019
-9257
-8858
-10015
-12808
-14206
-12523
-9233
-5517
-3747
-3898
-3299
-28
4451
9077
12610
14069
13850
14606
16735
18880
21045
22184
20097
17182
16000
15598
14547
13131
10495
6993
4554
1575
-1104
-1626
-2684
-5879
-8750
-10050
-10505
-10787
-10473
-10358
-9639
-8863
-8253
-7420
-5537
-3395
-1034
434
1641
2002
1942
2467
3163
3783
2397
970
-2166
-4125
-5090
-6676
-10765
-13870
-17340
-21361
-25784
-24727
-15322
-9440
-15665
-28712
-30250
-25083
-16334
-9769
-5767
-3790
-5658
-9609
-11246
792
13434
14867
11236
13805
18408
17656
18482
21809
23919
22678
21104
19146
18247
16311
12120
8224
8691
9350
4350
-1723
-5725
-6786
-8502
-8629
-8288
-10411
-13329
-15043
-12583
-8150
-3043
-1526
-2861
-2307
1564
7098
11912
14772
14954
14661
16682
19928
20769
21594
21829
19446
16740
16763
15485
14331
13012
8552
4672
3521
1177
-1464
-2198
-4606
-7384
-9349
-10651
-11381
-10512
-10840
-10285
-10006
-9386
-8387
-7202
-5338
-2573
-329
-33
845
1282
2528
3345
4430
4727
3665
1726
-1338
-2843
-4205
-6290
-11150
-14317
-17698
-22380
-27124
-24853
-15077
-10411
-19137
-31057
-31558
-25639
-18088
-12501
-7347
-5134
-8797
-16122
-16234
-1783
11018
10625
6733
10052
13661
13376
15682
19821
21188
19240
17570
16897
16854
15014
10765
7377
8227
8694
4322
-1432
-5154
-6493
-7934
-7438
-6718
-8281
-11515
-13062
-10244
-5010
-421
320
-1308
-681
3375
9471
14290
16885
16001
13469
13825
18561
22795
23018
20414
16335
14369
15044
14409
11693
10226
8054
4698
2222
780
-1608
-4570
-6596
-7985
-8340
-9172
-11256
-13629
-12410
-10402
-9341
-8169
-6659
-6243
-5216
-1498
2414
3750
3305
3226
3800
5407
7406
7657
4855
2113
622
-345
-2305
-4866
-8303
-12940
-15885
-18131
-20687
-20438
-15158
-10995
-15999
-24522
-26911
-23183
-17175
-11519
-6113
-2959
-4242
-9670
-11522
-1180
10459
13338
10734
12631
14946
14317
15195
18793
20997
19658
17743
16441
15306
13496
9928
6320
5927
5795
2269
-3363
-6826
-8998
-11051
-11050
-10113
-10779
-13859
-15172
-13039
-8669
-4446
-2243
-1943
-1347
1977
7611
12842
15177
15781
15508
15966
18339
22360
24382
21748
18245
16485
16013
14991
13467
12015
9614
6336
2331
522
-135
-2050
-4820
-7508
-8679
-9798
-10368
-10670
-10197
-10166
-10513
-9574
-7613
-5967
-4123
-1839
468
2012
2120
2620
3600
5102
5455
5322
3956
1226
-1137
-2069
-2878
-5699
-9113
-13339
-16414
-19144
-21762
-22475
-18225
-12560
-15720
-24082
-28683
-24844
-20140
-14272
-8797
-4671
-3868
-8917
-11420
-4926
8041
12524
11662
12959
16682
16408
16074
19718
21853
20376
18284
17415
16231
14505
10719
6481
5002
4860
2062
-3908
-7480
-10336
-12599
-13918
-13052
-13937
-16698
-17509
-15727
-11855
-6784
-2980
-3994
-5384
-1015
6825
12257
15884
15936
13986
15093
17869
20924
25195
27439
21992
17008
17329
17960
16401
15082
12999
8483
5112
2492
-111
-1620
-2892
-6156
-8894
-9629
-10394
-12453
-12329
-10971
-10357
-10043
-8827
-7477
-6147
-3123
-145
1701
2052
2598
2340
2806
4384
6137
4642
1764
90
-1932
-3664
-5932
-7456
-11473
-15117
-19537
-21346
-24986
-25983
-22315
-16851
-17470
-23858
-29393
-28890
-22599
-15362
-8211
-2728
-2391
-7226
-9685
-3547
8432
15445
16732
16832
18404
18305
18382
20353
22748
22592
20702
18095
15802
12777
9456
5840
4002
3149
-46
-5387
-9964
-12675
-14398
-15120
-14689
-15930
-17702
-17763
-15371
-12184
-8924
-6132
-3989
-1314
2746
7022
10929
14376
15650
15752
17495
21049
23247
23707
22171
19439
17277
16706
16282
15243
13092
8231
3678
1602
352
-1517
-3336
-5761
-9036
-11366
-12128
-11419
-10013
-10172
-10861
-10408
-9236
-6795
-3524
-577
1696
3257
3655
4198
5329
6783
7995
7827
6601
4796
2692
486
-1331
-3683
-6163
-9886
-13999
-18147
-20970
-23266
-26064
-28912
-23613
-16296
-17858
-28076
-31931
-27663
-20703
-12466
-7690
-2976
-2902
-5765
-9252
-458
13950
18945
16472
17264
21341
21030
21188
24101
26019
24615
22387
19428
16933
15198
12108
7850
5377
5459
733
-5624
-10172
-10995
-12365
-14136
-13998
-15227
-16335
-16209
-13543
-10860
-7948
-5072
-3062
-999
2813
6975
10255
12537
13873
14807
16363
18985
20588
20529
18943
17189
15442
14529
13745
12151
9116
5306
1734
-243
-2057
-4154
-6057
-8533
-11369
-13363
-12665
-12031
-10850
-10201
-9999
-9898
-8112
-4821
-2281
-128
1946
2986
3589
5358
7301
8170
7898
7403
6453
5625
3862
1714
-488
-3048
-6155
-10500
-13739
-17303
-20287
-24928
-28424
-28676
-22609
-16703
-20965
-28862
-32123
-26684
-21347
-13114
-7089
-3127
-4691
-8232
-8093
638
13404
16917
15601
16071
18814
17821
18430
21517
22538
20567
17687
15380
12622
10910
7757
4329
2006
1089
-2760
-8184
-10874
-12583
-14109
-15426
-13999
-14554
-15676
-15620
-13572
-10508
-7046
-3621
-1540
438
3222
7507
11167
14142
16052
16855
17901
19188
21038
21545
20819
18668
17143
16053
14910
13070
9841
6292
3548
1951
-22
-1455
-3344
-6145
-8971
-9808
-8907
-8041
-7874
-7613
-7530
-7325
-4991
-2125
105
1569
2642
3395
5358
7331
8100
7861
6828
6340
5524
4074
1580
383
-2284
-5124
-8349
-11203
-14499
-17775
-20661
-24527
-27867
-32010
-26592
-17924
-15744
-25986
-32359
-28473
-22431
-12930
-6918
247
1862
-1245
-8945
-3118
13942
21266
18261
16631
20683
19377
18751
21575
24164
22264
19119
15016
12232
12033
8739
3331
-603
1221
-2004
-7399
-12413
-14554
-15799
-16289
-13197
-13272
-14172
-16530
-15296
-11276
-5313
-377
810
1246
2655
7173
12014
16962
19005
19457
18498
19366
21961
23940
22572
19077
16967
15158
14005
11679
8755
4707
1900
144
-1217
-3377
-5520
-8526
-10772
-10330
-8428
-8337
-9558
-9780
-9512
-7560
-4007
-153
1087
721
1472
3469
6418
8712
9059
7587
6885
6612
5865
4077
1944
-259
-3960
-5874
-8694
-12979
-18143
-20808
-23922
-26961
-29001
-26081
-19762
-19426
-26716
-32709
-28729
-22661
-15447
-8700
-1565
1383
-1619
-5952
-2235
11898
21451
21572
19431
20768
20764
19957
23330
26060
25317
21459
18121
15530
15098
13400
8861
4397
3150
1468
-3220
-8028
-11463
-13152
-14048
-12636
-12046
-13050
-14498
-14182
-10295
-4953
276
1426
1831
3274
6701
11491
16901
19341
18148
16935
16602
19246
21649
22156
18939
16756
14537
13375
11291
8691
5253
2075
384
-1852
-4350
-8033
-10071
-11565
-10848
-10524
-10243
-10993
-11708
-10708
-8360
-4763
-1891
-639
-1275
-80
2601
6045
8891
9462
7825
6425
6259
6377
5592
2766
286
-2293
-4947
-8484
-12129
-16862
-21559
-24523
-25521
-26962
-31297
-31623
-24895
-17937
-20420
-28346
-30313
-25674
-17708
-9666
-2169
3663
2377
-4824
-7073
6180
19324
21431
18343
19072
19815
18360
19496
21829
21285
18561
15814
12790
11494
9255
4267
-392
-230
338
-3935
-9304
-13013
-14562
-15519
-13372
-11355
-12074
-13700
-13953
-10775
-5730
-402
2440
3176
4362
7762
12597
17187
18850
17876
16906
18077
19848
21471
21195
18428
15712
13728
12003
10584
9089
5881
2432
13
-1519
-3688
-5774
-7528
-8810
-9442
-8810
-8409
-8461
-7249
-5814
-3981
-1901
420
1951
3119
4457
6779
8932
10282
10758
10010
8970
8630
8177
6783
4400
1452
-595
-3169
-6589
-10827
-15332
-19822
-22345
-23717
-26952
-31171
-31654
-26063
-18102
-19254
-26023
-28983
-23386
-16095
-7795
321
5172
4143
-1437
-2468
7390
20200
22772
19422
19225
21475
20589
20452
21525
21094
18353
15570
13615
11383
8595
3027
-1928
-2468
-1811
-4802
-10596
-14516
-16573
-16288
-14046
-11561
-11615
-13250
-13317
-10069
-4870
486
3439
4073
5140
8333
13658
18070
19930
19214
18466
19062
20217
21293
20935
18758
15136
12656
11425
9852
6689
3852
698
-1947
-3884
-5980
-7696
-8644
-8731
-10605
-10697
-10041
-9889
-8978
-6544
-3368
-765
914
1408
2757
5018
7844
10390
12065
12248
11385
9782
9250
9516
8045
5848
2164
-342
-2391
-4907
-9764
-14673
-18412
-21173
-22868
-25079
-28618
-32097
-30707
-22842
-16275
-19839
-26425
-28256
-21377
-12722
-3600
2691
6575
4015
-1659
696
12921
22361
22077
19663
20521
20958
19815
19572
19847
19051
16525
13601
11107
8968
5214
-839
-4046
-3808
-4495
-8608
-12825
-15259
-16552
-16207
-13718
-11626
-11549
-12354
-11119
-7492
-2534
1908
3965
5113
7192
10711
14544
17333
18335
17978
17958
18789
19895
20533
18683
15716
12943
11400
9940
7790
4555
1834
-364
-2860
-4883
-5786
-6839
-7671
-7761
-8928
-8086
-6813
-5939
-4480
-2451
-1030
561
2902
4299
5405
7110
8832
10083
10587
10642
9876
8948
7754
5615
3665
1951
-1245
-4230
-7431
-10928
-15301
-18476
-21639
-23952
-26490
-28421
-31062
-31887
-27875
-19569
-17313
-21840
-25612
-23857
-15646
-8412
-785
3916
7018
3498
642
5337
15933
21813
21024
20777
21692
20684
18688
18564
18768
16615
13377
11072
9120
5956
1609
-3174
-4372
-4384
-5074
-9276
-12894
-15087
-15689
-14397
-11980
-10145
-10969
-11007
-8825
-5325
-1473
1783
3862
5343
8363
12069
14689
15180
15747
16320
16840
17653
18054
16794
14223
11195
8924
7966
6575
3878
522
-2488
-4640
-6064
-7157
-8376
-8479
-9093
-9810
-9984
-8900
-7195
-5818
-3387
-1118
955
2423
3889
4892
6855
9159
11117
11716
10983
9714
8979
8320
7053
5758
3409
530
-2646
-4804
-8132
-11804
-15581
-18493
-20559
-22849
-24667
-29062
-29089
-25691
-18064
-17908
-19911
-23282
-21554
-15466
-8547
473
5470
8362
3060
2830
7505
16897
21439
22012
21546
21006
20190
18778
19190
18351
16365
12450
10733
8753
5997
1522
-2816
-4262
-5625
-5655
-9052
-11349
-14414
-14954
-14137
-11735
-9463
-10083
-10327
-8797
-4645
-715
2650
4995
6761
9222
12485
16064
17843
18301
17270
17515
18111
19460
18357
15476
12090
9793
8595
6653
4836
1707
-1367
-4395
-5619
-6399
-7293
-8529
-9528
-10237
-10109
-9427
-8734
-7263
-5110
-2975
-942
837
1438
2223
4048
6773
9337
10747
9859
7864
6350
5944
5723
4649
2420
-1254
-3637
-6178
-8623
-12449
-15573
-19170
-20802
-22534
-25131
-28907
-31174
-28931
-24023
-17838
-17312
-20692
-24472
-19738
-12672
-2407
4927
7127
3834
2031
4898
11178
19017
21287
20213
18057
17982
17402
18032
18411
15927
12256
10040
9098
6111
2961
-1212
-4189
-5452
-4924
-6247
-9169
-12279
-14038
-13227
-10326
-7323
-7229
-7795
-6961
-3964
-107
3597
6515
8028
9661
12171
15325
17324
17874
17205
16587
17180
17696
17539
15433
12623
9880
8179
6236
4295
2210
-688
-3245
-5004
-5676
-6448
-7484
-8199
-8706
-8544
-7757
-6898
-6515
-4799
-3202
-1259
1040
2782
3512
4803
7037
8947
10228
10520
9983
8692
7771
6768
4637
1823
-611
-3284
-5297
-7788
-10944
-14991
-18821
-21595
-22315
-23836
-26118
-29807
-29570
-27091
-21009
-17857
-17989
-20332
-20409
-14420
-9139
-331
4496
7067
4667
4922
7074
12006
17625
18927
18265
17339
17693
15900
14813
13788
12274
9335
8153
6374
3127
-499
-4934
-6672
-7748
-7155
-9652
-12330
-14751
-15341
-13846
-11569
-9173
-8881
-7833
-6296
-3404
-264
2611
5072
7478
9882
11773
13719
15012
15523
15574
16189
16621
16414
14628
11726
10173
8905
7463
5161
3203
185
-2178
-2922
-3993
-5144
-7497
-7905
-8128
-6331
-6167
-6007
-5320
-4327
-2647
-1007
1743
2958
4144
4927
7152
9078
10996
10951
10511
9592
9063
8389
6824
4794
1537
-917
-4287
-6134
-9439
-12605
-16130
-18095
-20338
-21720
-23876
-25302
-27543
-27579
-24818
-19182
-15124
-16059
-17831
-18659
-12215
-7231
906
5614
8768
7161
6382
8062
12720
18956
20571
19828
18208
18266
16340
14705
13287
11915
9811
8261
6064
2377
-481
-4039
-5592
-6840
-6066
-8203
-11193
-13438
-13530
-12117
-10413
-8438
-7798
-6742
-5138
-2552
684
4009
6856
8847
11197
13315
14559
15437
17151
17849
17986
17802
16226
15349
14775
13516
11058
9709
7564
5164
3567
1667
-309
-1714
-2948
-4517
-4999
-4842
-5307
-5533
-5227
-4811
-3635
-2337
-1173
-72
535
1547
3359
5022
6039
6680
6495
5994
5765
4981
3562
1874
-178
-2056
-4631
-7440
-9736
-12415
-15121
-17249
-19931
-22124
-23441
-24066
-26431
-26273
-24436
-20886
-16282
-15195
-15612
-17907
-13310
-9056
-1735
3937
7463
7580
6412
7390
9562
16377
20385
20591
18200
18031
17350
16022
15265
14217
12205
9579
7724
4406
2331
-1147
-3263
-5488
-5478
-6366
-9392
-11671
-13210
-11791
-10995
-9090
-8248
-7203
-6068
-4126
-880
2111
5430
7041
8938
10709
12638
13678
14816
15442
15137
14521
13612
13488
12968
12536
10039
8370
6481
4680
2779
1462
678
-913
-1586
-3435
-4194
-4599
-4652
-4915
-4186
-3628
-3102
-2015
-930
504
1829
3374
4410
5862
6994
7881
7604
7191
7054
6724
5640
3933
1757
-847
-3132
-5147
-7239
-10011
-13164
-16289
-19067
-20813
-21967
-23437
-26426
-27678
-26195
-23481
-18735
-16086
-15945
-19537
-17189
-13284
-5798
1502
6023
6558
4719
5071
5579
11595
16806
18695
16337
15936
15313
13696
12985
12291
10554
8294
6884
3820
1576
-1506
-3654
-6190
-5931
-6066
-8214
-10611
-12663
-11848
-11028
-8451
-7449
-6925
-6336
-4689
-1595
1825
4970
6498
8002
9695
11944
14115
16107
16527
15800
15267
15025
15173
14792
14322
12042
9684
7487
5855
4350
3009
1734
-421
-1351
-2450
-3418
-3712
-4032
-4275
-4053
-3233
-2505
-1021
-249
516
1231
2387
3835
5309
6326
6939
7246
6942
6636
5985
5305
3627
1842
-550
-2332
-4136
-6364
-9245
-12421
-15323
-17750
-19952
-21333
-22472
-24832
-26924
-25398
-23021
-18882
-16206
-15934
-19030
-17484
-13016
-7225
-122
4265
5958
4171
4761
5295
10661
16490
18709
17239
16430
16280
14387
14141
13883
12684
10579
9397
6933
4494
1710
-946
-3222
-3676
-3491
-5729
-7984
-10539
-10553
-10027
-8062
-6550
-5922
-5178
-3985
-1056
2086
5038
6646
8625
10887
12618
14069
15787
16476
15710
15760
15796
15842
15686
14475
12024
10445
9095
6997
5567
4444
2981
604
-669
-1428
-2334
-3694
-4575
-4727
-4533
-3440
-3435
-2853
-1678
-1134
-1026
711
2416
3681
4468
4747
5004
5556
5820
4929
4100
2450
774
-957
-2287
-4226
-6193
-9199
-11846
-14351
-16904
-19872
-21465
-22860
-24200
-26312
-26640
-25120
-21217
-16636
-15803
-17794
-19167
-14735
-10588
-2953
2568
6070
4927
3497
3012
6475
13947
16977
16409
14982
15647
13779
12412
12327
11888
9992
8572
6771
4594
2694
-399
-2958
-4035
-2739
-4380
-6888
-9324
-10336
-9935
-8194
-5943
-5247
-4548
-3871
-1826
1604
4852
7294
8149
9941
12169
14664
16323
16989
15981
15272
15300
15277
15125
14864
12825
9198
7324
6576
5402
4039
2624
159
-1180
-2047
-3434
-4732
-4682
-5547
-5320
-4643
-4307
-4090
-3749
-3309
-2398
-755
612
2358
3146
3562
3991
4884
5369
5500
4327
2947
1539
335
-714
-2471
-4470
-7169
-9536
-12442
-14332
-16781
-18260
-19854
-21053
-24144
-25046
-23813
-19880
-14367
-13095
-14982
-18940
-15109
-11704
-3667
2032
6020
5579
2814
1649
3336
11410
15532
15945
13927
14491
12859
11656
11656
11682
10560
8994
7100
4403
2722
-842
-3041
-4867
-3699
-4830
-7021
-9850
-11847
-11050
-9504
-6487
-5740
-5242
-5108
-3423
132
3501
6468
7325
8822
10916
13365
14877
15727
15918
15695
15523
15800
15355
14761
13474
11050
9436
9115
8091
5123
3129
2070
462
272
-471
-1440
-2608
-3395
-4315
-3915
-2043
-1678
-1501
-998
-3
372
1520
3141
4534
4971
5379
5748
5896
5524
4553
3280
1815
1100
-501
-1803
-3612
-5875
-8785
-11094
-12912
-14505
-16256
-18006
-19858
-21180
-23667
-23414
-21692
-16043
-11639
-10955
-15539
-17258
-12126
-6520
1381
5718
9957
7583
5810
3784
8621
15969
19018
17795
16168
16546
13781
12631
11819
12346
10389
8962
6248
4061
1071
-1931
-3981
-4492
-3230
-5438
-7689
-10755
-11115
-10434
-8354
-6298
-6061
-5584
-5655
-2981
-184
2735
4336
5557
7125
9009
11750
13674
14371
13509
13259
13266
14211
14263
13390
11291
9532
8557
7657
6270
4071
2912
1323
850
617
-443
-1810
-3066
-3645
-4104
-2814
-2486
-2434
-1573
-860
-606
328
1736
2633
3585
4201
4519
4616
4418
3366
2571
1510
444
-1102
-2819
-4769
-6778
-9475
-11862
-14047
-16018
-18566
-19587
-21076
-22330
-25566
-26515
-25371
-20046
-13155
-12326
-16133
-20393
-16184
-12130
-3868
1442
6600
6215
2942
-151
2757
11613
15333
15545
14100
15111
12684
10992
10367
11064
10350
9174
7295
5195
2596
-1370
-3756
-4599
-2692
-3664
-6100
-9297
-10837
-9957
-8495
-5609
-4998
-4609
-5144
-3414
-300
3049
6137
6591
7561
8746
11864
13881
15132
14416
13303
13304
13728
13646
13296
11923
9224
7144
6515
5777
3918
2551
824
-592
-1849
-2202
-3156
-3976
-4009
-4228
-4297
-3753
-3267
-3117
-2495
-1342
-450
879
1992
2413
3038
3443
4472
4507
3961
2923
1735
553
-347
-1152
-3165
-4709
-7248
-9898
-12132
-13519
-16348
-18372
-19650
-20505
-22655
-24397
-23966
-21035
-14608
-12627
-13791
-18193
-15399
-11858
-5497
499
5854
7723
4801
2705
2648
9678
14856
16600
15025
15204
13957
11988
10665
10860
10383
8973
7460
5712
4048
1025
-1309
-3514
-2293
-2099
-3727
-6325
-8627
-8739
-8344
-5766
-4693
-4213
-4437
-3534
-825
2045
4781
5559
6599
8051
10485
12728
13820
12968
11803
11389
11860
12780
12817
10918
7978
6205
5215
5305
4691
2446
137
-1269
-1630
-2232
-1789
-3793
-4437
-4400
-3959
-3660
-2350
-1692
-1388
-439
319
1493
2704
3647
3934
4780
5317
6280
5434
4703
3309
2829
1816
1057
-429
-2584
-4279
-6814
-9147
-11649
-13229
-15204
-16116
-18028
-19942
-22855
-22850
-21352
-16415
-10460
-9262
-13082
-17749
-13701
-8846
-735
4296
8068
7055
4181
2143
4150
11971
15893
15881
14082
14994
13071
11215
10536
10807
9711
8788
7360
5264
2687
-560
-2881
-3815
-1439
-1896
-4254
-7501
-9023
-8175
-6693
-3964
-3624
-3473
-3644
-1495
1415
4447
6399
6619
7892
10135
13305
14706
14628
13341
12858
13025
13862
14113
12909
9999
7179
6255
5865
5452
3731
1936
-53
-1320
-2322
-2822
-3210
-4254
-4564
-4175
-3798
-3395
-3359
-2904
-2001
-567
285
865
1674
1987
2324
3226
4425
4070
2891
1638
886
-39
-1210
-2731
-4510
-6152
-8390
-10528
-12721
-14585
-17251
-19001
-20397
-21189
-23786
-24685
-23483
-18678
-13877
-12913
-16636
-18332
-14863
-10005
-3720
1075
5623
4637
2294
-108
4086
10307
13697
12808
12568
12792
10872
9218
8702
8988
7497
6320
4641
3258
940
-1561
-4323
-4480
-3402
-3896
-5667
-8251
-9355
-9608
-7641
-5522
-4400
-4329
-4212
-2422
-31
3073
4738
5554
7007
9352
10765
11777
12145
11465
10823
11535
12000
12337
11622
8822
6278
6323
7318
5989
4128
1991
322
-392
-340
-1196
-2347
-2543
-3142
-3625
-3291
-2881
-3196
-2998
-1865
-232
998
1771
1903
2202
3028
4422
5590
5399
4184
2650
1400
612
-77
-1355
-3655
-5563
-7589
-9024
-10977
-13242
-15631
-17112
-17779
-18795
-20785
-22612
-21761
-15758
-9236
-8078
-12833
-15377
-13254
-8315
-2053
3429
8837
8375
4151
-540
3993
11210
14502
13807
14041
14235
11863
9691
9036
9142
8250
6932
5421
4228
1463
-2342
-5876
-5578
-3986
-4170
-6111
-8869
-10486
-11432
-9174
-6590
-4823
-4919
-5102
-3816
-1406
2169
3808
5086
5604
7520
9708
11940
12449
11349
10347
10384
11377
11623
11356
9661
7315
5815
5857
5480
4243
3006
819
338
3
-743
-2151
-1829
-2091
-2116
-1155
-497
-566
-554
314
1377
3013
4017
4396
4299
4681
5092
5899
5758
5229
3988
2518
1409
692
-927
-3068
-5293
-7238
-8838
-10345
-12735
-15916
-18146
-19494
-20195
-21839
-23004
-21637
-15381
-10298
-10912
-15052
-15982
-13132
-8575
-3006
2319
7477
6557
1687
-1478
3908
10118
12277
12399
13674
13376
10406
8446
8324
9058
8271
7015
5633
4585
2106
-1383
-3870
-3211
-1651
-2188
-3864
-5789
-6956
-7726
-5551
-2798
-1079
-926
-1319
21
2295
5159
6641
7711
8815
10532
12031
13557
13693
12065
10991
11400
12401
12705
11782
9080
6906
5735
5762
5039
4019
1924
5
-830
-1240
-1604
-2776
-3050
-3824
-3995
-3729
-2749
-2735
-2665
-2154
-1013
186
1308
1592
1686
2112
2978
3726
3797
3102
1405
139
-648
-1114
-2819
-4925
-7504
-9239
-10357
-11900
-14073
-16793
-18665
-19903
-20957
-22455
-22402
-19461
-13882
-11663
-12834
-14596
-13711
-11378
-7748
-1976
3382
6875
4698
1201
619
5570
9110
10475
11678
12670
11132
8341
7103
6663
6427
5590
4547
3166
1745
-780
-3357
-4793
-4211
-3607
-4217
-5374
-6825
-7778
-8048
-5998
-3720
-2161
-1716
-1302
82
2148
4842
6411
7962
9255
10501
11901
13216
12903
11836
11427
11571
11822
11828
10415
7970
6167
5359
5636
5219
4089
1611
-39
-773
-406
-143
-453
-637
-1498
-2166
-1786
-743
-174
476
951
1515
2378
3119
3049
3631
4127
4865
5078
5135
4084
2338
1009
267
-11
-1274
-3101
-5450
-7219
-8473
-9561
-11509
-13540
-15263
-16585
-17123
-18288
-19886
-19329
-14698
-8865
-7861
-10056
-12615
-11423
-8721
-3447
2250
7727
9329
4965
1215
2789
8474
10440
11479
12723
13037
10183
7471
6066
5864
5760
4861
3840
2939
1116
-2473
-5115
-4743
-2893
-2608
-3460
-4952
-6630
-7413
-6363
-3874
-1733
-658
-607
-71
1558
3895
5930
7247
8295
9312
10575
11732
11854
11120
10442
10442
10562
10516
9709
7889
5979
4638
4249
3920
3690
2794
986
-851
-1055
-630
-741
-642
-1353
-1893
-1854
-1610
-1527
-677
264
860
1593
2407
2932
3113
3251
3641
4149
4626
4224
2959
1519
389
-185
-1629
-2939
-4645
-6458
-8229
-9811
-11482
-13501
-15245
-16352
-17169
-18502
-20242
-20614
-18847
-14127
-9232
-8765
-11056
-12944
-10661
-7450
-1575
3319
7034
6750
3899
2077
3955
8746
10351
11072
11825
12130
9766
7756
6663
6206
5821
5829
5143
4129
2114
-939
-2683
-2088
-446
-718
-1662
-3234
-4398
-4712
-3440
-1221
-52
384
227
1299
2946
5287
6496
7322
8489
10078
11213
11441
10820
9821
9438
9322
9567
9244
7895
5064
3899
3499
3767
3113
2338
1546
141
-1344
-1935
-1026
-1020
-887
-1790
-1697
-1608
-1355
-1865
-657
822
1816
2285
2881
3067
3275
3479
4011
4896
4715
3296
1541
610
-485
-1471
-3055
-4055
-5854
-7675
-9463
-10708
-12488
-13783
-14105
-14908
-15871
-17430
-18764
-20086
-18172
-14573
-9184
-7252
-8589
-11141
-10680
-7019
-2690
2519
5581
7455
5519
4168
3757
6854
9285
10273
10713
11391
10483
7852
5508
4282
4134
4578
4712
3520
1480
-1273
-3154
-3682
-2309
-1603
-2273
-3838
-5010
-4696
-3824
-2224
-1492
-418
535
1598
2447
3634
5047
6198
7519
9181
10525
10822
10271
9382
9245
9602
9978
9226
8123
6423
5301
4743
4685
4515
3883
2661
1431
868
291
176
287
762
700
613
-50
-265
8
675
1459
2173
2639
2530
2061
1996
2514
2937
2976
2196
1258
472
-384
-1946
-3246
-4269
-5451
-6655
-8027
-9774
-11357
-12586
-13367
-13802
-14207
-15035
-16026
-17013
-17757
-17531
-15183
-11421
-7436
-7000
-8263
-9104
-6790
-3764
432
4174
7094
8144
6635
5358
5708
8728
9728
10368
10837
11442
9557
7003
5076
4730
5203
5526
4744
3534
1638
-647
-1761
-1190
-95
-448
-1130
-1829
-2166
-2336
-2085
-1244
-202
715
1123
1938
2819
3778
4602
5816
7646
8994
9307
9502
9234
9258
8856
8566
7910
7791
7414
6941
5883
4455
3780
3392
3060
2181
1754
694
631
193
-87
117
917
138
-522
-152
393
716
1168
1336
1405
1584
1646
1773
1772
1632
880
598
223
-267
-1900
-3471
-4581
-5405
-6478
-7912
-9752
-11191
-12075
-12697
-12966
-13703
-14644
-15986
-16560
-16714
-16114
-15820
-15204
-12865
-9074
-7043
-7446
-8568
-7488
-5036
-1752
1737
4704
6571
5717
3412
2535
5121
7118
7615
7817
8141
6671
4948
3876
3638
3766
4344
4236
3748
2870
1606
105
-579
-7
253
214
-206
-884
-1846
-2027
-1399
-515
644
1215
1181
1323
2387
3896
5132
6189
7036
7495
7821
7487
7116
7231
7748
7735
7326
7027
6418
5326
4043
3658
3686
3916
2807
1439
786
981
1044
1206
1292
1064
232
-497
-607
-349
148
336
418
487
604
-46
-748
-1114
-1157
-1341
-1486
-2191
-3335
-4688
-5485
-5958
-6924
-8318
-10214
-11826
-12404
-12042
-12140
-13167
-14663
-15780
-15860
-14891
-13910
-14012
-14169
-14490
-11522
-7456
-5179
-6388
-7331
-6185
-3921
-329
2225
5811
7315
6770
3274
3904
6904
7997
7912
8623
9535
8468
7217
5299
4542
4851
5124
4715
4867
4307
2154
-148
-37
936
1449
1216
195
-743
-1156
-738
-308
205
783
1025
1495
2114
3072
4237
5232
6101
6239
7106
7580
8048
8279
8228
8766
9505
9736
8286
7638
7144
7089
7103
6813
5914
4898
3622
1989
2069
2898
2970
2278
1895
1041
496
-85
-318
-191
423
352
-367
-803
-1429
-2082
-2638
-2520
-2521
-2931
-3950
-5082
-6119
-6977
-7581
-7960
-8711
-9543
-10597
-11045
-10996
-11250
-11986
-13081
-13553
-13100
-12510
-12590
-13098
-13532
-9878
-5850
-4898
-7982
-7707
-6393
-3333
-338
2091
4943
6445
4901
1115
3880
7558
8085
6826
8246
9063
7888
6858
5571
5299
5931
6130
5574
5897
5377
2525
554
1436
2728
2304
841
-704
-1875
-2359
-1789
-1430
-798
-814
-1009
-887
161
2320
3398
3556
3744
4983
6277
7039
7534
7551
8700
8970
9157
8682
8716
8401
7820
7370
7518
7566
5621
4618
4218
3897
4131
4543
3747
2832
2209
1142
361
781
700
318
437
191
-450
-844
-1192
-1394
-1560
-1392
-1610
-2077
-2855
-3868
-5104
-5906
-6290
-7067
-8137
-9244
-9968
-10947
-11986
-13024
-13376
-13535
-14053
-14631
-14960
-15769
-15903
-12286
-8241
-7085
-8024
-7171
-7148
-6958
-5067
-968
3852
6487
3242
-294
1976
4643
3172
3703
8169
9025
6659
5437
5302
4363
4558
4446
4439
5435
5159
1916
-272
638
1280
638
506
173
-1420
-2892
-2903
-2030
-900
-276
-365
-505
389
1035
1235
1924
3608
5113
5148
5153
5150
5543
5795
6286
6804
7016
6628
6075
5717
5546
5803
5126
4323
3728
3322
2419
2130
2061
1727
1547
1393
512
-575
-1426
-1754
-1443
-872
-863
-1547
-2179
-2731
-2997
-2470
-1785
-1602
-2068
-2927
-3836
-4604
-4846
-5460
-6160
-7017
-7881
-8961
-10249
-11521
-12548
-13102
-13126
-12989
-13814
-15523
-14551
-10813
-8726
-9542
-10537
-9851
-8795
-6716
-4901
-2046
1038
1574
-987
-1464
1511
3488
3909
5309
6988
7428
6809
6328
6045
6934
7542
7356
7621
7895
6779
4753
4082
4634
4969
4931
4379
3211
1841
502
64
547
1622
2213
2230
2431
2380
2415
2471
3561
4781
6024
6468
6900
6346
5145
4500
5805
8288
9187
8921
6996
5713
5145
5903
6037
6530
6529
5239
3489
3123
2919
2599
2507
2580
2359
1665
412
-1318
-1954
-1758
-1036
-676
-716
-1649
-2474
-2637
-1923
-1133
-969
-1653
-2799
-4069
-4750
-4978
-5472
-6476
-7692
-8130
-8728
-9813
-11511
-12328
-12916
-12837
-12716
-12268
-10064
-7692
-7890
-10255
-10249
-8330
-6305
-4579
-2986
-1395
-266
-797
-2517
-1291
1677
2993
2560
3432
4552
4525
4551
4730
5247
5623
5589
5226
5423
5595
4744
3953
4040
4131
3475
2565
2109
2007
1877
1697
1618
1722
1596
1057
1326
2389
3538
3723
3795
3746
4256
4936
5559
6222
6497
6328
5616
5760
6337
7134
7132
6762
6187
5984
6292
6092
5649
4856
4450
3759
3243
2786
2188
1380
675
192
-96
-324
-950
-1885
-3056
-3468
-3393
-3123
-3207
-3452
-3628
-3659
-3563
-3522
-3621
-3993
-4330
-4733
-4666
-4975
-6186
-7670
-8439
-8581
-8797
-8963
-9848
-11150
-12711
-12052
-8673
-5865
-6241
-8671
-9173
-8277
-6233
-4631
-2582
-1103
-1325
-3057
-3872
-1709
395
822
952
2355
3075
2984
2651
2816
3289
4346
5315
5557
5541
4881
3609
3045
4048
4830
4575
3550
2731
2027
2028
2738
3142
3254
2720
2313
2589
4123
5210
5070
4777
5278
5938
6601
7010
7251
7372
7280
6740
6787
6794
6273
5490
5464
5824
5507
4827
3806
3429
3357
3492
3138
2377
1438
602
-320
-798
-1318
-2251
-3082
-3647
-3925
-4165
-4795
-5234
-5686
-6014
-6051
-6018
-6023
-6059
-6321
-6753
-7107
-7075
-7226
-7823
-8475
-8812
-8645
-8657
-9142
-10010
-10422
-10457
-10188
-9091
-7633
-6712
-7750
-8642
-7973
-5779
-3772
-2566
-2219
-1806
-1212
-1685
-1606
-193
1488
1739
2129
3233
3597
2828
2411
2684
3555
4430
4610
4361
4195
4193
3719
3636
4245
4329
3785
3248
3228
3512
3687
3616
3885
4278
4204
4262
4280
4562
4716
4970
4743
4685
4872
4593
4676
4787
4875
4332
4062
3383
3158
2781
2908
3189
3166
2317
1720
1299
1112
1080
822
894
1053
1270
924
683
163
-279
-829
-999
-935
-967
-1355
-1474
-1347
-1392
-1775
-2392
-2900
-3102
-3040
-2932
-3090
-3389
-4352
-5208
-5375
-5352
-5639
-6171
-6588
-6765
-6721
-6716
-6883
-6628
-5410
-4256
-3705
-3858
-3998
-4015
-3196
-2008
-662
643
898
-327
-1105
-499
480
1225
1890
2172
1895
1788
1837
1927
2427
2995
3225
3196
3227
2997
2800
2877
3547
3907
4021
4078
3622
3271
3695
4068
5137
6129
6048
5040
4601
4617
4900
5794
6229
5945
4920
4058
3226
3599
3645
3561
2925
2551
1915
1502
1092
898
818
810
913
853
578
-238
-695
-903
-834
-738
-680
-869
-1077
-1408
-1661
-1869
-1775
-1913
-2155
-2355
-2585
-2806
-2899
-3065
-3372
-3653
-3858
-4124
-4793
-5106
-5552
-5689
-6227
-6411
-6560
-6861
-7290
-7557
-7454
-7110
-6405
-5730
-4593
-3474
-2886
-2971
-2638
-1712
-382
999
1632
1499
1151
736
659
1282
1709
1600
1259
1072
443
32
178
111
51
261
313
-41
-347
-383
-306
-340
236
805
1171
1228
1404
1952
2790
3720
3901
4338
5030
6054
6632
7523
8011
8187
7802
7702
7945
8405
8333
7893
7616
6667
5805
4966
4780
4661
4794
4255
3683
3097
2631
1923
1835
1912
1680
1378
797
148
-511
-739
-990
-1009
-916
-1090
-1139
-1240
-1312
-1584
-1660
-1864
-2136
-2258
-2624
-2836
-3807
-4509
-4990
-4748
-4873
-5316
-6265
-6960
-7477
-7541
-7439
-7409
-7540
-7839
-7840
-7584
-7125
-6823
-5598
-4296
-3373
-3415
-2740
-2044
-1137
-577
529
1045
1213
766
-36
291
1069
1198
626
628
336
-14
-100
-11
-128
-216
-160
-381
-511
-571
-1047
-1356
-827
-46
242
187
-7
261
985
2185
3116
4044
4489
4492
4584
5068
5883
6800
7675
7957
8013
6760
5993
5656
6093
5834
5359
4689
3894
2843
2310
1773
1808
1811
1196
613
-49
-498
-1037
-1051
-1034
-965
-1409
-1511
-1471
-1319
-1035
-893
-966
-1409
-1238
-1194
-845
-694
-554
-532
-505
-472
-867
-933
-1038
-1174
-1367
-1467
-2064
-2843
-3602
-3988
-4098
-3985
-3986
-4441
-5158
-5496
-5133
-4401
-3718
-3204
-3254
-2935
-2273
-1573
-1275
-1297
-1184
-820
-400
-139
52
14
51
-198
-25
545
675
106
-329
-337
164
872
1230
1061
1243
1141
1281
1663
2113
2254
2326
2290
2489
2895
2760
2655
2798
3379
3971
4321
4209
4240
4015
4224
4414
5001
5259
4963
4766
4502
4202
3920
3898
3917
3739
3101
2467
1734
1696
1482
1021
549
-172
-969
-1506
-1736
-1899
-2149
-2397
-2391
-2383
-2592
-2934
-2941
-2799
-2544
-2479
-2763
-2877
-2889
-2774
-2243
-1730
-1410
-1578
-1937
-2170
-1794
-1512
-1718
-1976
-2278
-2609
-2754
-3068
-3715
-4467
-4974
-4711
-4486
-4358
-4673
-4798
-4738
-4150
-3565
-2792
-2299
-1874
-1615
-1312
-766
-434
-245
10
699
1542
1959
1765
1657
1749
2494
3354
3929
4118
3961
3527
3342
3331
3560
3437
3195
2968
2780
2573
2217
2225
2377
2671
2934
2986
2904
2877
3080
3432
3774
4074
4088
3709
3843
4121
4417
4428
3954
3589
3329
3001
2612
2236
1735
1150
397
-199
-651
-1014
-1491
-2007
-2208
-2574
-3167
-3670
-3593
-3419
-3504
-3568
-3620
-3658
-3600
-3491
-3344
-3297
-3254
-2941
-2544
-2140
-1569
-840
-371
34
266
412
689
1077
1338
1183
758
262
-30
-346
-365
-694
-1178
-1738
-1928
-1849
-1757
-1819
-1940
-2025
-1891
-1629
-1479
-1302
-1233
-1219
-1008
-400
115
326
510
998
957
1463
1574
1338
1092
1315
1936
2410
2627
2068
1393
1116
1243
1255
1233
707
49
-400
-824
-983
-1218
-1547
-1796
-1924
-1973
-1897
-1977
-2148
-1893
-1441
-1090
-741
-805
-869
-779
-532
-14
35
-130
-123
-284
-228
-212
-282
-278
-262
-507
-650
-882
-1284
-1621
-1642
-1393
-1502
-1505
-1637
-1677
-1365
-950
-632
-462
-301
-236
-91
294
557
558
823
1442
2098
2108
2041
1868
2230
3014
3595
3509
3345
3083
2259
1573
1356
1677
1418
738
-156
-692
-1461
-1890
-2215
-2467
-2178
-1968
-1895
-1983
-1934
-2206
-2079
-1956
-1370
-835
-559
-756
-582
-549
-656
-318
231
502
182
494
232
295
66
-54
-160
-2
-147
-636
-1067
-1507
-1884
-2333
-2492
-2784
-3048
-3552
-3938
-4230
-4083
-3819
-3407
-3127
-2884
-2443
-2026
-1723
-1131
-604
-111
73
401
890
1192
1312
1370
1744
1904
2030
1768
1647
1645
1507
1153
973
853
289
-41
-162
-212
-349
-611
-830
-823
-726
-405
-209
-369
-541
-624
-462
-87
381
551
723
600
536
675
913
1011
891
1063
1242
1816
1967
1645
1342
982
709
718
619
285
-489
-1029
-1011
-1252
-1475
-1557
-1591
-1487
-1309
-1007
-511
-318
-216
-231
3
324
467
419
588
807
806
687
455
485
499
612
602
648
667
390
110
-313
-649
-993
-1170
-1448
-1921
-2616
-3189
-3490
-3700
-3815
-3905
-4127
-4230
-4504
-4893
-4751
-4434
-4238
-3792
-3441
-3267
-3202
-2856
-2518
-1850
-1170
-865
-775
-672
-386
-362
-386
-694
-849
-1012
-960
-903
-976
-756
-541
-357
36
520
877
1047
1223
1463
1958
2522
3249
3688
3959
4131
4173
4526
4812
5339
5473
5621
5556
5433
5414
5360
5344
5030
4974
4702
4204
3700
2956
3002
2992
2710
2432
1650
800
-12
-320
-541
-629
-854
-982
-1145
-1301
-1249
-1394
-1081
-808
-645
-445
-328
-155
-72
-75
-6
58
123
-145
-274
-556
-784
-857
-903
-941
-1338
-1519
-1986
-2220
-2132
-2302
-2588
-2678
-2722
-2967
-2829
-2919
-3058
-3180
-3135
-2814
-2311
-2230
-2345
-2402
-2466
-2336
-2105
-1719
-1298
-1038
-773
-378
-101
-31
144
246
193
155
158
116
14
-70
-555
-862
-910
-706
-580
-398
-157
20
83
194
673
1319
1934
2517
3099
3350
3434
3573
3585
3684
4012
4256
4367
4634
4499
4449
4485
4362
4465
4500
4374
4157
3722
2996
2467
2198
2166
1887
1457
1083
490
-64
-248
-399
-708
-1206
-1517
-1716
-1857
-1835
-1525
-1248
-986
-905
-892
-854
-862
-778
-806
-665
-555
-647
-949
-1282
-1611
-1542
-1617
-1515
-1503
-1835
-2004
-2082
-2046
-1726
-1734
-1703
-1645
-1704
-1417
-1234
-1120
-915
-390
-179
-30
140
364
738
1139
1600
1924
2248
2271
2070
2179
2589
2627
2553
2498
2272
2002
1526
1088
819
582
365
-14
-584
-1257
-1729
-1857
-1828
-1607
-1089
-917
-744
-515
-364
15
123
69
160
361
598
642
719
915
1061
1007
817
962
1143
1229
1259
1260
1180
1537
1708
1559
1191
931
975
1017
1098
1085
1085
613
342
293
547
540
469
539
565
650
571
590
696
581
136
-139
-314
-513
-841
-1158
-1157
-1402
-2033
-2614
-2945
-3120
-3220
-3248
-3652
-3879
-4162
-4512
-4336
-4007
-3815
-3834
-4057
-4025
-4013
-3829
-3563
-3231
-2790
-2326
-2174
-2175
-2102
-1893
-1530
-1134
-481
-73
386
519
677
975
1551
2126
2445
2429
2602
2503
2375
2395
2347
2351
2235
2185
2095
1777
1552
1483
1504
1566
1455
1137
896
782
1077
1422
1269
1175
954
977
1253
1536
1744
1908
1944
1924
2031
2193
2023
2209
2473
2708
3012
3012
2759
2344
2255
2414
2671
2636
2484
1830
1099
823
750
686
531
162
39
-118
-304
-794
-1174
-1047
-865
-870
-993
-1443
-1856
-2139
-2258
-2072
-1950
-1933
-2200
-2092
-2131
-2041
-2129
-2108
-1998
-1586
-1483
-1526
-1497
-1690
-1849
-1864
-1935
-1979
-2130
-2513
-2414
-2249
-1907
-1703
-1385
-1252
-1048
-689
-493
-291
79
524
806
998
1294
1374
1348
1420
1645
1929
2129
2195
2186
1968
1935
2060
2394
2576
2539
2330
2098
1999
2148
2713
3010
3216
3093
2756
2488
2107
2167
2282
2361
2562
2465
2292
2006
1852
1781
1630
1785
1743
1731
1669
1513
1570
1499
1499
1329
1127
693
307
-96
-563
-861
-1050
-1183
-1136
-1261
-1481
-1896
-2156
-2461
-2494
-2465
-2463
-2012
-1955
-2149
-2593
-2358
-2192
-2200
-1898
-1691
-1438
-1255
-1114
-1019
-1107
-1182
-1207
-1027
-785
-400
-165
130
365
505
738
683
952
1079
1121
1115
1274
1521
1598
1723
1802
1985
2222
2046
1905
1858
1924
2114
2231
2230
2240
2369
2064
1978
2088
2039
1906
1851
1834
1795
1778
1754
1902
1699
1661
1684
1267
964
718
601
796
1117
1079
724
476
644
1049
1094
1274
1534
1503
1663
1615
1550
1605
1627
1594
1461
1282
1281
1360
1188
1288
1311
1316
1175
723
457
170
92
-58
-307
-653
-1201
-1599
-1686
-1551
-1915
-2245
-2517
-2797
-2940
-2940
-3076
-2997
-3115
-3394
-3383
-3680
-3907
-4112
-4058
-3548
-3491
-3549
-3743
-3812
-3744
-3500
-3412
-3367
-3030
-3167
-3142
-3074
-2940
-2607
-2388
-2113
-1825
-1591
-1719
-1616
-1335
-783
-292
-60
151
48
128
370
894
1742
2075
2182
2143
2075
1865
1839
1870
1905
2017
2148
2000
1642
1231
771
939
906
1169
1155
926
752
501
504
706
857
689
431
105
18
1
-162
-491
-685
-436
-223
-138
-20
108
142
-41
110
229
338
318
221
-11
-437
-549
-343
-272
-142
-111
-263
-505
-576
-430
-491
-792
-934
-1300
-1324
-1089
-1096
-963
-988
-1299
-1560
-1425
-1356
-1420
-1761
-1723
-1557
-1198
-853
-761
-704
-546
-566
-677
-640
-389
-240
-229
68
-91
-33
-42
32
291
520
636
485
459
385
140
31
26
43
-198
-318
-327
-124
-26
82
164
23
125
21
173
150
173
105
-10
8
28
129
119
212
238
333
455
649
711
832
978
940
1027
1164
1255
1332
1419
1664
1672
1861
1971
1959
2046
2007
1846
2028
1947
1998
1945
1657
1314
905
677
612
859
803
762
293
-42
-39
-344
-468
-713
-845
-710
-722
-735
-847
-1030
-1275
-1470
-1354
-1158
-966
-962
-1138
-952
-1255
-1354
-1428
-1757
-1652
-1669
-1633
-1363
-1385
-1383
-1281
-1449
-1297
-1027
-862
-753
-630
-599
-346
-61
-29
-41
-171
-89
-41
96
294
331
31
-91
-67
109
340
611
595
467
393
228
351
348
653
707
650
279
137
76
31
-22
-165
-97
-447
-621
-1029
-1181
-1188
-982
-979
-957
-782
-646
-445
-325
-260
-244
-76
-162
-428
-568
-629
-660
-418
-224
-186
-109
-225
-376
-409
-619
-530
-654
-507
-345
-331
-464
-301
-64
-92
154
181
426
553
678
783
686
564
582
699
633
467
638
587
745
791
747
701
802
853
926
1016
885
892
615
679
500
412
596
533
326
272
238
141
160
41
-379
-642
-1025
-1375
-1376
-1371
-1520
-1418
-1284
-1237
-1126
-1251
-1313
-1378
-1548
-1699
-1503
-1353
-1298
-1270
-1160
-1092
-841
-642
-722
-737
-619
-570
-865
-780
-942
-793
-380
-355
-469
-450
-200
16
64
243
287
492
560
612
504
460
492
508
427
300
255
-8
-123
-395
-458
-522
-655
-611
-394
-453
-464
-279
-468
-727
-883
-967
-962
-1048
-1208
-1142
-1280
-1395
-1355
-1313
-1172
-1180
-1285
-1398
-1630
-1731
-1317
-1216
-1135
-999
-866
-750
-690
-328
-178
-58
-91
-200
-257
-26
-15
-209
-332
-645
-798
-1062
-1239
-1501
-1606
-1626
-1622
-1487
-1635
-1434
-1451
-1571
-1563
-1541
-1460
-1678
-1786
-1873
-1845
-2043
-2072
-2022
-1972
-1754
-1485
-1193
-898
-709
-458
-394
-407
-112
-5
183
541
897
1064
1048
1124
1283
1583
1750
1841
1761
1801
1800
1981
2147
2312
2268
2540
2446
2570
2640
2613
2968
3099
3214
3358
3365
3270
3371
3512
3576
3339
3147
2990
2877
2749
2645
2691
2701
2620
2382
2086
1921
1722
1517
1407
1213
1058
571
22
-332
-624
-842
-945
-1276
-1502
-1614
-1642
-1560
-1490
-1390
-1121
-1063
-1245
-1220
-1189
-1370
-1222
-1140
-948
-660
-700
-766
-1151
-1351
-1336
-1287
-1275
-1235
-1363
-1370
-1409
-1704
-1915
-1756
-1678
-1729
-1819
-1849
-1409
-1108
-998
-1112
-1062
-973
-941
-717
-511
-330
-88
83
207
368
496
704
711
796
802
673
820
789
739
495
448
387
311
490
449
565
851
841
1015
1465
1615
1814
1867
1931
1860
1879
2033
2111
2128
2132
2023
2028
2058
2192
2028
1888
1907
1801
1834
1527
1346
1086
847
516
443
315
-19
-572
-925
-928
-909
-899
-782
-606
-582
-518
-616
-431
-442
-471
-268
-192
-121
-76
-63
167
71
-206
-274
-207
-255
-302
-319
-247
-595
-862
-1050
-1215
-1236
-1056
-786
-535
-566
-682
-946
-1046
-1051
-1177
-1168
-1560
-1621
-1815
-2015
-2185
-2515
-2517
-2592
-2576
-2686
-2677
-2581
-2384
-2143
-1705
-1377
-1068
-771
-815
-751
-798
-666
-551
-358
-273
-358
-374
-237
-115
-230
-286
-103
37
339
370
693
1279
1533
1866
2105
2055
1982
1951
2109
2266
2353
2517
2509
2446
2334
2324
2174
1698
1653
1537
1513
1356
1295
940
764
893
773
771
457
303
16
-84
-194
-247
-320
-430
-535
-782
-893
-921
-1001
-1203
-1155
-732
-514
-688
-691
-904
-1044
-1007
-945
-652
-395
-544
-495
-421
-381
-289
-428
-424
-564
-500
-417
-453
-526
-597
-718
-743
-653
-576
-758
-930
-1134
-1165
-1232
-1127
-1030
-1079
-962
-1210
-1108
-913
-743
-352
-46
51
208
348
594
653
748
612
755
907
1222
1362
1148
1258
977
1101
1098
1403
1344
1266
1349
1418
1650
1814
2090
2036
2203
2458
2539
2474
2549
2538
2469
2428
2754
2762
2949
2627
2380
2232
2075
2344
2232
2293
2138
2068
1818
1809
1556
1187
848
364
166
64
49
-82
-305
-671
-981
-1240
-1136
-964
-1103
-1060
-1240
-1328
-1695
-1861
-1863
-1914
-1961
-2159
-1919
-2002
-2132
-1838
-1464
-1431
-1439
-1508
-1501
-1603
-1733
-1911
-2122
-2234
-2309
-2284
-2147
-1733
-1837
-1988
-2132
-2049
-1668
-1585
-1300
-1117
-816
-396
-86
27
218
338
490
890
1079
1232
1294
1310
1294
1361
1446
1745
1588
1494
1601
1413
1382
1207
1157
909
743
595
401
373
367
493
307
377
400
327
235
363
233
-25
-42
-260
-217
-67
-97
-270
-202
-332
-470
-510
-636
-926
-775
-699
-736
-691
-602
-551
-436
-258
-203
16
-164
-217
-65
-167
-174
-258
-180
-156
2
-173
-348
-380
-505
-329
-433
-460
-372
-434
-372
-505
-397
-200
-185
-24
96
26
-24
-212
-160
-21
-80
-21
-300
-413
-350
-635
-564
-399
-591
-332
-370
-204
92
222
370
440
469
175
-90
-418
-475
-605
-643
-702
-733
-673
-635
-515
-381
-340
-57
129
198
548
537
686
783
827
805
571
469
393
172
161
302
440
464
493
481
326
348
281
144
90
313
392
534
514
272
230
189
43
8
137
-73
10
96
179
103
38
-176
-341
-512
-605
-311
-356
-416
-661
-979
-1239
-1158
-1275
-1412
-1485
-1517
-1438
-1411
-1336
-1268
-1092
-747
-357
-231
161
182
248
530
809
954
1092
1263
1460
1279
1341
1381
1419
1876
1958
1919
1752
1408
1271
1199
1152
1136
1206
1133
963
890
786
1008
1169
1529
1508
1515
1641
1592
1734
1760
1869
2207
2466
2393
2408
2647
2520
2529
2452
2503
2732
2658
2672
2571
2420
2248
1995
2028
2167
2166
2340
2625
2892
2745
2467
2183
1924
2021
1892
1748
1700
1714
1730
1570
1278
1433
1803
1862
1962
1951
2156
2299
2406
2350
2028
1900
1682
1771
1660
1161
875
484
130
-91
-464
-562
-764
-979
-1360
-1390
-1311
-1553
-1633
-1926
-2072
-2200
-2159
-2238
-2036
-2019
-1908
-1612
-1517
-1331
-1433
-1274
-1298
-1266
-1255
-1291
-1215
-1183
-1224
-1370
-1295
-1226
-1253
-945
-844
-866
-1020
-1143
-1108
-954
-863
-832
-794
-916
-755
-727
-715
-758
-797
-663
-469
-399
12
43
22
208
78
98
196
191
251
262
46
-355
-683
-834
-683
-667
-860
-1138
-1515
-1804
-2039
-2340
-2374
-2495
-2685
-2806
-2941
-2775
-2452
-2250
-2040
-2048
-2224
-2234
-2341
-2113
-1856
-1626
-1326
-929
-548
-371
-182
-226
-232
-225
-449
-858
-1085
-1289
-1462
-1454
-1570
-1672
-1938
-2001
-1796
-1627
-1575
-1739
-1873
-1881
-1843
-1652
-1408
-1238
-964
-915
-923
-640
-411
-335
-342
-137
93
260
591
813
754
511
545
558
762
738
771
829
947
1187
1226
1401
1165
1228
1040
884
751
251
50
29
38
114
6
-125
-311
-366
-175
-5
29
116
121
222
581
921
889
896
881
761
790
866
1097
1128
1033
1012
674
573
398
324
354
291
252
111
221
142
209
533
822
632
354
174
147
69
-197
-478
-498
-702
-625
-551
-583
-342
-559
-509
-473
-512
-356
-466
-315
-486
-491
-729
-918
-438
-542
-494
-491
-484
-428
-441
-435
-430
-231
-221
-429
-306
-21
235
413
504
538
222
264
367
395
488
652
444
296
345
206
-57
-226
-336
-460
-440
-593
-514
-482
-299
-163
-201
-307
-290
-228
-120
55
-76
-32
-33
275
561
666
773
604
483
312
334
464
588
713
523
678
714
914
1158
1137
1226
1265
1141
1047
900
533
600
457
656
684
828
828
913
875
782
1018
995
1194
1243
1475
1523
1287
1340
1158
1164
1222
1323
1379
1291
1331
1276
1331
1154
1025
1050
1272
1394
1366
1408
1227
1092
876
793
486
142
-365
-309
-27
-159
-334
-836
-946
-1161
-565
-374
-285
-217
-401
-201
61
152
21
118
308
452
892
954
316
151
-161
-300
-463
-763
-930
-1110
-1131
-942
-528
-526
-769
-568
-640
-495
-323
-442
-821
-1218
-1239
-1135
-1071
-1299
-1139
-1366
-1616
-1430
-1414
-1385
-1131
-836
-917
-1156
-1495
-1490
-1607
-1799
-1561
-1323
-1189
-765
-415
-169
74
-142
-328
-357
-412
-163
38
289
152
115
388
327
508
818
745
530
402
303
268
-54
-282
-615
-1023
-1031
-1280
-1610
-1568
-1843
-1669
-1464
-1231
-934
-956
-745
-908
-970
-648
-831
-1023
-1101
-1316
-1289
-1447
-1832
-1981
-2111
-2404
-2154
-2133
-2344
-2421
-2940
-2918
-2887
-3020
-3026
-3362
-3300
-2971
-2788
-2779
-2764
-2719
-2611
-2405
-2157
-1935
-1802
-1682
-1752
-1436
-976
-784
-573
-519
-123
254
290
401
630
746
804
954
1157
1502
1679
1717
1767
1891
1822
1863
2065
2044
2105
2028
1990
2028
2022
1755
1512
1657
1803
1822
1491
1279
921
604
281
193
201
152
282
72
-9
-10
-281
-174
9
129
519
456
808
1080
1027
1110
1083
1065
928
775
728
595
506
410
206
25
61
242
303
535
467
345
314
403
507
333
207
72
-277
-243
-300
-558
-753
-764
-580
-634
-502
-700
-746
-850
-531
-547
-385
-155
204
540
587
776
359
400
-22
-63
-110
-338
-183
-284
-498
-839
-913
-673
-424
-199
-324
-255
-127
-77
11
76
88
277
261
232
227
-154
-215
-655
-929
-961
-1012
-927
-953
-1184
-1610
-1572
-1669
-1677
-1675
-1775
-1436
-1095
-841
-599
-208
-96
-60
-26
-183
151
332
365
449
756
1032
1282
1600
1898
2329
2670
2811
2743
2508
2355
2176
2043
2115
1886
1431
1239
1271
1237
1069
993
723
551
504
657
596
577
408
506
736
834
883
815
844
723
615
682
747
809
989
1223
1405
1708
1777
2176
2323
2435
2353
2539
2601
2335
2279
2367
2497
2510
2668
2481
2253
1917
1504
1132
938
691
663
683
838
1137
1114
1016
860
892
886
863
748
560
512
142
9
21
-138
-656
-520
-599
-960
-959
-1051
-767
-634
-241
294
382
345
488
757
910
1362
1537
1512
1850
2000
2166
2349
2322
2195
2329
2321
2340
2620
2722
3261
3357
3606
3670
3732
3847
3624
3576
3385
3433
3293
3056
2537
2023
2006
1681
1518
1182
864
631
372
65
-479
-1101
-1378
-1743
-2007
-2329
-2932
-3263
-3561
-3991
-4177
-4307
-4755
-4957
-5125
-5265
-5568
-5637
-5577
-5674
-5543
-5438
-5437
-5474
-5284
-4834
-4440
-4304
-3879
-3515
-3471
-3547
-3458
-3308
-3279
-3289
-3248
-3144
-3013
-2744
-2675
-2428
-2310
-2288
-2266
-1584
-1055
-619
-324
-359
-318
-548
-719
-971
-1072
-1359
-1299
-1307
-1108
-906
-1002
-709
-980
-1002
-792
-941
-646
-544
-220
46
49
-93
-393
-231
-449
-682
-615
-474
-671
-510
-342
-159
-169
-278
-221
-381
-123
0
303
452
528
694
626
685
572
835
1174
1168
1285
1172
1542
1691
1871
1848
2061
2370
2421
2671
2784
2591
2305
2312
2138
1946
1679
1589
1324
1033
778
647
295
-205
-389
-571
-692
-803
-959
-1159
-1199
-1119
-987
-1058
-1074
-1134
-993
-961
-1137
-1194
-1105
-924
-743
-890
-960
-1021
-1021
-713
-842
-839
-888
-802
-716
-380
-204
-34
317
467
654
590
498
318
180
-129
-39
218
219
210
218
23
154
347
328
370
212
-50
-272
-180
-281
-406
-512
-715
-792
-593
-358
-551
-452
-513
-394
-245
-372
-361
-284
-447
-87
344
357
288
299
344
188
281
163
359
172
-33
-158
-253
-435
-466
-444
-543
-443
-261
-5
158
343
450
691
798
872
543
784
1007
1123
1455
1670
1680
1568
1607
1810
1793
1713
1966
2020
2198
2419
2321
2444
2595
2523
2759
2684
2492
2561
2554
2715
2503
2251
1942
1793
1774
1945
2049
1778
1932
1785
1749
1789
1402
967
766
691
493
426
350
140
-93
-268
-305
-507
-620
-638
-825
-505
-519
-460
-426
-553
-585
-787
-957
-815
-682
-826
-728
-587
-455
-520
-691
-721
-812
-674
-248
74
312
449
517
633
726
991
966
1060
1274
1664
1911
2099
1971
2018
2345
2438
2549
2417
2338
2400
2175
2101
1944
1810
1674
1437
1314
1196
944
431
235
-134
-384
-735
-887
-1165
-1349
-1239
-1325
-1240
-1221
-1133
-1072
-891
-859
-1068
-1087
-1163
-1423
-1171
-1256
-1283
-1218
-1277
-1208
-914
-666
-789
-1008
-1202
-1474
-1621
-1603
-1673
-1816
-1732
-1437
-1267
-1389
-1503
-1581
-1664
-1480
-1441
-1703
-1627
-1558
-1628
-1479
-1533
-1684
-1535
-1288
-1319
-1125
-1362
-1296
-1357
-1278
-1051
-1005
-733
-622
-394
-326
-430
-333
-396
-436
-463
-161
-161
26
344
505
721
404
923
1143
1377
1279
1554
1705
1626
1789
1632
1623
1670
1750
1324
1170
947
663
438
303
323
307
307
478
284
251
207
-51
18
-198
-205
151
106
362
285
28
-90
-260
-89
-189
-413
-647
-690
-855
-751
-608
-498
-320
-149
16
265
92
-87
-69
-394
-236
-368
-181
-322
-594
-93
173
448
589
693
791
1385
1898
2164
2202
2181
2175
2125
2210
2349
2157
2141
2282
1969
2339
2312
2159
1942
1558
1378
1426
1367
1406
1456
1475
1607
1516
1475
1490
1558
1715
1471
1417
1584
1490
1272
1217
1308
1040
882
605
570
564
616
786
658
401
329
236
-6
208
122
-8
-359
-423
-530
-1065
-1283
-1346
-1630
-1809
-1704
-1851
-1818
-1851
-1643
-1738
-1736
-1905
-2079
-1987
-1862
-1405
-1617
-1740
-1853
-2003
-1921
-1675
-1522
-1733
-1867
-2025
-1874
-1791
-2125
-2004
-2056
-1879
-1783
-1822
-1671
-1907
-1792
-1796
-1804
-1865
-2013
-2007
-1648
-1314
-1271
-1202
-970
-736
-221
122
54
231
354
644
862
1380
1827
2058
1860
2129
2453
2493
2384
2061
1871
1636
1533
1446
1217
1235
1259
1288
1478
1484
1434
1315
1543
1904
1893
1885
2007
1952
1870
1644
1364
760
304
-42
-247
-291
-574
-491
-646
-580
-443
-564
-664
-658
-549
-475
-184
-144
72
217
325
459
705
819
616
521
604
508
374
684
584
590
520
430
686
429
355
444
436
246
-3
-57
-93
-119
-225
-151
-140
-194
-113
-153
-126
-182
32
265
211
642
818
563
567
593
444
105
-104
-34
92
346
336
468
205
122
456
419
223
195
0
-207
-304
-421
-478
-639
-486
-570
-534
-742
-913
-970
-828
-896
-858
-665
-662
-648
-728
-853
-610
-648
-830
-595
-348
-209
-303
-523
-612
-707
-746
-710
-443
-292
-629
-357
-339
-162
257
111
321
411
641
946
993
984
1001
1033
979
883
997
827
473
501
514
350
313
289
269
149
52
-302
-687
-597
-408
-398
-473
-579
-648
-604
-509
-449
-512
-607
-813
-847
-989
-1175
-1518
-1671
-1625
-1486
-1756
-1689
-1560
-1468
-1107
-830
-307
-126
269
576
668
860
896
962
955
1122
1480
1461
1531
1600
1656
1653
1753
1806
1773
1837
1796
1748
1697
1813
1406
1408
1395
1453
1190
840
810
340
29
-273
-547
-622
-350
-316
-438
-715
-749
-831
-1107
-1026
-1389
-1595
-1843
-1820
-1933
-1936
-1911
-1866
-1350
-1165
-891
-703
-727
-540
-431
-197
106
356
518
554
835
1084
1093
1014
801
752
856
693
733
693
627
512
199
398
359
86
-89
-177
-250
-521
-568
-547
-380
-230
-498
-401
-641
-875
-1123
-1497
-1698
-2068
-2197
-2351
-2406
-2406
-2546
-2854
-3160
-3282
-3488
-3360
-3192
-2917
-2810
-2736
-2741
-2843
-2962
-2908
-2879
-3184
-3235
-3233
-3343
-3405
-3521
-3867
-3912
-4101
-3898
-3892
-3838
-3463
-3493
-3465
-3491
-3080
-3034
-2962
-2849
-3129
-3117
-2680
-2357
-2051
-2028
-2039
-1727
-1898
-2037
-2133
-2130
-2135
-1828
-1479
-1050
-853
-827
-579
-553
-141
1
-250
-342
-56
-20
228
347
182
270
172
358
798
1139
1374
1334
1206
1287
1587
1634
1688
1753
2157
2263
2169
2202
2054
1994
2119
2102
1775
1702
1414
1622
1665
1689
1703
1817
2109
2338
2611
2250
2026
1798
1470
1206
942
781
959
687
363
199
235
317
375
553
726
831
936
680
709
499
154
-50
-120
-46
-79
-80
-164
-3
39
271
183
176
158
90
388
526
334
189
-12
-181
-445
-395
-653
-779
-847
-914
-850
-1032
-1061
-1277
-1478
-1494
-1544
-1182
-865
-778
-532
-196
-42
-79
21
145
265
282
176
367
295
319
285
348
494
579
942
980
1067
1149
998
801
752
523
898
804
590
692
496
745
788
739
683
874
848
1136
1626
1833
2141
2370
2729
2687
2776
2839
2847
2891
2716
2573
2464
2457
2521
2691
2785
2750
2739
2636
2529
2164
1859
1795
1670
1569
1349
1024
607
223
-152
-686
-925
-1147
-1390
-1701
-1661
-1637
-1726
-1906
-1770
-1308
-1026
-773
-568
-318
-172
39
454
593
933
1045
1025
989
467
592
381
484
650
688
981
866
648
517
359
236
218
339
612
566
868
1024
1060
1015
752
347
-13
-445
-620
-869
-1144
-1063
-1572
-1933
-2009
-2061
-2179
-2089
-1966
-2089
-2072
-2180
-1814
-1706
-1740
-1885
-1938
-1924
-1771
-1343
-1383
-956
-831
-668
-506
-91
185
326
399
171
159
44
387
367
296
292
360
601
692
1104
1138
1010
1362
1602
2063
2066
2220
2151
2038
2150
2308
2282
2295
2035
1627
1279
1511
1318
921
675
536
469
197
132
-53
-26
-49
-53
-335
-414
-577
-640
-949
-1194
-1540
-1712
-2225
-2506
-2608
-2798
-3176
-3088
-3321
-3247
-3279
-3383
-3300
-3479
-3303
-3354
-3393
